37.17 658.32 2 6605.30 6807.56 7212.83 6554.01
40.08 1704.13 2 2523.90 8050.86 3054.60 9670.24
53.04 651.81 2 3552.83 7442.10 3070.85 7880.90
63.33 2766.53 2 6427.40 4238.07 3764.75 3487.09
67.46 2272.87 2 8996.87 8054.30 8023.64 6000.33
71.46 1372.85 2 4705.37 8663.93 5835.75 9443.01
75.17 3058.33 2 8432.84 3742.30 6473.42 6090.50
92.74 4637.16 2 6473.80 6776.95 2690.84 4095.07
99.63 4081.67 2 6405.95 8614.92 2611.47 7110.94
116.52 1126.19 2 8306.53 1049.14 7187.66 1177.35
119.06 4353.04 2 9065.27 6718.68 5073.15 8454.19
120.89 1444.69 2 6624.83 2699.77 6056.34 1371.64
121.12 5555.90 2 2519.99 4666.98 6771.96 8243.11
121.22 1261.05 2 1140.13 1062.64 1986.47 1997.49
122.19 3209.73 2 1686.06 7644.84 4895.77 7635.69
122.83 3441.61 2 7789.41 4875.81 6310.33 1768.24
123.86 2692.86 2 5886.71 1670.20 8238.44 2982.02
125.37 668.30 2 2905.67 8015.96 3127.07 7385.40
126.32 5716.00 2 3971.53 1023.12 5115.14 6623.55
131.96 4298.21 2 712.16 8894.26 5004.77 8674.98
135.17 1058.73 2 949.98 7582.04 458.89 8519.99
136.09 1904.34 2 2629.94 5231.46 2016.73 7034.37
141.68 4583.99 2 1373.65 2002.97 4091.92 5694.04
143.19 559.27 2 9734.45 1306.55 9203.98 1129.37
144.61 5930.69 2 9974.69 2594.26 4185.66 3882.75
144.86 3143.05 2 6505.40 373.63 8765.44 2557.89
145.61 3380.56 2 4033.92 2284.18 7271.69 1312.06
146.06 7103.06 2 9115.15 6473.72 6011.42 84.64
146.90 1144.94 2 7969.10 1130.57 6961.70 586.46
148.87 5943.70 2 7265.50 2223.63 5346.35 7848.97
152.43 2621.51 2 2953.51 394.06 4963.55 2076.94
159.85 1192.55 2 7045.68 6779.29 7675.29 5766.49
159.96 6098.06 2 1830.68 6797.12 3356.32 893.00
160.37 5918.29 2 3313.17 2605.59 2940.51 8512.14
165.74 3986.79 2 6535.68 197.42 6897.50 4167.76
169.05 4052.42 2 3802.54 5472.82 4743.96 1531.27
169.06 3953.21 2 6951.92 6303.11 3011.16 6616.65
169.16 2958.00 2 4642.77 998.09 1747.02 394.45
171.09 4954.33 2 2908.28 7278.32 5963.70 3378.35
176.97 5848.67 2 880.41 6144.80 6334.88 4033.93
177.05 6452.39 2 3816.69 2983.56 540.62 8542.40
177.21 7460.26 2 353.19 7080.69 5720.42 1899.15
180.84 6442.01 2 9066.21 4575.71 3163.83 7156.68
181.19 5659.53 2 6935.25 3443.50 1289.31 3835.50
184.66 5533.00 2 8879.74 9954.72 3427.33 9013.84
188.20 6109.93 2 1905.77 6767.48 6266.87 2488.23
189.54 1477.00 2 6190.66 3045.98 5083.38 2068.51
195.39 8769.36 2 8923.74 2987.91 1499.29 7654.74
195.44 3071.94 2 4112.84 459.72 2616.13 3142.38
197.22 4061.13 2 6633.55 1705.12 3575.27 4377.15
198.20 9109.92 2 2984.76 1081.05 638.37 9883.61
201.39 1369.29 2 7215.59 1069.62 6108.52 1875.43
201.51 6075.39 2 7340.77 5896.93 1689.85 3665.91
205.38 8468.93 2 1279.44 2586.52 8083.44 7629.18
210.59 1529.56 2 8374.66 5888.11 7721.45 4505.05
213.10 755.21 2 7014.94 8607.08 7118.74 9355.12
214.15 4607.40 2 3857.15 8506.72 7998.99 6488.46
216.84 10741.76 2 200.52 7803.04 7675.73 88.98
223.64 8381.90 2 6344.99 47.14 2735.28 7611.93
224.53 5326.56 2 6218.07 8784.76 929.51 8149.64
225.92 4296.23 2 5231.03 7005.80 952.42 6617.13
227.90 4295.04 2 2485.77 3457.49 6762.96 3848.77
228.15 8207.31 2 3731.01 140.77 3222.13 8332.29
230.53 4126.42 2 8694.16 748.65 4916.48 2408.92
237.33 7666.74 2 5347.33 485.87 9946.80 6619.70
238.12 10205.96 2 8406.39 8764.95 1811.36 976.03
239.11 3755.65 2 2229.18 4544.60 5601.51 6197.58
248.50 4625.03 2 4973.73 6533.73 1026.43 4123.39
249.06 5252.82 2 8390.33 5583.44 9877.92 545.66
249.23 7261.49 2 9068.80 8352.32 6690.22 1491.44
251.13 9456.57 2 9653.28 3833.16 377.25 1994.14
255.13 7356.39 2 2558.92 2311.60 9886.66 2960.22
256.96 7548.10 2 900.83 5117.05 7235.64 1012.90
262.12 6805.92 2 9424.67 1593.95 4160.28 5907.50
263.54 9377.11 2 3592.51 1884.26 9480.84 9182.05
265.80 5690.06 2 4032.77 2350.00 4590.95 8012.61
265.82 6890.82 2 8022.65 6783.93 1812.61 3797.51
267.63 6481.29 2 5650.12 9778.96 6698.44 3383.01
278.01 7900.34 2 1828.69 4007.78 9623.10 2718.33
284.15 5607.50 2 457.78 1641.55 1404.49 7168.56
284.99 5949.35 2 4731.34 6571.67 7159.14 1140.23
290.66 6032.85 2 9644.34 2919.84 5219.85 7020.96
290.94 7246.76 2 6433.99 1569.27 8488.46 8518.71
291.46 5072.84 2 6005.46 8826.96 5041.10 3846.63
295.85 5492.66 2 4829.32 5083.33 9211.62 1772.02
298.45 6122.43 2 9302.16 3928.96 4570.46 7814.20
300.18 9909.19 2 9331.24 3306.04 27.38 6716.33
300.61 5230.34 2 4127.45 7000.14 7484.27 2989.13
301.20 5660.08 2 5785.54 7304.95 1283.82 3874.06
301.58 7378.83 2 4480.99 8565.89 4470.68 1187.07
304.57 8728.32 2 3585.99 288.16 6844.64 8385.36
310.61 7630.41 2 5571.31 1.70 908.96 6042.03
315.58 7379.18 2 7593.20 2217.47 3413.57 8298.84
321.08 6953.90 2 6584.57 9561.90 1346.36 4988.29
327.60 6780.20 2 9795.01 9159.10 7623.75 2735.96
340.82 9540.83 2 9701.45 503.51 2227.07 6433.17
351.52 9475.78 2 6714.74 9503.55 3633.42 542.75
352.58 8728.85 2 7167.88 1077.66 4144.70 9266.27
361.59 8879.56 2 5303.64 485.72 9353.08 8388.16
390.13 9806.29 2 9635.94 9704.92 4528.46 1333.72
