28.47 523.28 2 8294.05 6185.20 8617.07 5773.52
31.98 499.13 2 797.92 2327.91 1010.01 2779.74
40.46 1323.14 2 8474.94 6037.26 8071.28 7297.32
63.69 184.71 2 7625.11 5393.79 7786.26 5303.54
83.06 2352.94 2 8763.68 3146.78 6554.39 3956.32
85.52 3076.00 2 6356.84 3648.32 3701.81 2095.07
97.95 3497.57 2 1711.39 7291.27 1634.02 3794.55
103.62 2581.22 2 2668.25 6409.62 1115.52 4347.65
105.93 4496.35 2 5362.28 9731.16 3785.34 5520.41
107.44 5171.84 2 4219.22 297.97 2186.38 5053.55
114.52 3326.09 2 9961.21 5291.14 9710.78 8607.80
116.97 4348.68 2 9895.23 6400.00 5569.50 6846.14
122.87 6143.63 4 6394.27 250.11 7045.72 458.24 2750.29 2232.11 2278.98 2893.88
123.99 6099.69 2 7364.71 6766.99 8921.80 869.39
126.49 5024.70 2 2669.78 9366.55 6480.35 6091.31
136.60 2029.97 2 2498.06 9232.66 4431.31 8613.49
137.34 1766.83 2 4856.41 2137.47 4010.40 586.35
143.31 3165.40 2 709.93 6311.03 2289.42 9054.20
147.02 3850.77 2 4752.82 5498.04 2650.57 8724.33
148.60 7129.87 2 265.36 1988.38 6498.84 5449.41
150.23 2311.72 2 3789.73 9853.09 2652.03 7840.71
151.48 2873.94 2 1902.09 4486.14 4218.82 2785.45
153.00 7150.06 2 8058.19 6981.39 3402.51 1554.80
153.72 3286.23 2 969.31 4310.51 4235.79 4670.25
154.72 3836.00 2 3380.86 5883.09 2301.15 2202.17
160.13 5806.32 2 909.09 471.16 1096.49 6274.46
160.59 1029.46 2 7176.12 2035.97 6342.38 2639.84
162.33 4316.57 2 4381.00 5175.76 1210.04 2246.97
165.71 785.50 2 9039.29 5455.90 8345.95 5825.10
167.10 6355.06 2 5613.68 2627.42 5845.86 8978.23
170.64 6832.03 2 3154.53 2677.41 2109.83 9429.10
172.64 1731.80 2 1070.36 5532.24 2723.48 6048.30
173.37 5768.27 2 2984.45 6389.49 6089.70 1528.39
173.71 8285.69 2 2204.41 5892.66 8094.30 64.99
174.69 6834.52 2 9145.48 4588.52 2648.80 2466.28
174.96 6648.21 2 3994.01 2193.21 9975.38 5095.26
178.20 5309.94 2 4231.38 2117.98 5392.96 7299.31
181.80 1090.10 2 8646.06 9762.06 8107.72 8814.16
183.05 6052.38 2 5.72 3241.56 194.77 9290.99
185.58 4679.15 2 4026.21 3393.03 8616.73 2486.56
186.45 3222.50 2 2042.59 7161.92 2386.86 3957.86
188.99 6949.62 2 114.81 7207.22 6817.10 5369.70
190.10 704.89 2 9392.37 1153.42 9704.01 1785.68
191.43 8971.32 2 9572.13 3365.95 927.46 967.16
191.94 7296.79 2 7920.79 4221.60 635.28 3816.19
193.20 3659.91 2 4192.25 5836.72 5227.83 9347.06
200.82 3340.89 2 6539.76 78.23 8171.04 2993.79
201.74 4587.01 2 9687.09 5791.80 5421.95 7479.76
204.05 3602.72 2 8337.45 7035.40 6116.78 9872.33
207.57 3078.65 2 6371.13 2619.55 7412.31 5516.80
208.46 723.20 2 9403.64 6773.18 9028.06 6155.15
213.23 4761.64 2 8902.87 2462.15 5945.19 6193.82
215.80 6289.95 2 7290.76 6733.65 9841.65 984.18
215.85 8092.48 2 4537.24 9538.16 8758.53 2633.89
216.07 5203.37 2 571.65 5841.78 5028.50 8527.20
217.05 8052.69 2 5005.86 1786.52 9126.28 8705.19
219.15 1857.40 2 3851.95 5765.88 2547.23 7087.85
222.41 6820.51 2 4726.71 7846.19 8074.97 1904.10
224.38 5819.02 2 5557.68 7184.08 1547.97 2967.08
224.89 9644.39 2 8428.52 7760.00 2290.48 321.00
226.51 2325.29 2 7285.45 3136.77 6062.09 5114.23
234.73 3636.31 2 247.86 7365.64 3321.85 9308.16
237.76 3987.88 2 4063.77 6206.62 1545.53 9298.81
238.99 5749.55 2 6716.90 2999.97 3161.77 7518.64
246.60 8630.10 2 2011.51 3117.16 9951.49 6498.78
247.22 3660.83 2 6414.82 3996.78 9811.50 5362.16
248.34 6617.14 2 5950.35 6752.13 2352.04 1198.87
248.50 2525.22 2 4298.88 5799.85 6547.06 4649.88
249.34 9166.85 2 8780.10 9469.49 856.53 4859.90
252.42 3020.92 2 4024.00 2956.55 1272.88 4204.46
252.85 8442.31 2 2142.37 1323.12 9355.14 5710.43
253.90 7695.17 2 9689.96 9263.67 8486.96 1663.11
254.53 8626.55 2 8596.35 708.57 2380.05 6689.78
256.15 9407.30 2 692.13 7606.02 7658.34 1283.91
256.35 9617.44 2 8787.22 8316.66 3075.14 579.25
258.31 7615.60 2 4550.08 4230.07 9573.18 9954.23
269.76 7788.02 2 1574.33 9607.79 801.11 1858.25
273.75 6487.64 2 4235.76 2766.80 35.46 7711.19
274.89 4244.58 2 7197.54 3003.22 3092.85 4083.93
275.61 3980.70 2 3009.50 5479.37 4.06 2869.14
277.05 7452.46 2 732.61 2131.54 2652.00 9332.59
278.94 9046.97 2 5503.25 505.88 9992.82 8360.28
280.80 5640.10 2 2224.34 8165.87 4603.03 3051.91
299.00 5749.85 2 16.91 9255.75 5384.52 7194.30
306.87 8843.42 2 8808.64 8792.70 3695.27 1577.47
308.58 7729.20 4 7961.22 8607.03 8022.35 8640.64 8989.25 2100.77 8107.49 2668.06
309.60 7879.85 2 1480.94 1274.46 3082.58 8989.81
313.04 6251.86 2 6642.38 3302.00 3139.16 8480.15
317.05 7552.72 2 7873.75 1080.96 8721.67 8585.93
319.64 8881.94 2 4885.32 9053.36 8461.04 922.98
324.49 7724.50 2 7953.45 2275.95 236.64 1931.30
327.91 7095.53 2 7419.50 6706.29 3642.21 699.74
331.77 9788.25 2 6633.89 9389.30 1342.91 1154.29
336.37 9418.64 2 4276.87 96.70 752.44 8831.06
340.15 10707.72 2 725.43 4582.86 9984.54 9960.96
344.89 9444.66 2 2495.30 1027.94 7801.16 8841.35
345.24 8662.20 2 3282.62 8643.53 9668.89 2791.25
352.14 8707.09 2 9625.34 2654.66 1084.03 4345.64
