42.51 2025.31 2 4896.40 1485.95 5385.81 3451.24
52.36 2417.77 2 5519.17 5434.30 4553.45 3217.77
56.40 2020.24 2 5259.51 4569.28 7224.44 4099.79
74.41 720.45 2 6591.82 8383.37 6282.48 9034.04
79.63 1081.69 2 6366.18 6208.91 6777.64 7209.28
89.91 3495.61 2 3385.61 6927.05 6498.37 8517.65
111.15 3357.42 2 3455.66 5875.72 6389.39 4243.09
116.96 5148.21 2 5901.80 8697.00 8741.90 4403.06
117.81 3490.68 2 4832.08 2372.06 5719.23 5748.12
122.66 3632.99 2 9926.92 2952.31 9779.44 6582.30
123.07 2653.37 2 8246.90 4818.48 8064.88 7465.59
126.34 6016.95 2 1886.52 6974.98 5717.98 2335.62
128.06 2702.85 2 9665.00 8601.41 7242.17 9799.42
129.71 4885.60 2 459.91 7961.43 2933.68 3748.41
129.97 3398.29 2 6463.41 3089.33 4408.23 5795.74
130.00 499.96 2 7417.18 5260.86 7456.65 4762.46
130.63 6031.43 4 8114.09 3860.79 8725.79 4436.79 6636.89 8207.48 6940.01 9034.24
133.00 4949.81 2 1455.70 5311.66 5659.28 7925.19
136.99 1149.33 2 1446.88 1299.92 2506.54 1744.97
140.46 6622.99 2 7755.44 436.47 7447.05 7052.28
141.70 4484.77 2 2744.80 5659.29 6857.99 7446.69
142.14 1507.25 2 1475.54 9005.31 28.36 8584.06
149.72 2086.07 2 1259.24 5645.78 686.10 7651.57
150.35 5617.60 4 2408.30 9128.29 2500.98 8453.04 1431.18 4611.50 1992.17 3846.93
152.70 7635.19 2 2828.39 2985.56 5869.38 9989.02
156.64 2632.24 2 8480.33 4547.17 6627.69 6417.04
157.22 3860.93 2 6723.41 5845.60 8224.17 9402.92
160.26 6012.96 2 2539.77 2553.27 93.97 8046.33
160.41 3320.56 2 7422.69 1545.23 4148.85 990.22
161.53 5376.56 2 490.44 6064.06 4967.27 9041.55
163.68 6784.05 2 7467.66 4339.71 984.43 6337.48
164.43 2921.38 2 5971.46 213.57 7867.95 2435.69
165.89 7194.44 2 8523.41 8593.42 3800.09 3166.61
165.97 5498.68 2 2861.94 7988.60 6070.65 3523.21
166.71 3235.44 2 3586.74 3981.40 1898.09 1221.60
170.29 4614.43 2 139.19 5365.72 4547.86 6728.28
171.93 7396.41 2 7187.17 7594.02 8723.83 358.99
172.90 1044.77 2 7502.84 8680.92 7210.61 9683.99
173.06 2252.91 2 4789.82 4016.17 6860.97 4902.69
173.75 2787.45 2 2379.32 3237.71 1742.46 523.99
177.06 4252.98 2 6704.86 7431.40 9459.74 4191.27
177.06 4353.19 2 971.92 8872.59 1356.64 4536.44
182.14 1407.16 2 6004.10 3516.46 5779.19 2127.39
184.51 4825.72 2 1397.77 9462.62 3043.65 4926.25
185.13 8356.44 2 6547.81 1543.61 4694.91 9692.04
190.32 2516.18 2 4515.55 2284.94 3389.32 4534.99
193.07 2253.65 2 8117.69 5563.71 5864.65 5615.86
196.33 6016.55 2 9672.70 8045.88 3657.75 7906.82
196.94 6247.02 2 3387.15 1151.70 9628.93 1407.57
197.95 7797.67 2 9012.09 6776.11 1579.76 4417.30
200.26 2113.03 2 3675.61 7626.06 5741.00 8072.21
200.76 9438.24 2 9808.18 4953.29 370.20 5022.91
206.49 5324.31 2 993.55 6856.80 5444.66 9778.43
211.57 9278.58 2 684.21 6311.61 9209.29 9974.26
212.33 7216.56 2 5308.52 9134.87 8304.73 2569.70
213.04 8852.12 2 1699.84 789.68 8708.40 6197.10
213.15 6557.28 2 1083.46 2338.22 250.25 8842.35
215.08 5954.24 2 4893.47 4081.16 9515.22 327.16
218.78 2138.97 2 6739.69 2721.03 6619.39 4856.62
219.53 2576.30 2 4007.84 1418.75 6331.72 306.57
221.90 7894.89 2 7323.60 901.33 2951.10 7474.81
230.67 7233.45 2 8238.55 9093.88 3021.90 4082.96
232.39 3619.62 2 8451.55 9745.47 8184.27 6135.73
235.05 2052.57 2 5757.59 5734.00 7094.99 4176.94
236.30 2615.11 2 76.87 3014.19 2112.34 1372.35
239.94 3496.78 2 7461.12 2151.33 4198.32 3408.96
240.30 7114.97 2 3705.30 4433.83 9505.55 8554.50
244.24 3211.76 2 4299.14 2832.46 6784.86 4866.33
244.41 6720.40 2 2071.57 2159.51 8696.95 3285.60
244.94 5946.88 2 5214.51 4580.43 9640.26 608.25
248.23 3511.38 2 4420.44 2731.67 7549.43 1138.18
248.95 9147.69 2 1756.40 1321.60 5394.08 9714.90
249.67 5583.35 2 6509.17 7689.63 7208.40 2150.23
249.72 5785.88 2 3251.85 9946.28 5305.57 4537.15
254.77 4538.43 2 2674.48 1804.16 7026.99 3089.85
255.06 5553.07 2 3743.01 1526.39 9229.85 671.33
255.81 6690.29 2 7780.17 5132.38 1090.54 5038.39
257.96 6298.03 2 656.82 2750.16 6330.77 5483.56
258.99 4349.58 2 3700.53 7215.96 7768.36 5675.94
267.48 9173.86 2 5614.07 9152.56 2213.67 632.17
283.34 4866.93 2 2555.20 3281.22 77.30 7470.14
285.03 7151.72 4 4159.90 950.86 3296.46 1222.31 4267.64 6651.08 3535.98 6653.41
287.95 7597.49 2 6054.27 991.78 7017.79 8527.93
287.97 5698.54 2 849.57 526.09 1574.10 6178.38
291.89 8394.33 2 9454.16 433.65 7832.27 8669.81
296.29 5414.54 2 1756.95 3802.07 7036.71 5002.62
305.41 6170.30 2 6671.33 454.17 3952.63 5993.25
316.16 10007.89 2 6610.58 257.80 148.60 7899.85
320.24 7712.21 2 3398.25 61.06 8698.63 5663.21
321.73 8286.57 2 6567.36 2242.45 1082.18 8453.73
332.55 8527.36 2 6426.99 262.54 9290.84 8294.61
342.66 7633.04 2 8333.54 8062.00 720.75 8617.64
354.50 11224.80 4 9097.01 734.91 8317.72 932.30 807.90 6082.97 965.64 7387.96
357.62 8081.19 2 1151.73 208.57 3247.68 8013.22
358.55 8027.27 2 6181.25 8320.26 9197.70 881.30
435.61 12180.58 2 423.02 187.42 9211.62 8621.10
