39.34 666.99 2 1728.07 2147.16 1871.51 2798.55
43.37 2168.54 2 3083.08 2650.08 1199.14 1576.15
55.73 1686.48 2 426.96 4609.95 1679.89 5738.84
75.88 3094.00 2 1307.15 8236.73 3722.40 6302.98
87.85 4092.45 2 3557.43 5134.60 6771.83 2601.67
92.36 2218.09 2 559.09 9963.92 2194.12 8465.05
95.65 3382.38 2 8834.24 346.49 6191.77 2457.85
98.28 3214.00 2 5258.14 6307.54 8021.68 7948.46
105.89 4494.29 2 6446.85 5823.24 2588.21 8127.47
111.95 1197.32 2 2379.96 9823.80 1678.87 8853.20
116.84 4342.04 2 2951.05 4119.92 5506.89 609.79
120.66 532.77 2 9424.42 1649.97 8897.53 1571.04
124.14 3207.16 2 902.57 2326.23 2188.09 5264.49
134.70 6235.23 2 7480.78 2498.53 4620.43 8038.97
142.92 5245.95 2 4846.79 9126.77 5023.93 3883.81
145.36 5167.76 2 7785.38 585.91 9915.31 5294.32
147.79 2789.58 2 4466.30 2652.12 2495.41 677.95
148.44 4921.97 2 7973.91 3548.05 8392.22 8452.21
149.57 1078.44 2 3694.02 4457.75 2632.96 4650.58
152.37 7218.52 2 9906.77 310.82 4043.92 4522.01
153.79 7489.51 2 8359.25 3277.94 912.13 2482.19
155.03 2851.55 2 3787.13 5460.24 1014.29 4794.89
155.64 5782.18 2 1798.16 3188.78 2190.20 8957.65
159.23 7861.31 2 6860.55 8263.87 6968.78 403.30
168.05 5002.59 2 8464.81 8606.69 9605.59 3735.91
169.39 5669.59 2 5636.06 5631.09 1882.34 9880.06
169.48 3774.22 2 2566.58 1080.35 12.81 3859.37
170.70 6735.17 2 9894.04 7819.16 3591.12 5445.18
172.52 5725.76 2 8816.26 4922.27 3090.53 4904.36
174.38 2819.18 2 1535.90 3608.29 4276.06 2945.49
178.87 843.44 2 3438.69 4108.90 3830.43 4855.85
179.20 4660.03 2 5655.50 9366.88 1406.43 7453.43
179.22 1360.84 2 3880.99 3973.55 3261.27 2762.01
179.76 6388.16 2 1761.00 5925.20 8062.10 6976.27
180.00 6699.76 2 6568.64 2665.27 8162.85 9172.59
182.34 7517.20 2 2797.76 1372.36 1994.58 8846.53
187.92 3195.92 2 3083.53 3974.67 4890.97 6610.40
192.60 8430.02 2 8216.85 3949.99 294.82 6832.13
195.12 5855.90 2 5889.50 1753.52 3068.23 6884.98
195.94 4996.89 2 7325.84 9691.02 8845.52 4930.82
196.80 3540.05 2 911.37 5441.26 1848.81 8854.93
198.37 2518.36 2 4353.93 9972.69 6272.26 8341.08
201.08 9053.87 2 1287.92 9050.78 8293.56 3315.50
202.68 4833.89 2 7319.85 5470.46 8981.24 931.05
203.87 5193.65 2 8640.51 6509.70 6871.60 1626.57
205.67 5783.49 2 887.26 7089.66 6391.03 8866.54
209.75 9587.68 2 218.00 644.72 9024.96 4434.31
211.92 4995.88 2 1012.58 2055.50 1899.84 6971.97
214.43 2921.38 2 5225.62 4195.94 4144.42 1482.00
216.32 5715.82 2 737.09 8457.62 2949.09 3187.17
216.95 7647.47 4 7169.38 9187.81 6935.60 9288.45 8442.84 3235.89 7869.92 2232.37
224.52 8126.02 2 6.83 9178.96 2014.64 1304.90
226.64 5931.86 2 5940.31 6136.45 4827.37 309.93
228.36 4418.06 2 9027.77 7143.06 5021.01 9004.55
228.60 9230.14 2 7668.42 9996.06 9739.80 1001.34
228.76 2938.23 2 8970.31 202.33 8173.86 3030.55
231.37 4868.39 2 9707.06 5897.26 5536.02 8407.97
234.02 3501.04 2 6089.62 374.66 2754.14 1438.53
235.83 3891.57 2 5879.34 7583.77 9396.50 9249.28
236.59 4129.73 2 4581.57 8734.66 7865.51 6230.58
239.22 8461.10 2 9419.23 3955.96 1010.32 3017.65
239.24 3261.95 2 8689.00 1343.86 9742.19 4431.11
241.93 7896.39 2 6023.89 9210.38 9675.32 2208.95
242.01 5300.62 2 8184.05 4186.32 5355.14 8668.94
242.02 6401.17 2 7220.38 7299.74 2652.65 2815.23
242.76 9437.99 2 9139.80 282.07 7005.61 9475.59
243.78 8489.04 2 9606.62 6491.80 1742.03 9687.43
243.80 5589.88 2 6674.68 857.07 3437.91 5414.49
248.96 9147.87 2 219.13 5866.09 9172.24 7743.66
250.07 8503.56 2 1273.48 7288.31 9487.88 9486.98
250.24 11912.11 2 1397.93 119.57 8303.72 9825.67
251.45 3572.57 2 7594.93 8671.89 8210.17 5152.70
259.13 5856.58 2 8004.50 6775.35 6202.73 1202.82
259.65 3382.26 2 3724.67 5940.44 1775.84 8704.81
259.92 3895.79 2 1589.72 3111.23 5067.95 1356.50
263.04 5151.86 2 5626.84 1009.90 2860.93 5356.33
267.48 7374.21 2 6620.20 6002.16 1996.75 257.36
271.38 7468.80 4 1708.32 2918.11 2262.42 2685.62 819.36 8437.69 616.39 7522.35
271.52 8376.08 2 9516.62 742.00 1701.05 3754.58
278.12 10305.93 2 1364.52 1575.04 9486.94 7918.43
286.49 5724.38 2 2803.47 4916.19 6961.83 982.17
286.52 6026.08 2 6086.55 6936.61 387.83 8895.74
287.14 5556.98 2 8258.23 2694.20 4167.73 6455.55
287.60 8579.92 2 2375.48 496.35 5717.70 8398.55
298.54 8027.00 2 4748.24 8816.54 4762.62 789.55
305.99 11199.33 2 3916.01 9942.83 9651.84 323.83
306.74 5536.89 2 7489.61 6888.51 2850.69 3865.66
310.19 8309.44 2 7571.89 1728.79 9843.68 9721.65
318.99 6549.32 2 9180.31 7046.34 2739.77 8235.06
325.31 6965.65 2 8329.30 8369.77 2494.90 4564.49
327.81 7990.28 2 3314.94 2375.79 7457.50 9208.35
331.98 6899.07 2 5868.80 3497.60 1635.14 8944.92
333.00 7149.78 2 5051.26 6354.10 1238.73 305.63
334.84 9441.91 2 8084.61 1261.86 4233.75 9882.80
343.53 8276.27 2 1879.36 2113.91 8239.69 7409.45
363.79 10689.71 2 2578.86 9108.04 9141.74 670.12
368.22 8510.94 2 1629.07 5722.58 9649.18 8571.11
398.26 10712.76 2 8512.95 8793.33 289.48 1927.63
