36.92 1746.00 2 847.52 1339.48 1178.62 3053.80
46.70 1334.88 2 2748.53 5376.09 1682.09 4573.21
50.31 1715.36 2 6846.97 4156.30 8398.92 4887.00
57.26 2563.05 2 1378.67 3837.10 1857.54 6355.02
57.36 2268.19 2 536.11 3590.39 95.83 1365.35
64.81 440.39 2 9363.36 3690.71 9502.54 3272.89
71.90 3195.07 2 6934.33 6452.60 9999.00 5549.13
74.14 1706.79 2 2810.85 5387.69 3236.54 7040.54
79.18 2058.77 2 2066.20 2069.43 593.58 3508.15
81.33 3566.29 2 4896.42 1402.97 3145.80 4510.01
82.99 1049.52 2 5344.24 2178.30 4296.43 2118.51
89.60 4279.88 2 1830.45 6934.37 5108.25 4182.39
104.87 5243.39 2 8137.38 7059.88 2974.45 6144.85
107.88 2894.05 2 7614.74 6762.35 4894.59 5774.26
108.07 3803.73 2 8167.29 4390.70 9939.58 7756.32
109.18 2858.80 2 2687.17 4142.25 4519.92 6336.28
115.96 2598.01 2 2685.37 8283.44 3377.55 5779.34
125.45 2972.48 2 5661.42 4853.38 3437.40 6825.52
125.56 1077.96 2 6075.93 7789.70 6904.76 8478.92
126.39 5619.53 2 8152.16 9638.29 5054.38 4949.70
127.70 2784.87 2 9580.32 2023.18 6885.92 1319.13
129.05 5152.71 2 8226.11 416.11 7189.80 5463.53
134.29 2014.45 2 6500.20 4400.99 7224.32 6280.80
135.05 3052.38 2 6499.97 1589.77 9327.26 2740.19
135.77 4088.30 2 8801.25 930.95 5156.13 2782.26
144.77 3338.64 2 1655.25 3963.42 3055.09 6994.41
149.73 5786.64 2 2369.46 8107.03 5879.24 3506.31
156.20 2509.89 2 6584.05 3016.49 5177.49 5095.23
158.12 6805.86 2 7425.18 7659.20 5497.26 1132.11
161.66 6682.92 2 9897.76 1024.16 8300.71 7513.45
163.39 7269.44 2 826.71 308.61 7610.57 2920.90
163.65 6682.57 2 2977.09 9993.13 4497.32 3485.77
167.82 5991.18 2 8660.79 2496.77 7113.95 8284.82
172.37 4318.45 2 4223.14 1321.75 708.28 3830.70
173.20 1959.89 2 4533.72 6088.32 3092.90 7416.94
180.56 2928.03 2 6285.71 5010.49 4154.32 7018.11
181.82 6091.16 2 4584.49 6641.44 3582.23 633.31
183.02 7350.88 2 7107.54 6327.71 1659.82 1392.35
187.64 8182.04 2 1142.07 7751.13 8232.83 3668.62
188.31 4815.61 2 9929.40 1428.53 5305.08 84.75
189.07 3153.58 2 3099.07 5113.05 2031.97 8080.60
191.77 1188.64 2 2006.71 5638.07 3039.09 6227.18
193.28 7463.91 2 6792.99 952.25 9627.72 7856.91
195.22 1961.05 2 8574.85 5528.65 9139.48 7406.66
202.39 6019.36 2 4768.07 1327.00 2261.91 6799.83
202.50 4424.79 2 9339.24 1319.83 8608.14 5683.80
204.31 7315.28 2 24.73 7741.35 7327.24 7309.32
206.66 1833.01 2 4639.27 5916.91 4933.61 7726.13
207.60 3080.11 2 5766.52 770.70 4551.98 3601.24
212.24 4812.24 2 3654.12 6829.42 7627.26 9544.53
215.71 3385.32 2 4996.10 5668.86 3676.88 2551.16
216.45 1822.33 2 5298.14 2381.68 4920.29 598.95
217.48 3973.85 2 1638.33 9530.16 5230.05 7829.87
218.39 7119.62 2 6545.88 2503.89 3718.44 9038.00
218.89 4544.66 2 5363.90 3907.32 6342.94 8345.26
219.03 5851.67 2 2769.68 842.49 5533.97 6000.08
219.43 8671.42 2 9187.69 9924.86 8670.48 1268.88
221.08 2353.79 2 63.78 4100.36 2329.98 3464.24
225.21 9160.42 2 2893.33 2673.43 8580.17 9854.88
231.60 5979.86 2 5939.30 5282.87 9776.97 9868.83
231.77 8188.63 2 484.09 995.75 7838.90 4595.82
233.10 2455.13 2 8972.87 5197.59 7008.47 3724.92
233.39 4069.34 2 5088.25 440.38 8629.28 2445.51
235.62 6981.12 2 1513.74 4117.10 6865.66 8599.63
237.70 3984.98 2 4193.69 3218.02 4162.57 7202.88
241.09 8054.31 2 2341.44 6554.85 7036.98 10.86
247.23 4361.41 2 2712.58 778.87 3728.08 5020.41
252.51 4325.43 2 8448.47 3273.01 5530.91 79.69
252.75 9137.44 2 1242.37 8576.52 4412.86 6.76
255.83 8591.66 2 92.87 6955.97 8171.09 9881.55
264.68 8833.98 2 7307.63 1024.27 3133.51 8809.89
265.27 8263.49 2 3840.32 9632.49 3145.04 1398.30
266.90 7444.76 2 7703.67 166.89 675.33 2621.85
267.71 8885.34 2 1371.29 7734.60 7531.58 1331.46
269.65 3882.27 2 8008.17 7007.26 7353.53 3180.58
270.70 5335.15 2 9540.79 689.26 4650.94 2823.07
274.37 7218.51 4 6810.56 661.15 7406.58 1194.43 6986.76 7299.58 7079.01 7015.00
274.54 7526.77 4 824.28 5365.65 1029.05 5739.12 6160.47 2774.68 7227.78 2284.04
275.93 4396.42 2 8199.63 748.30 5678.21 4349.83
278.39 8419.41 2 9546.72 4948.88 1127.44 4995.83
281.12 6355.94 2 4717.65 3829.79 1500.85 9311.60
291.68 9184.12 2 7478.44 2955.42 545.69 8979.13
300.53 5226.66 2 5847.08 1554.11 1643.75 4660.55
301.68 8484.10 2 8464.68 579.06 862.13 4344.84
305.99 10399.54 4 866.88 1004.65 398.27 604.69 7524.46 5895.74 7892.90 5066.11
310.86 8543.03 2 7207.66 1669.63 1269.31 7811.24
316.78 8638.87 2 8071.08 2719.81 638.72 7123.23
323.60 8079.86 2 9019.41 1793.44 8043.38 9814.14
327.50 6475.13 2 4065.13 5359.25 9646.35 2076.36
327.67 7483.30 2 6573.04 8490.06 7272.15 1039.49
331.51 7075.66 2 9642.18 2367.72 2609.91 3150.09
335.73 7086.41 2 2719.56 746.87 2027.13 7799.37
340.72 9935.91 2 2687.64 8864.15 7714.30 293.56
345.06 8652.93 2 1954.22 9004.43 7604.82 2451.27
352.56 8827.96 2 8395.74 8771.99 9509.90 14.62
362.06 8803.21 2 9745.55 849.02 955.77 1335.14
367.58 9279.20 2 9969.59 7116.52 930.27 9212.74
