59.47 873.28 2 8767.82 3684.27 9448.89 3137.68
62.10 2405.10 2 4788.92 4774.72 4833.73 2370.03
69.26 3363.20 2 2049.86 4412.20 5287.20 3500.75
80.84 2141.87 2 2469.63 8833.46 553.25 9790.05
83.37 768.66 2 8947.15 7293.34 9707.79 7404.17
83.95 3597.27 2 9188.19 2431.58 5644.87 1810.90
97.33 466.71 2 7118.40 7648.14 6906.83 8064.14
108.21 2410.33 2 4995.18 5693.83 4985.90 8104.14
108.22 4611.20 2 6402.10 793.59 2222.60 2741.65
109.04 5451.80 2 2980.39 9769.84 2318.46 4358.37
113.57 1178.65 2 3645.66 7416.54 3387.32 6266.56
114.46 3122.87 2 5520.31 7782.68 7867.69 9842.32
114.83 5341.28 2 1132.31 6317.48 5352.20 9591.90
114.96 5248.20 2 2639.46 7926.46 6009.27 3903.03
116.62 4631.23 2 6688.14 8483.44 2209.42 7304.71
117.12 4756.21 2 8326.06 4690.75 3733.13 5926.27
119.93 1796.34 2 5903.10 8463.27 5530.68 6705.96
120.54 3627.22 2 5944.11 9162.27 5253.47 5601.40
124.93 2346.40 2 1210.67 4588.13 3194.88 5840.54
125.34 5366.89 2 4551.02 3691.91 9024.65 727.08
130.34 2716.89 2 6211.52 6707.11 7378.36 4253.55
130.87 343.56 2 7907.54 2906.11 8108.84 3184.51
135.05 3252.39 2 6862.69 172.18 4414.43 2313.23
136.67 4133.26 2 4650.69 9394.49 2475.51 5879.90
137.76 4387.82 2 7639.07 3252.17 4706.89 6516.41
144.52 4325.75 2 2472.59 4373.45 3848.21 272.25
144.59 2229.67 2 3881.27 2423.32 4499.02 280.94
145.00 3549.81 2 5167.94 3456.32 3858.11 157.00
145.67 1383.45 2 1989.51 3946.66 3359.72 4137.63
152.27 6613.41 4 8572.00 6208.43 9068.46 5853.19 9277.73 7559.54 5417.02 5703.22
160.43 4821.53 2 6861.18 2923.36 9959.53 6617.60
162.54 3226.79 2 4484.34 648.26 1284.92 1067.57
167.42 8070.91 4 3463.55 6545.79 3225.20 5672.75 3622.07 1164.68 5716.53 2772.49
168.21 1710.25 2 3201.57 3253.33 4475.54 2112.30
168.57 2128.62 2 7450.50 6388.04 8883.37 4813.91
173.62 7280.86 2 3236.87 122.95 2866.53 7394.39
174.83 3041.67 2 6834.68 5018.60 9777.78 4250.52
179.55 4177.37 2 820.71 1898.82 454.42 6060.10
179.90 2194.93 2 4844.31 2919.61 3597.89 4726.31
183.62 1080.78 2 8956.34 8243.93 9454.34 9203.14
188.69 734.32 2 6360.52 7834.28 6306.72 7101.94
190.94 2147.08 2 3824.07 4367.26 2309.58 2845.33
191.76 6487.80 4 9299.33 9760.82 8401.66 9572.41 7909.63 7540.80 9456.04 4423.01
192.71 4535.54 2 9312.34 4835.05 9443.40 9368.70
195.82 9591.14 4 4504.01 2994.39 4381.50 3797.84 7475.08 6830.20 5505.29 2843.82
201.67 8783.52 2 8139.76 404.90 7789.72 9181.45
210.03 8801.57 2 9255.58 2904.50 1256.85 6577.08
214.57 8928.55 2 8697.29 1031.49 1347.31 6100.68
215.98 2798.84 2 2419.96 4370.95 3482.84 6960.12
217.39 2569.47 2 2928.81 1401.05 1647.43 3628.20
220.96 4148.23 2 1489.79 5263.95 1529.16 9412.00
221.03 4551.62 2 3282.10 8250.80 7487.61 6509.86
223.79 3289.32 2 9268.53 3844.27 6069.82 3077.51
224.76 7137.85 4 2779.61 6375.09 2243.95 5691.62 5536.16 7166.78 8142.22 7709.07
226.63 2231.40 2 7242.73 8677.80 5437.33 7366.43
227.17 8058.58 2 4436.90 1404.96 3997.30 9451.55
229.05 2252.37 2 4958.15 1657.17 3161.78 3015.91
229.72 3985.89 2 7046.28 4404.51 6544.05 450.39
230.22 4210.91 2 6805.32 1145.81 3432.76 3667.24
238.45 8322.32 2 1819.66 9495.72 4047.61 1477.16
241.81 9790.25 2 9975.32 1564.31 1859.04 7039.26
242.37 4918.67 2 4060.67 137.77 6711.17 4281.22
242.75 2237.65 2 1011.48 2523.82 2611.09 4088.54
246.11 10305.27 4 4064.20 2367.45 4688.63 2194.92 3718.59 7914.34 6412.26 5154.71
248.85 2742.40 2 8933.18 2298.23 6267.07 2940.57
251.91 3295.70 2 6874.25 3764.80 7387.40 509.30
259.80 3190.00 2 6027.38 6793.64 5495.16 3648.34
260.58 8428.90 2 1419.35 5215.74 8704.28 9455.56
262.94 6147.15 2 164.16 2862.58 3698.49 7892.10
265.29 7264.74 2 9343.07 4748.03 3713.93 9340.34
271.89 7194.74 2 6589.40 3537.92 119.38 390.99
274.33 7116.37 2 7373.88 5481.23 257.91 5405.80
277.49 5674.50 4 2252.64 6554.15 2967.87 6428.22 2111.66 2175.34 1839.78 2721.47
278.61 8130.56 2 9334.09 5158.91 1236.22 4430.45
288.36 5617.96 2 4013.78 2477.85 6074.69 7704.14
301.04 10352.23 4 332.37 4534.39 844.71 4731.34 6982.15 240.35 4794.43 25.22
303.96 5798.09 2 5795.50 9452.21 2107.57 4978.16
308.87 10143.61 2 1116.39 9785.24 7250.45 1706.49
313.12 11356.06 4 9822.19 6712.56 8863.65 6884.90 3041.58 4948.44 5663.59 8288.77
316.88 8144.14 2 9489.63 5537.31 1377.79 6261.93
320.68 10434.11 4 5291.82 5306.95 5641.22 4489.02 333.39 5592.67 2435.14 9140.14
350.97 8548.48 2 7100.55 181.78 7014.76 8729.83
363.72 8586.02 2 9696.33 9592.47 9110.30 1026.47
372.26 11513.13 4 7351.42 9363.19 7712.15 9163.04 3029.75 2446.95 972.79 383.81
381.80 11489.88 4 414.31 8292.60 231.04 8741.40 3357.15 3008.69 5706.79 6817.71
382.80 10640.01 4 7295.50 2357.12 7296.31 2598.50 646.21 7631.77 2117.19 9071.82
390.00 9999.89 2 139.12 5899.86 9686.06 8875.40
