48.03 2101.29 2 4675.25 1924.37 6719.74 2409.63
63.75 1987.73 2 3602.27 5201.41 4272.44 7072.76
72.57 1828.49 2 9655.56 6024.68 7850.49 6316.38
74.89 1244.45 2 5533.13 795.49 4850.34 1835.91
79.51 3175.71 4 7577.51 7462.10 6801.81 7963.14 6953.97 9557.29 6500.11 9090.78
88.39 3119.45 2 4170.88 866.78 6672.21 2730.73
93.45 3672.31 2 6040.71 9849.80 8894.94 7539.12
93.70 3984.95 2 8700.89 3958.56 5021.53 5488.97
112.02 2400.87 2 3427.54 9594.85 2125.65 7577.60
114.03 4101.37 2 5793.02 1906.14 4689.16 5856.17
117.32 2966.01 2 6356.04 3988.53 5752.95 6892.58
122.26 5713.15 2 6380.34 8752.39 9781.41 4161.88
122.43 4421.49 2 8045.01 6454.01 7899.86 2034.91
136.25 6212.49 2 7288.68 3863.35 5468.46 9803.21
136.64 5331.79 2 8688.27 5444.63 5444.56 1213.05
137.07 3753.50 2 9976.85 7486.80 9512.17 3762.18
141.81 6890.38 2 7116.04 4735.77 548.52 6820.24
144.73 7236.72 4 8146.18 4878.42 8279.09 4128.70 6320.07 3041.70 5402.97 7176.14
145.16 5357.88 2 6099.21 8070.53 910.59 6734.49
150.29 2614.52 2 4941.07 265.72 7493.00 834.41
152.02 5601.07 2 1577.52 9303.80 278.03 3855.56
154.51 5525.61 4 1532.90 5799.40 1221.93 5948.04 3638.12 2162.49 4264.47 1872.98
154.89 3044.65 2 987.28 4673.22 3463.22 2901.33
156.65 5132.27 2 8337.44 1829.32 3476.84 181.68
166.22 2610.76 2 3610.14 1973.86 6083.34 2810.12
167.87 6993.53 2 8500.94 9750.17 2278.58 6557.74
169.74 2087.11 2 3397.42 5099.37 3219.31 7178.86
171.14 2456.96 2 4965.73 2505.03 4520.84 4921.37
176.76 8338.14 2 1053.55 3534.38 9373.41 2982.62
176.86 5843.06 2 78.03 57.03 1051.99 5818.34
178.40 4720.23 2 2048.95 1132.56 6660.66 126.19
185.11 3455.74 2 742.60 6647.43 274.69 3223.52
188.23 8511.64 2 9426.47 6160.74 1694.11 9718.63
189.24 7162.00 4 9281.81 2423.66 8481.70 2448.85 8259.70 6371.60 6630.87 4564.99
193.88 5394.11 2 3746.58 6003.03 7101.89 1779.48
194.64 7631.80 2 958.00 7643.82 1803.81 59.04
196.50 5225.19 2 6555.41 429.31 1640.26 2202.43
198.55 5927.55 4 5196.75 8610.48 5291.32 9053.57 5453.16 7270.90 2151.05 8905.37
199.36 4068.19 2 3197.29 5276.18 5018.01 1638.17
200.68 6134.18 2 532.29 6232.45 6567.89 7327.76
202.76 2538.14 2 4055.39 1952.43 6573.64 1635.28
203.07 3653.62 2 77.79 4975.51 1634.21 1669.98
204.21 7810.54 2 6857.33 6788.89 2910.89 48.71
206.07 5903.51 2 6978.94 5463.84 1388.32 7360.27
210.08 7204.02 2 9390.11 8499.36 5295.99 2571.79
211.35 7067.72 4 3727.18 727.31 4353.63 1152.69 2846.78 4928.13 4651.96 6263.56
211.43 4371.25 2 7338.37 5591.33 7260.77 9961.89
213.03 5051.39 4 2087.16 8571.30 1576.50 8264.17 2829.13 6737.09 2556.19 4271.78
213.64 4381.77 2 6504.12 3927.03 6598.79 8307.78
215.45 1672.47 2 6897.20 5321.15 5241.34 5556.29
216.61 7130.48 2 8979.09 6899.50 4521.96 1333.74
216.94 5747.01 4 4682.81 8293.36 5072.01 8746.73 5370.18 7368.55 7540.12 4323.10
221.79 3689.56 2 4608.88 6682.93 2715.17 3516.44
223.69 4484.37 2 5484.98 5647.08 1178.05 6896.05
225.99 7899.58 2 2187.19 8638.68 9096.71 4809.60
227.51 3675.59 2 9553.27 7931.67 8294.59 4478.31
228.47 6023.28 2 2338.62 157.40 1711.16 6147.92
231.08 7753.96 2 1406.32 9673.62 9061.14 8437.66
241.05 3452.43 2 8700.02 4667.01 7985.34 1289.36
241.30 2264.80 2 2861.82 2859.98 1353.15 4549.13
245.65 5482.62 2 9077.75 1304.36 3610.07 899.91
245.73 5286.59 2 1954.47 3833.52 310.34 8857.95
246.45 7122.31 2 9530.85 70.59 3198.59 3330.93
247.00 6850.20 2 2988.66 4833.27 8069.20 9428.21
251.54 3377.17 2 7838.40 3607.61 5020.31 1746.52
256.63 6231.62 4 6412.41 9819.01 5775.49 9139.14 2423.75 7250.84 997.98 7530.64
259.68 5184.14 2 6602.44 252.40 6347.20 5430.25
261.49 5774.40 2 2731.65 9509.64 8019.72 7190.15
262.70 7135.23 2 2912.13 9290.87 4465.81 2326.85
271.28 4564.18 4 1487.68 6172.69 1954.48 6064.27 3533.13 5880.56 5285.09 7657.91
274.43 4821.42 2 4404.28 6571.19 3225.95 1895.97
277.05 6652.48 2 3147.98 661.43 4690.64 7132.57
277.99 5199.52 2 1525.70 2056.36 41.96 7039.69
279.91 9895.38 4 2830.32 7133.96 3503.03 7113.99 6415.13 1787.21 3843.80 3609.46
289.28 9464.24 2 4459.34 1108.17 8032.05 9872.16
290.71 5135.38 2 2149.60 7247.53 7005.87 8917.49
292.03 6201.30 2 289.87 4839.39 5682.44 7901.48
293.27 6563.45 2 8445.16 8209.46 3352.68 4068.74
297.24 5261.83 2 8155.77 2426.78 5030.29 6659.78
306.40 6520.18 2 3500.07 2300.03 4521.16 8739.76
310.31 7015.50 2 4498.50 3064.24 751.01 8994.97
311.81 8090.59 4 8119.97 4399.33 7957.28 4021.17 4356.30 5102.15 4389.78 9021.19
321.92 8995.78 4 5965.38 3638.77 5844.71 3383.28 1787.70 414.57 2679.74 3991.06
344.47 7923.68 2 4585.80 1713.97 6076.84 9496.10
346.66 9433.15 2 802.50 2464.53 9826.63 5212.16
361.98 8599.14 4 6270.16 1634.09 5855.36 2325.19 9011.42 300.13 7228.36 3928.99
