32.51 825.28 2 736.03 8959.87 116.15 8415.05
35.42 1471.12 2 2267.16 1169.71 944.91 524.85
68.77 1738.55 2 811.53 3010.14 438.45 4708.19
72.12 3505.83 2 3832.17 6865.76 2070.67 9896.92
73.13 856.69 2 4436.69 9230.89 4699.63 8415.56
79.79 3989.39 2 8492.07 4347.79 9862.17 8094.52
92.81 2240.52 2 9708.05 3172.48 9571.01 936.16
97.95 1997.71 2 7139.58 924.08 8913.55 5.46
108.56 1127.80 2 8700.70 2057.75 7623.02 1725.28
111.09 4654.29 2 7570.85 3327.15 7713.53 7979.25
116.65 5332.55 2 857.15 4488.78 6020.65 5820.82
119.81 3790.43 2 9101.15 9245.23 5947.76 7142.02
122.95 1747.27 2 9603.94 7073.64 8423.83 8362.16
127.07 3253.53 2 6546.54 5427.49 4755.86 8143.90
129.98 2699.19 2 5871.31 3576.56 8385.82 2595.28
130.11 5905.35 2 3164.36 9212.41 2500.49 3344.49
131.36 4668.13 2 6822.70 9299.68 8470.40 4932.01
131.99 5499.43 4 3648.02 3690.80 3265.33 4234.31 4718.43 4321.98 1685.32 5811.20
132.17 3608.39 2 4098.67 5971.11 3102.65 9439.31
137.37 5268.37 2 9668.62 3663.32 4457.51 4437.95
140.35 4417.52 2 8059.66 3117.54 3642.61 3053.54
140.68 4533.83 2 2580.58 7233.19 1160.10 2927.63
145.41 3570.69 2 4550.77 296.13 2443.91 3179.01
146.11 1705.41 2 8215.27 1034.00 6910.30 2131.95
148.80 1639.94 2 6742.98 6407.67 7428.30 7897.55
150.76 1538.01 2 5986.22 6839.41 6389.74 5355.29
159.75 3387.46 2 3957.56 4364.98 2747.51 7528.94
160.87 6643.71 2 7570.95 4789.37 978.15 3968.52
161.51 875.50 2 3978.28 5722.98 4476.89 6442.64
162.46 6922.81 2 3615.11 2637.33 2398.08 9452.33
162.47 7923.62 2 7432.41 1304.53 3863.29 8378.79
165.56 6178.15 2 3159.08 4645.90 9126.84 6244.47
171.45 7872.38 2 1101.34 6658.78 5726.57 288.41
173.08 6654.04 2 7923.80 7684.34 1632.15 9850.29
174.65 1832.65 2 6657.61 8417.33 4836.87 8625.97
181.46 3772.83 2 4952.47 4246.88 3247.52 7612.50
189.69 9084.65 4 5497.35 1561.64 4983.76 1916.43 1054.04 638.07 1285.05 4959.90
189.92 5296.15 2 8199.05 1485.52 2909.08 1229.72
191.33 8566.36 2 2327.50 3581.11 8025.69 9977.45
195.62 1181.09 2 1601.91 2414.17 813.11 3293.24
195.95 6197.66 2 904.74 9523.65 6314.66 6499.77
196.00 8500.16 2 1500.72 1857.20 9284.55 5272.56
198.28 1814.11 2 7396.74 5128.00 8919.40 6114.14
198.54 4827.08 2 6279.14 3379.40 1488.08 2790.78
202.12 7806.00 2 4010.44 7286.96 8618.67 986.34
206.21 3010.51 4 7377.52 3584.69 7299.21 3905.71 5646.59 3275.50 5053.26 3967.28
206.95 6247.27 2 3988.11 572.51 8943.43 4376.87
211.03 2551.55 2 9222.51 6362.58 9302.94 3812.29
215.35 2567.74 2 5105.22 5327.41 7357.07 6561.29
216.39 1619.65 2 6505.58 2325.23 4900.75 2543.80
217.00 6949.90 2 306.53 5697.36 6657.04 8520.86
221.35 6067.43 2 5185.19 9492.74 5975.97 3477.07
228.32 4716.11 2 6029.82 344.28 6648.54 5019.63
228.92 8746.07 2 4164.69 2168.34 9153.07 9352.33
231.64 5182.24 2 9669.09 6387.26 4884.54 8378.14
234.06 4003.24 2 2054.90 8787.64 6056.04 8917.39
243.81 8890.54 2 907.62 4929.21 8829.33 893.35
245.57 7078.48 2 6894.45 3909.10 1468.62 8455.01
252.61 4830.70 2 2880.20 4260.21 6354.48 903.85
253.66 3783.24 2 4289.19 4246.18 6890.67 6993.04
254.94 5946.87 2 3602.51 8361.01 3628.12 2414.20
256.30 8114.85 2 1458.55 2288.25 8429.59 6442.21
256.41 3420.50 2 118.65 2526.31 346.86 5939.19
259.11 9755.36 2 1920.56 74.40 1222.46 9804.75
260.49 5924.63 2 185.41 9119.37 1155.75 3274.74
261.43 4571.46 2 6026.76 8781.97 1485.20 8259.98
273.70 7184.79 2 2404.45 2674.65 2228.97 9857.30
274.24 8211.93 2 7925.11 95.49 337.33 3235.78
274.95 8847.73 2 792.34 9205.65 2617.12 548.14
277.70 4285.09 2 655.06 7089.09 2874.88 3423.79
277.98 3999.24 2 6409.96 9069.80 8635.15 5746.78
281.03 7851.67 2 535.13 5574.28 7659.62 2274.22
284.77 5438.29 2 8332.30 5191.03 3440.34 7566.68
287.82 6490.78 2 3463.29 2694.08 8124.98 7210.60
289.21 11060.70 4 289.27 1042.66 1035.29 1257.22 6502.51 367.71 2132.17 2216.57
294.98 8449.05 2 136.91 1064.78 6736.80 6339.98
299.38 5269.07 2 9775.34 6625.11 9963.75 1359.42
300.64 5931.79 2 4968.05 7083.92 1886.29 2015.50
310.26 6213.20 2 9082.02 1012.32 8958.91 7224.29
314.36 7417.99 2 3937.53 7990.59 890.30 1227.38
316.83 11841.43 4 9298.86 9109.39 8945.56 8823.08 2907.69 1298.80 1262.96 732.87
320.27 11513.67 4 2534.79 9985.66 2336.21 9465.62 3171.04 2916.41 7520.63 2703.37
320.96 7348.14 2 4860.46 1370.03 23.09 6901.31
322.36 8618.18 2 9217.01 1531.61 674.21 2669.01
335.09 10854.31 4 6327.36 7569.14 5766.03 6845.01 118.82 4963.66 3212.30 7476.92
338.88 11243.93 2 9804.00 9284.50 1042.26 2237.66
354.36 10718.15 2 487.81 9834.89 7951.63 2142.67
356.09 9404.42 4 9600.27 8216.80 9592.55 7935.88 4603.50 5825.68 2262.25 8699.03
358.77 11338.38 4 8297.80 8565.52 7878.42 9380.84 4687.98 4320.19 325.09 3501.01
436.14 12807.10 4 9579.73 2612.06 8963.83 2609.04 1894.80 7911.57 3696.16 5081.85
