29.10 1255.05 2 5493.74 1816.53 4395.37 1209.30
39.32 1565.91 2 7872.12 7283.03 9257.95 6553.96
46.55 1027.27 2 8825.06 2188.66 8082.42 2898.43
48.88 2344.17 2 8996.51 5538.00 7295.56 3924.96
57.40 2570.19 2 4687.72 633.22 6874.83 1983.21
58.98 2148.91 2 7994.03 6572.47 5851.77 6403.58
66.18 2609.07 2 7409.95 8815.59 9553.42 7328.05
71.14 2056.95 2 8107.63 7749.31 6112.13 7250.30
71.80 3590.04 2 5109.28 7755.18 6697.84 4535.73
91.21 3360.31 2 4178.75 4891.03 6446.06 7371.15
91.23 3961.73 2 1725.44 5766.48 5668.75 6148.09
91.83 2891.55 2 4387.96 1867.95 1743.31 698.82
92.89 3544.48 2 8945.22 2031.87 5559.44 3080.61
94.82 3840.95 2 2362.72 5506.59 2364.55 1665.64
104.26 3013.07 2 7527.49 985.56 7932.34 3971.32
105.49 4274.43 2 6533.20 7024.70 2445.21 5776.05
107.48 2674.05 2 7049.53 3721.93 5143.35 1846.56
109.69 984.74 2 6617.18 9255.31 7599.52 9324.02
110.08 1703.76 2 4700.97 2104.17 5934.85 929.29
120.91 4145.53 2 5270.00 4977.01 1125.13 4903.27
122.23 211.36 2 3590.16 3266.39 3666.91 3069.45
130.52 2226.24 2 1127.10 4026.96 1295.02 1807.07
133.77 1788.38 2 7766.49 1036.30 7643.60 2820.45
136.43 6321.69 2 9666.20 9566.91 9260.87 3258.23
143.52 3076.05 2 7004.02 4603.45 4665.53 6601.83
145.38 2568.76 2 5718.84 4314.49 3373.13 5361.48
147.86 5393.20 4 8953.83 3268.77 8833.71 2653.12 5795.79 5583.12 5542.10 6065.80
153.11 3255.37 2 1209.57 7216.71 4464.91 7229.99
154.67 933.33 2 6420.41 2218.37 7103.32 2854.56
163.30 5664.81 2 9397.27 8848.25 5186.24 5059.15
165.39 3169.30 2 6253.48 1406.11 3371.56 87.42
165.96 1998.23 2 2308.07 4948.57 603.09 5990.67
176.14 4807.24 2 1517.87 2072.46 1180.79 6867.86
177.54 5276.90 2 4779.69 6537.55 7349.22 1928.51
178.22 7511.01 2 9418.98 5710.44 2610.38 2538.96
179.32 4166.10 2 6603.37 4553.43 8768.73 8112.59
182.94 5646.82 2 5868.80 3482.48 240.30 3027.91
183.45 3772.38 2 3667.27 9676.76 7215.74 8396.46
185.16 7658.21 2 1804.60 4468.27 8248.69 8606.14
190.51 6325.52 2 664.08 8351.84 1630.05 2100.51
192.42 821.20 2 296.84 1204.96 54.67 1989.65
197.64 6482.18 2 1492.15 5771.88 7792.21 7297.67
202.63 4831.31 2 1288.07 8399.91 5914.01 7006.26
203.11 6455.42 2 6120.80 1963.33 49.12 4155.84
204.85 2042.50 2 424.51 4529.63 2465.03 4619.46
205.75 1787.70 2 8010.27 1749.81 7040.65 247.90
206.03 7301.56 2 2781.30 3021.04 9225.45 6454.07
210.86 8742.95 2 554.38 2464.89 9010.73 4685.11
211.27 8263.64 4 7905.86 8629.78 8146.73 8551.86 5479.79 1732.66 5738.52 1094.81
211.49 1874.39 2 3553.34 4259.08 4294.85 2537.61
214.01 8100.75 4 5689.21 3493.13 6374.27 3943.46 2105.86 7399.81 608.81 8378.54
217.10 3554.86 2 4251.70 1724.83 2460.98 4795.71
217.15 7957.53 2 7506.07 9975.46 7685.69 2019.95
217.17 2458.32 2 3611.21 5306.94 2755.48 3002.37
227.18 3458.98 4 5443.73 5168.52 5851.47 5246.16 8123.36 6701.94 8306.93 6994.77
228.50 5925.24 2 660.18 7421.12 6551.56 8053.62
232.84 9541.78 2 9149.81 2430.27 1492.40 8123.21
233.56 4277.92 2 1064.25 8367.70 2511.00 4341.85
241.60 3480.07 2 5651.31 1817.26 5316.92 5281.22
243.35 8867.62 2 7279.58 8985.40 8675.92 228.41
245.70 5285.07 2 4055.40 4963.87 9142.07 6398.39
246.91 2945.33 2 4255.64 3106.01 3303.32 5893.14
249.04 6252.20 2 9301.85 4224.60 3618.23 1619.54
252.90 5944.86 2 2610.62 8640.55 8277.68 6844.49
256.80 8639.77 2 535.03 6058.37 7460.21 892.37
258.45 6422.56 2 8619.64 223.80 2282.01 1264.83
259.26 7963.15 2 1004.59 2844.50 7898.37 6830.42
261.80 9190.16 2 9674.15 1451.84 484.16 1509.32
267.52 7576.22 2 9688.86 1186.50 2754.62 4238.62
268.58 3728.87 2 6551.03 5855.65 5438.78 9414.77
270.38 6919.08 2 2813.99 6500.94 9011.20 3423.90
270.71 6335.32 2 4428.12 6770.68 9980.40 3719.70
271.29 7864.35 2 6945.61 4965.58 170.89 971.68
277.02 8651.10 2 6649.23 9819.84 1501.28 2867.13
277.45 4272.41 2 6665.37 1243.23 2523.17 196.48
281.56 4978.04 2 4374.75 3936.24 8231.93 789.33
290.35 7017.60 2 1105.60 5549.41 7691.57 7972.59
295.87 7093.41 2 7925.30 5538.43 1003.77 3986.38
296.47 10223.72 4 1979.51 6229.74 2146.18 6669.51 7296.81 370.23 5962.03 1282.03
299.61 8880.30 2 8881.02 7785.21 256.46 9901.00
301.55 7077.55 2 4477.61 1481.32 304.82 7197.93
303.46 7373.04 2 7634.44 899.81 1618.74 5162.80
306.19 7209.42 2 9742.01 7043.04 4634.55 1954.86
308.07 8303.53 2 3685.66 8930.43 3082.59 648.82
310.95 8647.63 2 2496.97 1246.95 6161.37 9079.81
310.97 6648.74 2 6710.51 8721.68 2003.66 4025.80
311.29 6264.26 2 4750.03 320.85 9798.23 4029.84
317.44 9471.99 2 615.19 7188.41 9639.94 4312.22
323.67 6283.75 2 6310.75 2695.56 30.27 2492.91
328.21 8110.65 2 2291.89 797.08 477.98 8702.29
333.53 7676.66 2 8225.85 9194.56 4394.76 2542.21
336.80 7040.22 2 679.45 7149.03 7572.87 8579.20
336.84 7341.83 2 7550.96 7951.03 505.78 5885.14
351.23 11561.75 2 9240.20 2120.13 270.42 9415.13
351.94 9996.82 2 5141.83 387.30 266.45 9114.68
