55.70 1485.18 2 6275.63 3571.60 5123.78 2634.05
66.07 3103.32 2 9050.68 3574.76 6437.07 5247.98
77.25 3762.40 4 6321.26 6813.46 6178.67 6755.02 7676.32 4399.78 7391.51 5165.78
95.91 2895.49 2 3660.51 7064.18 1601.67 9100.12
99.24 3161.82 2 6619.05 8686.04 3550.67 9449.03
101.01 4150.28 2 1138.31 6277.85 3935.44 9343.94
102.99 1149.31 2 9617.43 6344.15 9692.44 7491.01
104.78 4738.93 2 5091.01 2092.37 9718.59 3113.63
113.30 5064.91 2 3085.69 4833.97 514.06 9197.46
116.23 5111.65 2 1024.03 1523.84 2268.22 6481.77
124.59 4529.30 4 1347.13 3192.98 2073.04 2916.37 2186.30 4986.09 3843.01 4709.43
125.82 1691.02 2 1344.27 8490.30 1280.06 6800.49
132.42 4620.80 2 6693.60 6625.46 2335.21 5090.44
133.54 2576.97 2 5751.38 6458.10 3844.71 8191.70
134.96 3847.97 2 5723.02 5447.69 6503.02 9215.78
139.32 5865.95 2 8783.41 4503.34 4464.09 534.37
139.87 5793.74 2 8824.80 2321.21 9735.23 8042.97
142.38 6719.16 2 7109.08 2801.57 447.12 3676.44
143.52 5676.13 2 9896.76 8194.03 4232.58 8562.25
144.41 4020.72 2 8975.60 769.23 6644.04 4044.89
148.41 2320.66 2 6356.65 2760.78 4036.05 2743.48
151.10 4555.25 2 4870.56 7407.24 9233.49 6097.59
152.67 5333.32 2 6618.89 6425.33 9959.30 2267.69
156.79 7839.40 2 6582.00 8798.52 1001.50 3292.70
156.93 4346.36 2 4795.13 6990.50 585.74 5907.99
157.66 1282.88 2 2412.00 2334.25 2526.91 3611.97
158.36 4617.78 2 5518.11 6455.30 9427.92 8912.40
158.62 1631.24 2 9367.91 9685.44 7794.88 9253.60
164.79 5139.45 2 4246.95 4419.53 3366.70 9483.05
167.54 3476.84 2 2207.07 4209.76 3580.83 7403.69
170.29 7514.66 2 5338.15 746.48 374.74 6388.70
172.31 5815.67 2 2546.08 1766.86 1223.32 7430.10
173.13 1156.67 2 2061.30 843.08 920.99 649.23
173.19 2959.37 2 9045.96 3813.92 6123.41 3348.55
178.43 5521.51 2 988.82 7877.36 2998.52 2734.57
180.61 7630.54 2 9763.27 5745.05 2934.44 9149.79
181.90 6495.06 2 5830.78 7970.97 239.66 4665.64
184.54 4526.87 2 9788.48 2686.65 5883.83 396.18
185.95 1597.34 2 9452.89 147.82 7984.32 776.16
188.66 1533.15 2 3200.84 3011.92 3306.68 4541.42
189.30 6964.77 2 689.73 3469.59 7388.66 5375.44
193.78 2988.90 2 3779.71 7389.37 836.92 6866.38
195.25 6162.74 4 8172.98 2033.96 8996.44 2087.57 4868.53 4497.48 4377.18 4233.77
198.22 1710.99 2 8086.36 721.02 9420.66 1792.06
199.43 2371.25 2 2288.40 4813.81 4125.53 6313.07
199.99 6299.56 2 258.30 9962.24 5914.91 7189.66
204.01 3300.53 2 2607.14 7816.68 4579.88 5170.59
204.90 9444.78 2 3227.04 492.20 4005.96 9904.80
206.73 4136.35 2 3345.23 635.46 7220.06 2082.86
208.41 1820.66 2 3264.41 8309.42 1682.00 7409.00
209.34 866.76 2 1010.29 2278.25 1743.09 1815.35
210.61 8330.58 2 5649.35 887.28 5592.11 9217.67
211.70 4484.97 2 8143.53 3233.76 9728.03 7429.51
213.19 1659.72 2 8928.36 2058.07 7401.89 1406.50
214.43 4321.34 2 2558.18 5493.26 4811.11 1805.68
219.86 3892.87 2 80.77 139.64 3222.31 2438.60
220.43 6521.74 2 9152.71 2778.85 8113.08 9217.19
231.94 6296.76 4 626.67 3040.45 1100.44 3837.30 3954.53 3604.97 4896.16 1282.41
232.45 6022.47 2 2181.85 5676.12 7822.95 3567.04
233.27 1863.27 2 7329.37 2541.63 8324.04 4117.20
235.50 9375.03 2 1750.50 904.70 8545.36 7363.88
236.11 8005.49 2 1253.75 4050.68 6644.38 9969.21
237.29 7464.58 2 9525.47 14.96 9973.82 7466.05
237.55 4677.33 2 4955.47 4354.47 947.59 1943.19
242.46 7922.89 4 1165.75 8906.92 937.87 8642.44 4156.16 4524.20 6142.68 3273.98
243.47 6773.54 2 8816.82 1401.12 8090.04 8135.56
248.37 6618.60 2 5826.48 1579.51 1827.08 6853.09
249.54 7276.93 2 269.02 1642.05 2453.13 8583.47
249.72 3285.83 2 2321.07 9773.15 1304.92 6648.39
250.21 5110.40 2 7230.87 5359.14 9650.29 857.74
251.11 3855.43 2 958.38 7882.61 273.08 4088.58
263.50 7274.93 2 3756.29 8807.99 8118.93 2986.31
271.39 4769.68 2 366.68 3150.37 2560.95 7385.35
271.68 9283.77 2 1231.14 7462.55 9899.48 4138.63
272.99 3749.44 2 2833.08 1262.40 3042.79 5005.97
280.52 4525.79 2 7581.65 2560.26 3067.47 2236.27
280.77 6238.47 2 4561.08 453.37 6713.88 6308.62
284.72 6136.11 2 8637.25 8219.68 6565.46 2443.91
286.11 7505.28 2 2924.11 8294.59 1488.17 927.95
291.16 5657.84 2 5663.90 190.93 9831.04 4017.95
293.39 7669.43 2 5896.45 3168.15 635.28 8748.49
296.91 13245.37 4 9537.79 8144.04 9617.32 7740.23 663.94 2179.29 2083.77 377.46
300.01 7700.61 2 6983.65 8043.91 5020.48 597.75
303.52 11275.76 2 9710.93 7706.51 286.72 1515.63
312.09 7304.54 2 7430.46 122.37 332.40 1846.86
313.81 7290.47 2 542.30 9589.38 4317.37 3352.41
318.19 9409.67 2 9106.05 2286.94 7.94 4688.22
319.38 9969.16 2 449.81 2163.32 8583.15 7928.13
320.03 6701.28 2 471.92 3777.81 6550.15 956.06
335.29 8764.72 2 528.79 6423.15 6516.98 23.00
351.76 8188.18 2 6632.55 6139.49 463.57 755.26
354.04 8602.22 2 1356.83 1366.30 373.58 9912.14
362.04 9602.11 2 6470.32 9423.81 9099.54 188.67
377.08 9154.24 2 3788.32 9728.58 7966.07 1583.24
