35.47 1173.43 2 6873.78 3592.61 6881.41 4766.02
40.19 1909.64 2 8796.38 7270.80 7654.35 8801.32
40.91 845.64 2 4899.43 3248.96 4575.45 2467.84
76.36 3117.99 2 5023.25 6047.12 7120.19 3739.59
77.36 3367.85 2 2668.63 5670.43 2309.11 2321.83
88.09 2704.28 2 5187.03 3956.11 7351.70 5577.01
91.88 1593.90 2 1500.90 8688.19 1788.67 7120.47
107.50 3275.15 2 1422.40 8298.94 4516.98 7226.47
107.62 2680.84 2 3629.43 5238.17 3840.87 7910.67
108.66 5233.19 2 4140.40 4112.52 4430.04 9337.69
113.99 4299.35 2 3128.97 6115.05 7424.68 5938.06
116.06 3802.76 2 4224.62 6131.34 545.47 5169.70
117.00 4949.80 2 322.30 7645.39 150.14 2698.59
118.23 4411.36 2 5252.31 8757.83 7869.20 5206.49
120.53 4426.53 2 4516.10 8270.10 424.16 9958.36
120.62 4730.98 2 4048.67 418.26 7353.32 3803.74
122.80 3240.12 2 7682.60 9122.53 5654.92 6595.30
124.66 3932.75 2 1353.07 4135.59 4508.86 1788.79
130.53 2626.60 2 8380.14 2984.42 9203.85 490.31
133.84 6391.98 2 8941.30 9332.50 2737.96 7791.08
135.08 5754.06 2 4130.44 7423.67 9882.43 7577.77
139.81 890.54 2 3351.10 7839.89 4139.53 7425.85
141.25 4662.41 2 5903.15 7126.34 2019.32 4546.83
141.67 5183.67 4 3980.40 3045.54 4195.82 3095.18 8276.21 4613.47 7686.30 4462.58
146.26 1113.21 2 8351.06 2993.44 7249.64 3155.03
147.75 3787.46 2 6001.02 2447.13 5473.42 6197.66
148.25 3112.65 2 2992.94 3685.69 3789.39 676.67
149.91 1095.66 2 8880.29 3535.96 9696.13 2804.60
150.20 4110.25 2 5435.01 57.51 8827.03 2378.78
150.23 3011.52 2 6946.19 2744.19 5270.53 5246.46
151.44 5772.09 2 5161.27 6306.49 492.95 2911.79
153.73 7686.65 2 5573.40 9486.02 1183.87 3175.98
156.95 4347.38 2 5888.62 4757.12 4101.51 794.05
160.40 3320.24 2 6289.79 9871.89 4836.63 6886.54
164.44 5021.79 2 6264.53 1175.54 1315.71 2028.52
164.52 7825.86 2 1067.71 1847.46 7624.47 6119.82
167.68 4283.97 2 6915.14 5949.69 7873.08 1774.19
169.47 2773.26 2 6858.36 3413.62 7243.97 6159.93
170.87 7743.33 2 8521.29 4914.46 1375.13 1932.60
172.38 1819.19 2 4138.70 4970.54 2376.42 4519.06
172.90 5844.77 2 5116.66 9497.54 3786.79 3806.07
175.43 4371.29 2 4273.24 5504.71 2928.33 1345.46
175.43 3371.44 2 4140.41 3337.92 5604.16 6375.04
177.58 2979.04 2 6724.73 9161.63 7972.54 6456.52
179.22 3960.89 2 1297.13 5626.34 5197.06 6318.58
180.49 5024.39 2 4169.57 1782.48 6720.90 6110.90
183.08 6653.80 2 2500.82 6917.17 9071.62 7964.86
184.46 3423.22 2 291.17 1756.29 3305.15 3379.37
189.30 6864.77 2 7183.75 1235.44 1141.65 4493.98
190.84 6242.07 2 6225.60 2531.11 4586.43 8554.11
199.51 2075.52 2 1925.46 2766.50 3191.50 4411.16
201.14 2056.81 2 1176.51 1493.21 2736.37 152.57
204.07 4203.62 2 4814.96 6272.00 8920.58 5369.68
206.29 9214.45 2 661.36 9271.03 9856.28 8671.29
208.28 6614.14 2 6532.77 367.21 8538.29 6669.97
209.76 8287.99 2 1131.72 7787.31 9378.42 6961.14
210.29 5414.50 2 4925.04 1799.07 6094.06 7085.87
211.57 3578.49 2 7849.44 7777.90 9133.54 4437.74
211.64 5982.15 2 6958.29 6120.54 1093.02 7297.29
212.16 5008.19 2 3077.73 5066.90 3239.24 61.31
214.03 3301.38 2 6767.17 1327.17 7245.71 4593.68
218.94 3146.97 2 5775.60 3121.43 8921.36 3208.80
220.05 6802.59 2 4553.38 5789.66 9314.80 931.26
224.46 4023.23 2 9236.37 7324.41 5236.28 7755.33
224.53 2626.61 2 5961.21 5927.56 8361.74 6993.65
227.13 4756.44 2 5709.82 3895.66 5951.92 8645.94
237.98 6998.83 2 3164.89 5253.91 9950.24 3538.53
238.82 3441.16 2 1059.27 538.00 4264.66 1789.83
239.62 6480.81 2 112.97 2011.87 2816.27 7901.96
243.36 8467.75 2 5575.49 8252.53 489.19 1482.56
245.63 6981.46 2 1179.26 8480.70 7995.64 9989.87
245.76 7487.88 2 9338.92 9862.78 2871.87 6088.45
245.98 3099.01 2 6169.42 9128.62 3920.77 6996.15
246.21 4110.68 2 3184.85 1415.57 7043.54 2832.68
246.81 3340.37 2 4682.76 4555.84 6844.78 7102.16
247.98 6099.07 2 5358.85 2082.62 6854.93 7995.35
251.12 3756.24 2 6708.70 5334.85 9736.82 7557.43
251.48 4474.08 2 6229.45 5140.61 2065.77 3503.18
252.30 3214.86 2 302.64 4753.34 3514.41 4612.42
252.37 6118.56 2 311.73 9836.19 6265.11 8424.06
253.58 5579.13 2 249.35 4826.63 5000.54 1902.12
257.06 4553.03 2 2448.25 712.43 6132.63 3387.39
263.63 4481.28 2 6163.15 3124.41 8174.42 7128.99
265.94 3996.79 2 6651.81 7887.79 8824.04 4532.83
269.34 6566.81 2 9507.27 2161.40 3023.18 1122.31
271.55 3777.74 2 4134.42 6208.75 5479.49 9738.92
274.67 6133.56 2 6870.52 5942.88 870.76 4668.76
275.73 4086.34 2 6494.51 7924.31 5327.46 4008.16
277.22 5460.94 2 4436.48 1300.74 4707.36 6754.96
282.41 6820.66 2 1432.95 8717.99 8221.39 9380.24
283.44 6472.12 2 461.40 5205.78 6589.84 3124.81
294.60 8029.90 2 7515.40 7052.66 3144.99 316.28
297.52 4976.08 2 3838.16 3407.14 8139.16 5909.70
313.90 8195.00 2 7136.77 5223.45 41.10 9323.37
316.84 6741.80 2 4653.97 2316.94 2237.94 8610.96
332.19 11409.51 2 9792.58 15.81 239.87 6254.61
344.71 7735.27 2 1708.02 7679.42 6044.40 1273.94
350.20 8609.84 2 4656.95 1317.95 8128.51 9196.89
362.08 8503.80 2 1029.32 8175.53 7967.58 3258.70
