14.14 606.96 2 3957.67 3102.75 3395.13 3330.69
14.82 541.09 2 1681.33 5104.83 1140.27 5099.52
29.62 381.23 2 568.90 8316.97 767.31 8642.50
61.85 1292.39 2 1587.46 3728.52 2828.94 4087.69
64.09 704.47 2 8131.85 6701.16 8289.59 7387.75
65.28 2663.96 2 7728.48 4941.17 7544.46 7598.77
72.04 2602.07 2 561.72 5073.37 3104.08 4519.14
73.47 773.63 2 771.65 8444.28 1011.41 7708.75
74.05 1102.63 2 6854.14 5263.93 6460.25 4234.06
75.65 2882.26 2 682.86 4422.08 3028.20 2746.74
75.92 3796.05 2 8444.84 2433.16 5888.71 5239.63
75.94 2096.75 2 2477.44 4377.58 4394.22 5227.48
76.22 3111.24 2 4489.05 9241.54 5644.92 6352.98
98.68 2833.93 2 7237.34 6565.64 9063.43 8732.80
100.01 3800.73 2 8552.93 6150.08 5070.68 4627.12
100.90 2344.99 2 3618.28 3625.98 1802.63 2141.93
104.36 3018.11 2 3333.62 5827.40 1414.28 3498.21
106.47 5023.71 2 9059.23 3493.75 7273.79 8189.49
119.92 1896.15 2 7631.17 2727.91 9053.06 1473.49
122.68 4834.10 2 5543.16 7918.18 8958.77 4497.34
125.00 2949.84 2 4376.73 4108.59 6763.63 2375.30
125.67 2583.25 2 4616.80 2817.72 3818.72 5274.60
127.10 5854.83 2 6023.99 7602.15 6555.09 1771.46
128.71 4535.60 2 3383.67 5978.86 7892.27 6473.05
131.82 5191.10 2 8098.16 6518.37 3215.27 4756.29
133.52 3175.97 2 5340.11 3094.68 8086.24 4690.16
137.14 3457.13 2 4441.99 2849.28 7485.37 4489.28
138.73 1136.70 2 7329.41 6282.57 7715.01 7351.87
140.17 3908.35 2 7663.08 1310.49 3767.20 1622.47
141.95 6697.29 2 8150.37 2362.69 1464.44 1972.72
145.04 5652.05 2 3434.38 7143.16 5045.49 1725.59
146.98 2849.03 2 9308.26 8391.76 6499.61 7913.81
158.66 7132.95 2 6245.22 8642.47 6272.17 1509.57
160.74 2736.75 2 4292.39 6148.10 2405.64 4165.68
161.01 1250.69 2 4975.23 9243.10 5192.76 8011.48
161.02 1351.21 2 8946.37 3866.45 9737.24 4962.03
162.99 5849.57 2 9676.97 6984.80 3919.58 5950.41
168.23 6411.55 2 659.12 945.06 6783.79 2841.47
170.16 3108.01 2 6643.71 856.14 9746.54 676.79
171.60 1479.96 2 3064.96 6026.22 4261.16 6897.65
171.85 2192.70 2 5430.31 2533.14 7532.91 1911.03
180.28 3014.04 2 1750.89 7791.43 4646.23 6953.89
185.19 6059.69 2 8313.45 7710.98 8090.44 1655.39
190.97 4348.40 2 164.35 5153.76 2419.38 1435.77
192.02 5401.11 2 4374.73 9464.13 2220.38 4511.28
195.98 7399.22 2 9380.02 3095.82 3766.79 7916.62
197.34 6266.91 2 8351.13 3678.41 9471.30 9844.40
197.72 8385.92 2 1508.61 618.74 1035.02 8991.27
198.03 5601.39 2 3495.85 266.70 532.57 5020.07
199.89 1794.58 2 4462.73 9963.65 2855.77 9164.79
200.60 2129.81 2 5739.22 5294.60 3980.34 6495.61
202.93 4646.37 2 5260.59 5073.28 9883.31 5541.52
204.02 6300.99 2 2500.03 6411.79 8741.17 5545.41
208.88 4244.08 2 4576.80 2934.43 438.06 1994.70
211.14 1856.96 2 9273.24 6377.00 7936.96 5087.56
213.92 2995.97 2 3663.28 3828.54 5672.45 6050.95
214.29 3314.50 2 750.41 6375.13 3633.11 8010.96
215.65 6982.70 2 9662.68 8168.91 8012.59 1383.99
216.20 8010.10 2 9476.68 4862.71 2265.43 1375.65
221.35 4767.49 2 419.06 9333.71 5153.84 9891.23
225.34 5667.05 2 3904.54 4701.35 6356.71 9810.39
227.27 3263.58 2 3869.87 5616.73 2617.77 2602.90
227.77 3588.56 2 6790.62 9488.24 3720.13 7630.84
230.21 6610.27 2 7272.35 5277.72 1111.87 2881.02
230.84 2242.03 2 4499.74 6801.09 3445.15 8779.60
234.18 6609.19 2 4571.14 1108.58 9051.47 5967.39
235.95 5697.30 2 6317.36 8114.98 631.01 7761.90
239.54 6277.24 2 2536.50 162.42 7885.20 3448.02
243.51 3575.29 2 5421.71 8913.32 8513.62 7118.09
247.15 7657.55 2 1387.93 7055.36 4486.01 52.51
251.11 7555.28 2 3011.51 477.49 4198.26 7938.99
252.81 8040.69 2 1376.00 2868.79 8297.62 6960.72
253.38 9669.13 2 8351.20 8836.82 377.47 3367.64
255.24 5761.98 2 5454.74 3212.11 800.69 6609.19
258.10 8105.05 2 792.26 2559.24 8349.63 5488.04
262.79 4239.26 2 262.84 5540.21 3689.11 8036.62
263.83 4891.64 2 4912.00 1226.37 8528.26 4520.43
264.84 6042.01 2 3515.47 423.55 8700.37 3525.59
265.71 6785.49 2 3569.74 7808.42 8657.98 3319.25
267.07 9353.59 2 1025.90 8458.92 8511.66 2850.63
277.31 4765.61 2 9995.95 7188.70 5256.96 7691.65
277.62 6380.81 2 6794.11 9527.89 1427.79 6075.73
277.65 7982.53 2 3325.19 443.36 5460.14 8135.09
280.72 6735.93 2 9981.51 2745.55 9800.27 9479.04
281.19 4159.44 2 3028.25 5334.78 5025.73 1686.36
281.88 5594.15 2 8455.21 3195.88 3474.25 649.39
283.26 9763.03 2 2357.78 9945.25 3749.13 281.88
284.09 6204.36 2 2496.12 1134.49 7356.75 4990.44
288.76 7537.88 2 7270.81 789.27 6024.53 8223.41
291.04 5551.83 2 5516.47 6119.48 862.15 3092.91
293.93 5896.53 2 1213.62 2009.80 1388.77 7903.73
301.56 5877.97 2 8233.39 737.51 9723.80 6423.39
302.42 8521.06 2 1244.75 3680.19 8894.87 7433.08
305.41 5570.58 2 3460.23 9409.04 8949.26 8459.34
306.10 5704.83 2 1530.15 1646.57 3226.61 7093.32
314.34 5917.15 2 2506.05 6350.57 5508.41 1251.70
324.32 6815.76 2 7802.63 6397.94 1819.63 9662.65
336.95 8447.62 2 8986.79 4451.11 877.91 6819.29
358.21 10310.30 2 7813.12 347.99 672.33 7785.15
364.46 8723.23 2 4326.18 9107.12 554.13 1241.61
