33.20 1459.87 2 3888.70 3451.84 3809.71 4909.57
42.52 226.20 2 568.50 1349.49 483.44 1559.09
45.03 1551.58 2 7607.10 899.73 9158.50 923.77
48.41 2320.48 2 2440.73 6975.81 4522.46 8001.01
59.90 1595.23 2 8077.29 1953.85 7125.29 673.82
76.24 1712.18 2 2792.77 2457.89 1751.45 1098.76
81.53 1476.25 2 6055.17 7183.56 7493.43 7516.31
95.07 753.27 2 1934.79 9219.85 1659.45 9921.00
96.54 2426.98 4 6775.25 3950.17 5982.36 3547.74 5414.69 4038.98 5125.62 4771.08
99.13 4056.64 2 4531.01 2931.53 8585.00 2785.13
108.09 2604.55 2 8048.39 2068.93 5997.98 3675.01
109.06 2553.03 2 2984.42 6043.96 4124.13 3759.44
109.37 1068.50 2 509.16 5169.98 1232.98 4383.98
114.03 5101.44 2 8101.42 8459.03 9791.61 3645.72
118.04 5401.97 2 1685.42 8536.47 6450.09 5991.05
123.15 3457.56 4 5234.70 4076.78 4650.89 3865.57 5031.53 4997.27 6534.32 4333.82
129.20 3459.79 2 3736.23 3145.45 1987.03 160.42
129.48 2273.75 2 2186.94 5210.91 241.40 4034.12
135.37 3668.36 2 4355.38 6384.54 1471.70 8651.97
135.80 2489.76 2 7985.11 4602.91 6217.73 2849.27
140.07 5903.55 2 2318.16 922.71 521.47 6546.22
148.15 7407.42 2 6004.36 4697.13 242.76 9352.66
149.86 2792.86 2 9329.48 3779.25 6606.16 4398.61
150.60 4230.07 2 2444.92 163.78 2270.71 4390.26
151.32 4165.93 2 4867.76 4663.49 4652.05 8823.83
154.19 6709.56 2 9159.63 2290.89 3115.98 5205.08
157.82 4690.89 2 7905.24 7492.25 6490.71 3019.72
163.33 7766.51 2 2285.57 3665.95 9970.99 4785.31
164.33 6616.54 2 4625.37 7608.60 7232.08 1527.19
164.97 1248.68 2 8791.06 4918.61 9582.74 5884.23
165.32 2366.23 2 5897.80 6826.01 8061.89 7782.96
169.49 6974.41 2 1015.10 8172.90 1787.31 1241.37
171.62 2080.75 2 5422.09 3629.93 7425.24 4192.92
177.73 3086.62 2 6649.41 5267.09 6677.52 8353.59
179.07 3853.46 2 4175.89 8259.22 1516.46 5470.56
179.85 3992.66 2 3029.10 9535.60 1944.93 5692.95
180.33 4516.33 2 4875.17 7636.40 361.56 7793.08
182.73 7936.29 2 7842.63 9538.39 9415.09 1759.44
185.14 7456.83 2 7663.50 5132.46 207.18 5045.10
188.31 9115.51 2 7241.78 9091.88 894.61 2549.26
189.15 4557.30 2 931.90 3838.90 3943.99 418.92
191.15 4257.65 2 8588.41 2655.08 4826.65 660.89
191.74 7587.03 2 1322.91 8616.88 8342.80 5738.65
191.94 1697.04 2 5828.64 9881.85 6143.63 8214.30
193.34 3366.81 2 8240.69 5550.14 8444.88 2189.53
195.36 2668.10 2 4053.18 8494.50 2864.68 6105.73
196.94 7646.82 2 2482.15 6401.36 7545.14 670.74
198.29 2714.75 2 1648.94 1591.92 3271.43 3768.48
204.56 6727.93 2 4632.99 4158.00 513.46 9477.25
206.52 8026.04 2 3774.25 5.73 4607.73 7988.38
211.44 1472.18 2 6877.26 5792.70 7186.40 4353.35
212.50 1925.08 2 8069.66 2351.25 9845.99 3093.26
214.46 1122.83 2 4976.17 6583.29 3974.90 7091.42
215.47 1973.53 2 3266.10 2406.81 1487.21 1552.19
215.55 6877.46 2 9339.77 8686.29 4794.59 3524.82
216.84 2242.02 2 5088.76 2936.53 7056.57 4010.94
218.84 4341.87 2 3312.13 811.29 1624.45 4811.74
220.47 9723.57 4 5479.39 9420.16 5250.51 9621.05 8949.22 2362.45 9432.85 3539.35
221.49 6974.73 2 1459.39 7111.05 2696.09 246.84
224.35 1817.69 2 338.36 1565.31 1914.89 660.55
224.58 4429.14 2 4356.23 8150.61 1540.46 4731.74
230.60 5929.88 2 9794.58 8505.94 9556.68 2580.83
231.16 10758.04 2 6953.13 500.65 792.55 9320.10
234.91 5745.71 2 2452.97 8149.32 4338.73 2721.89
236.87 6143.62 2 5585.69 8891.70 8143.80 3306.00
237.13 4156.40 2 6856.62 8267.57 3572.51 5719.97
241.61 6680.36 2 4683.07 9811.97 9248.22 4934.82
243.24 3662.00 2 6650.09 6949.09 8102.71 3587.52
246.77 7738.50 2 7286.64 5663.51 672.89 9681.29
255.31 11065.63 2 9321.50 2456.47 87.46 8554.07
260.30 6915.23 2 9399.40 3005.69 9727.61 9913.13
264.47 5123.34 2 1075.38 5933.70 6154.35 5260.87
269.96 8697.96 2 7225.44 2671.06 1422.11 9149.95
274.31 4815.31 2 794.53 5876.83 1177.18 1076.74
276.88 8343.77 2 799.70 4596.06 8994.05 6167.98
278.95 6547.33 2 5403.70 4926.48 923.15 9700.60
279.47 7073.61 2 305.96 9375.94 1182.26 2356.82
281.43 8871.55 2 2551.48 9160.71 5.67 662.28
283.49 10574.49 2 8970.39 9227.47 2954.18 531.19
284.30 6715.09 2 8080.98 6479.70 9918.37 20.87
287.43 5971.62 2 6064.84 6890.32 320.34 8521.56
288.28 8213.83 2 512.87 5916.93 8016.74 2576.42
289.42 7171.03 2 828.78 820.95 7961.94 84.90
304.46 8822.99 2 9561.77 4643.48 1532.58 985.97
305.72 5985.79 2 5876.71 9374.36 2097.72 4732.28
306.45 7022.47 2 2599.82 6434.64 6999.43 961.20
306.74 5537.01 2 4223.48 3147.88 9154.93 5665.69
319.84 8392.04 2 1775.73 1334.83 9837.01 3667.67
325.14 7257.23 2 4489.20 1493.27 734.42 7703.67
329.43 8471.59 2 1922.48 1699.34 3908.64 9934.81
330.32 8316.13 2 8318.02 2844.45 649.43 6061.68
330.43 7021.27 2 313.80 8530.68 2521.82 1865.62
336.35 9017.44 2 404.30 8928.80 3301.42 389.42
339.41 10270.63 2 9284.10 663.21 3139.57 8893.07
349.03 8251.27 2 1226.19 6443.11 9425.79 5521.20
360.76 8338.01 2 3235.80 1329.03 3269.08 9666.97
388.10 9505.13 2 6998.55 74.39 7832.07 9542.90
