24.97 1048.55 2 1809.81 5560.66 2839.09 5360.50
32.17 1608.35 2 1685.01 5015.02 1113.21 3511.74
64.31 2715.35 2 390.14 7513.09 2679.77 6053.40
76.34 2816.75 2 9235.36 76.56 9294.81 2892.68
87.50 1975.24 2 2505.81 9177.12 2395.51 7204.97
102.28 1713.97 2 2226.71 6638.82 691.12 5877.46
107.86 1792.80 2 2803.53 4789.11 3984.68 6137.81
108.28 5113.75 2 4710.42 8663.28 5260.09 3579.16
114.16 2908.24 2 5759.13 7365.71 8341.16 6027.43
120.07 1203.69 2 2911.17 1812.83 2222.41 825.67
120.39 2219.66 2 7738.72 4988.97 9093.98 3231.09
120.67 5133.71 2 9276.46 1647.32 6431.29 5920.49
125.27 3663.40 2 9578.22 9149.67 7842.48 5923.56
127.45 5272.36 2 6395.57 9360.08 3593.84 4893.75
128.81 3240.52 4 2335.28 7561.46 3078.14 7201.46 3712.55 8936.80 3420.08 9422.97
134.12 3805.79 2 4299.25 6376.33 6894.70 3592.86
134.21 4810.37 2 850.02 5099.39 5554.66 6102.43
138.33 5216.54 2 6557.86 2879.11 5556.70 7998.67
139.14 6856.94 2 7927.44 1613.38 2293.68 5522.14
139.69 6584.71 2 6059.96 5954.95 319.50 2729.20
140.55 3527.49 2 5518.37 1400.13 2199.52 204.96
147.55 1677.63 2 1262.02 3549.51 330.17 2154.49
149.70 6284.82 2 9805.44 5987.95 4643.61 2402.64
151.12 4255.78 2 829.94 3183.47 4441.59 932.33
155.91 3195.45 2 1645.42 4521.78 2391.62 7628.89
156.24 5611.93 2 4646.59 5851.83 1154.09 1459.09
157.41 6370.32 2 3294.28 3012.82 6132.64 8715.87
159.83 4891.52 2 666.78 484.71 3315.59 4596.98
160.78 7438.84 2 1158.22 3730.26 7817.55 7045.31
162.09 204.44 2 598.74 1320.45 692.47 1138.77
162.99 5449.44 2 3060.61 7681.56 5447.31 2782.57
163.11 6055.74 2 5592.45 7103.68 249.37 9953.87
166.25 5812.62 2 5962.61 137.41 8143.21 5525.50
170.17 3208.55 2 1388.35 1310.22 3020.35 4072.71
170.77 7738.61 2 7743.03 1942.40 9671.82 9436.79
177.76 2787.97 2 6429.87 2116.46 6189.95 4894.09
180.30 2614.82 2 1462.25 8416.86 3765.73 7179.42
182.83 2641.39 2 2807.73 4922.29 5141.23 3684.66
187.22 4261.13 2 3923.10 9048.21 6901.59 6000.94
193.93 1296.69 2 5168.17 2844.84 5126.29 4140.85
199.36 5668.05 4 3983.20 1080.12 4426.22 992.09 5345.77 3153.25 2954.91 1569.74
201.77 4588.70 2 2407.38 1760.93 4061.20 6041.24
201.94 6196.89 2 8764.39 91.50 2819.84 1841.86
201.94 7097.21 2 1532.26 6077.37 5432.22 147.73
203.87 8893.68 2 1276.26 5404.49 8514.87 237.30
204.26 1012.84 2 1032.82 6591.11 2017.05 6830.11
204.65 3632.65 2 9698.27 3091.04 7270.94 5793.67
204.94 8246.93 2 225.73 2220.13 3443.53 9813.39
208.43 8621.51 2 2878.37 8837.86 1288.93 364.13
216.07 9203.68 2 1262.48 7621.12 7609.50 956.07
217.59 5479.37 2 5415.74 7690.99 9051.73 3591.83
217.84 1292.07 2 1636.67 4279.70 2928.37 4310.83
218.34 6816.94 2 47.67 319.10 800.17 7094.38
220.40 9620.00 4 3001.02 6220.60 2219.19 6606.53 9100.34 7122.95 7253.85 7187.25
221.60 10379.79 2 9360.13 3470.29 297.01 8529.94
227.49 5074.70 2 1838.07 5817.67 3415.92 994.50
244.00 6200.23 4 4179.87 6714.24 4872.14 6037.03 487.49 5764.54 20.62 6461.28
245.42 8270.93 2 7439.47 9009.54 1741.09 3014.82
246.60 4829.91 2 4280.11 584.13 1767.95 4709.31
246.94 2547.18 2 8054.82 4878.52 9934.23 3159.23
250.31 7815.36 2 2216.23 1443.99 7948.28 6756.57
256.97 8348.31 4 8340.96 5631.00 8390.02 5863.69 3788.24 1621.52 5001.12 3020.70
260.50 6224.95 2 7796.36 7269.56 9774.16 1367.16
260.69 8634.69 2 2817.89 9566.88 9281.67 3841.73
261.81 4890.44 2 1354.83 1984.23 4862.94 5391.51
266.04 6202.07 2 2896.25 7339.17 8378.67 4439.38
266.11 9605.40 4 6401.48 8488.80 6400.36 9216.23 2957.61 3012.94 1392.99 3868.75
267.18 6459.18 2 2343.33 9623.73 6508.90 4687.23
269.66 5682.76 2 5474.40 4067.79 741.79 7213.61
269.74 4587.01 2 6972.91 2071.79 2596.53 3445.80
271.78 5889.22 2 1601.21 865.41 7002.93 3211.52
276.21 5110.55 2 4535.56 3366.52 9083.31 5697.98
279.56 4577.93 2 2103.09 5237.93 412.44 983.62
282.94 6047.09 4 6292.00 4778.23 6587.06 5022.05 4275.78 3353.00 3800.99 6126.06
290.53 5226.36 2 4127.35 5701.25 8823.85 3408.27
292.28 9013.89 2 4748.39 9905.18 49.54 2212.91
295.31 9765.47 2 460.90 202.56 8281.39 6051.01
295.61 5080.56 2 8657.99 8768.24 8715.05 3688.00
295.86 6292.80 2 9116.15 837.88 2860.67 1522.22
297.85 6892.73 2 4784.60 5470.94 9273.61 240.40
298.77 5438.73 2 2747.91 8707.98 8145.25 8038.28
301.82 7791.13 2 1958.12 6142.79 9124.38 9199.97
304.59 8029.55 2 7823.71 1182.70 2957.08 7569.37
312.95 8647.40 2 9160.49 5344.75 754.69 3314.98
322.55 10227.48 2 7802.35 8213.24 75.90 1512.24
322.72 8535.97 2 8963.31 4180.90 1250.22 7837.54
327.61 7780.42 2 3115.69 215.73 289.18 7464.58
330.05 7702.39 2 5378.74 9078.64 1485.03 2432.90
340.20 8710.00 2 5857.74 716.12 1380.59 8187.35
345.27 7363.57 2 3454.26 9622.36 9095.87 4890.09
355.99 8699.34 2 1268.10 4787.48 9644.42 7136.06
364.12 11505.82 4 6216.49 8985.18 6700.80 9740.35 2269.04 2856.55 4279.08 4207.20
