27.56 1377.81 2 8411.84 9780.75 8469.92 8404.16
36.72 936.05 2 4067.77 8394.10 4321.59 7493.12
47.01 1550.43 2 6139.11 3030.79 7680.54 3197.67
55.89 2094.49 2 8937.03 6166.39 8879.99 4072.67
60.98 2048.76 2 3054.27 9879.53 3035.76 7830.85
68.43 2821.65 2 102.63 4409.51 879.51 7122.10
83.19 3959.66 2 4721.82 1931.92 906.78 871.56
84.98 3749.09 2 3207.28 389.91 588.86 3073.12
88.50 3125.03 2 550.76 3067.86 820.34 6181.24
90.64 2532.05 2 8105.52 3558.40 6380.37 1704.99
92.46 3122.91 2 6947.75 3824.45 6407.17 6900.22
102.91 4045.47 4 7419.82 1837.62 7337.43 1029.79 5910.12 1413.59 4193.51 1046.42
116.31 1815.64 2 3889.29 6270.05 3544.19 8052.59
117.81 3090.50 2 2673.31 3396.00 4933.46 1288.18
118.92 3345.82 2 5512.68 4558.65 7034.59 1579.01
125.22 2061.20 2 4427.98 8800.73 3475.95 6972.57
126.83 3041.53 2 5160.08 159.36 3801.03 2880.36
132.71 435.40 2 9062.33 7169.04 9010.70 7601.37
133.08 6253.81 2 6411.13 3624.43 8489.75 9522.70
141.30 4865.04 2 1460.11 5290.78 6314.27 4965.69
142.39 5019.54 2 7821.64 8356.58 5684.81 3814.59
142.47 4623.51 2 9369.83 6335.51 4922.77 7600.63
144.50 3525.16 2 3410.65 7180.17 232.94 8706.25
144.62 4330.75 2 8050.61 5565.01 9392.76 1447.48
147.45 972.69 2 4367.90 5099.53 3428.48 5351.78
147.75 6187.61 2 9387.60 8576.87 5979.51 3412.43
151.26 5863.09 2 7023.20 5264.36 1324.15 6641.54
152.99 1349.65 2 1107.83 2183.34 2454.69 2096.69
153.40 1069.77 2 6391.39 5023.82 6108.12 3992.24
155.87 1293.39 2 2980.26 9421.22 4224.05 9066.48
157.10 5455.01 2 5687.03 1391.52 7996.53 6333.52
162.30 3014.77 2 7652.97 7298.53 5601.19 9507.38
163.56 3578.01 2 976.87 7269.16 1935.30 3821.91
163.99 2499.52 2 7301.54 4934.24 8078.28 2558.48
164.14 5007.10 2 6425.19 7064.97 1474.20 6317.52
167.39 6569.34 2 1339.98 7400.53 4044.98 1413.95
167.81 5290.75 2 446.96 6768.91 5117.20 9255.05
170.03 3801.56 2 9221.05 4819.94 5891.22 6654.09
173.61 5080.35 4 4511.55 8046.44 4472.17 8822.07 6925.90 6069.87 7536.65 6153.99
176.88 3043.83 2 5105.33 5170.68 8146.92 5287.21
178.25 4812.63 2 2205.58 5588.64 5308.43 9267.46
179.87 3593.40 2 2333.58 4405.00 5607.94 5885.24
180.45 6322.74 2 305.06 9601.63 6610.08 9128.69
182.60 9030.13 4 7355.06 1016.05 7237.29 881.21 633.14 3143.95 2494.59 3323.40
183.04 3152.20 2 1492.50 8909.19 3675.60 6635.33
185.87 6993.72 2 7996.31 7084.16 7457.55 111.22
193.18 4458.76 2 5695.38 3080.40 5891.21 7534.86
195.09 5454.32 2 9113.23 6133.42 8295.88 740.69
198.58 3228.75 2 3239.48 5516.64 4796.30 2688.01
202.61 6230.53 2 3921.43 6878.11 2042.38 937.68
203.19 5159.73 4 7302.76 8568.38 7702.23 8347.13 5210.55 7976.39 3317.29 6887.67
204.71 6435.27 2 6345.64 9720.52 5844.24 3304.82
204.84 4941.92 2 2596.15 8088.79 7310.77 9570.33
217.34 7866.97 4 3496.48 2952.42 4185.09 3586.12 1862.66 7172.18 3004.36 4771.06
230.21 4410.57 2 6285.08 9237.66 7000.20 4885.45
231.35 5467.26 2 6624.28 6635.50 8726.38 1588.50
236.62 10230.83 2 932.83 588.73 7537.55 8402.02
238.20 5110.12 4 2807.26 3254.54 3223.77 3446.13 5748.41 3347.23 7872.92 3297.53
238.30 3614.97 2 6393.01 1725.52 2807.82 1262.53
241.23 4461.68 2 4930.20 2571.72 2240.20 6131.29
243.92 2995.84 2 2612.15 4168.29 157.73 2450.48
248.42 7520.88 2 2143.19 166.76 3292.71 7599.28
249.77 4988.45 4 1203.00 7481.92 376.39 7586.01 1178.16 6170.96 3272.81 4754.00
251.88 4794.17 2 4358.30 8867.21 6113.77 4406.00
253.39 10769.45 2 8242.27 9250.55 1519.45 837.19
254.29 8314.54 2 3893.53 9589.82 4166.90 1279.77
256.55 5927.61 2 793.49 3574.14 2006.66 9376.28
260.35 9617.30 2 286.80 7912.95 8317.54 2621.47
265.50 4775.17 2 6628.19 1673.93 3815.70 5532.97
268.48 5423.79 2 498.20 9554.13 3509.62 5043.17
271.19 4559.53 2 4386.34 2420.11 7945.61 5269.84
272.19 5209.39 2 2807.64 5414.50 7451.08 3053.10
272.53 8026.56 2 562.95 5643.99 7287.13 1260.95
277.55 6177.36 2 3555.93 3182.94 7675.03 7786.50
278.59 4629.54 2 1542.41 3929.51 6150.54 4374.18
281.67 4983.26 2 4002.45 7468.71 1043.27 3459.21
286.12 8806.24 2 8827.05 9573.13 4088.39 2150.53
289.56 4677.76 2 8210.12 3490.24 4444.47 6265.37
293.88 5294.08 2 8557.92 9313.95 8246.95 4029.01
295.43 6871.71 2 5988.52 2375.83 7226.26 9135.15
297.51 6775.26 2 1836.85 8350.70 3960.03 1916.71
299.91 7595.29 2 8873.23 9285.45 4285.42 3232.31
318.33 7216.66 2 493.15 828.13 6337.68 5061.51
324.50 6724.94 2 7005.15 4957.73 480.78 3327.58
325.65 11782.60 2 9274.78 8433.46 230.30 881.84
327.19 9159.44 4 5374.49 4573.54 5677.26 5199.00 2764.34 9669.68 2540.40 6549.07
334.06 9403.00 2 643.70 6361.14 9707.32 3857.72
359.57 9178.38 2 335.86 81.07 2039.81 9099.89
362.88 8244.01 2 6828.00 8030.20 3644.31 425.74
372.00 8999.92 2 2062.10 9251.79 8525.66 2989.13
394.48 10823.94 4 5535.49 719.89 5733.86 1070.86 8543.32 8704.67 6908.74 7105.97
