40.56 1228.18 2 8002.79 4549.52 7191.07 5471.23
69.30 1264.99 2 2002.57 6850.84 796.77 6468.43
81.61 3780.54 2 6315.38 7113.65 8002.09 3730.24
86.46 3222.90 2 8782.34 9290.48 9141.05 6087.60
88.07 1103.49 2 9449.41 7253.15 9109.20 6203.42
90.28 3814.24 2 6124.64 6122.25 4349.38 9498.17
100.82 3841.14 2 2309.45 3151.80 5908.94 4492.71
102.40 4919.92 2 9073.07 7207.84 4178.70 7708.60
102.73 4136.49 2 4073.36 6270.43 7918.38 4745.18
104.94 1047.21 2 419.65 4529.09 37.22 3554.21
114.04 4001.85 2 8144.25 5465.46 4167.55 5017.52
122.22 4211.21 2 6002.45 511.96 9888.68 2134.15
125.40 4969.86 2 3002.83 6520.55 387.10 2294.73
127.55 2277.48 2 7708.39 3872.76 6425.27 1991.13
130.60 6029.82 2 2110.62 3325.18 6586.66 7365.45
132.34 6017.22 2 5049.81 5308.69 8895.86 9936.31
133.05 6652.59 2 4158.01 4868.94 9883.69 1481.68
143.40 4570.13 2 9317.41 3094.92 5423.20 5486.81
143.83 4791.52 2 2581.93 6574.57 6718.11 4155.76
145.62 1381.16 2 6904.82 2972.06 5523.67 2975.46
148.14 6506.79 2 5387.92 7557.74 445.14 3326.05
149.19 3759.39 2 3892.78 7567.56 1035.69 5124.20
149.59 5479.59 2 6612.89 2875.57 1158.72 2348.33
150.67 4333.28 2 7890.00 3532.40 3878.81 1893.00
151.98 5798.83 2 9525.97 7946.30 6400.20 3062.04
153.36 1367.93 2 4769.77 4692.23 3611.28 5419.64
155.98 7698.78 2 8842.19 2400.23 6039.22 9570.63
158.66 2532.87 2 9314.10 6029.06 8515.70 3625.32
160.19 2909.61 2 3399.41 4120.30 743.97 5309.62
165.55 4777.40 2 3421.01 5220.87 6895.30 1941.70
167.26 6963.10 2 9043.80 2541.42 2653.66 5307.43
167.85 6892.73 2 405.44 9520.09 4492.50 3969.80
168.62 3731.21 2 3407.03 6249.47 324.80 8352.27
172.36 8217.90 2 27.37 4827.98 8243.24 5010.77
174.18 6608.76 2 9892.77 5607.55 3285.87 5450.63
181.11 1955.38 2 1924.72 5277.81 3442.68 4045.21
183.05 6052.35 2 1220.98 6679.98 2783.01 832.68
187.94 7796.77 2 4300.11 9586.37 8023.91 2736.35
188.92 6046.18 2 9694.22 7664.84 9921.23 1622.92
193.76 3887.84 2 8592.53 8115.77 5489.37 5773.62
195.24 4062.08 2 2765.15 8414.67 5502.08 5413.06
197.09 5054.40 2 3170.67 3120.58 8221.65 2934.51
199.93 7496.49 2 9059.55 2040.93 1639.07 976.04
199.96 3598.14 2 2642.82 5908.54 5611.90 7941.07
200.98 5549.20 2 8430.22 5946.48 5614.12 1164.94
204.71 7235.44 2 1214.39 7660.00 7795.38 4652.97
208.75 2737.33 2 9981.45 7448.80 7312.52 6840.68
209.87 6193.61 2 9876.62 9339.20 6487.17 4155.34
212.41 1920.67 2 2038.40 1104.16 2872.10 2834.46
214.83 5741.54 4 1369.19 2582.81 751.12 3083.85 3795.81 1530.37 2998.20 227.32
217.01 8150.31 2 685.90 9828.14 8732.21 8530.30
221.03 7051.47 2 2267.51 6570.26 9128.83 4943.75
223.26 1562.92 2 9571.54 1071.19 8987.76 2520.99
224.74 7637.12 2 9911.14 7573.14 3513.83 3401.81
226.63 7531.29 2 8118.09 2123.60 1901.44 6374.89
227.01 6050.61 2 9812.54 3277.54 7118.00 8695.05
227.59 7479.29 2 7734.63 7477.34 669.01 9930.22
234.23 3111.70 2 7813.93 8336.90 7483.24 5242.82
235.25 2962.43 2 1770.60 7690.54 4732.34 7626.33
235.61 6180.51 2 1826.19 2123.10 8003.72 2315.19
243.65 6682.66 2 951.57 2642.00 3337.85 8884.08
244.20 3309.82 2 652.95 4544.29 3031.96 2243.16
244.23 3711.33 4 4374.51 2521.11 5164.81 3102.17 4332.93 1586.05 4037.15 629.68
246.69 9534.32 2 33.28 2395.51 7786.65 7944.27
246.88 6244.08 2 4201.71 6578.98 2690.48 520.53
253.41 9770.33 2 9443.64 9651.44 1133.71 4512.92
253.44 5171.96 2 2529.36 1281.91 1843.58 6408.21
259.12 3856.20 2 2696.39 4803.50 4381.29 1334.87
262.91 3245.53 2 9774.52 33.71 9586.22 3273.77
263.87 5193.31 2 1069.54 2063.33 1443.84 7243.14
264.91 10945.47 2 9465.79 206.91 1298.77 7494.10
264.94 8846.97 2 8375.19 9695.84 8620.07 852.25
268.77 6938.33 2 820.09 1683.80 6484.86 5690.15
269.06 5252.80 2 6595.20 6803.15 4434.12 2015.49
270.20 8909.81 2 1357.70 4943.45 9961.36 7259.04
273.43 6871.68 2 5096.84 9896.47 52.86 5229.75
278.19 6309.41 2 1199.77 6710.24 1324.49 402.06
278.90 6945.06 2 5475.64 593.72 2110.08 6668.82
281.56 7377.90 2 7081.61 1693.70 9572.92 8638.25
282.28 6813.75 2 8561.40 1246.49 4202.24 6483.38
287.40 4570.04 2 5744.14 9244.31 9218.27 6275.19
289.57 7278.33 2 5907.70 9107.46 2876.63 2490.31
290.31 6115.72 4 8581.14 6623.04 7810.08 6452.20 4899.13 9491.43 3845.82 9864.93
291.85 6492.40 2 7855.97 8688.01 3251.12 4111.27
294.13 8706.64 2 8953.26 7523.02 407.37 9188.38
295.68 7883.78 2 2733.14 7946.61 7762.62 1875.50
296.59 5529.27 2 5517.47 6418.88 1446.92 2676.76
303.14 7256.76 2 6518.53 7172.37 8299.71 137.60
306.41 7920.28 2 4976.77 9778.16 4055.45 1911.65
309.25 6462.74 2 2009.24 8638.48 8394.68 9635.08
310.12 7205.88 2 6350.52 2067.81 3531.78 8699.51
311.40 10669.81 2 8586.57 549.13 3002.05 9640.78
320.93 9446.32 2 8666.92 6308.39 168.45 2184.18
321.07 6653.31 2 3708.34 2548.11 988.35 8620.02
321.91 9895.27 2 687.48 9489.84 5883.04 1068.29
332.92 6945.82 2 2442.94 9576.79 9313.72 8558.50
336.01 9000.27 2 1329.62 2181.36 9594.00 5745.75
