33.33 1366.52 2 1435.66 4858.54 372.72 3999.74
53.68 1584.10 2 2831.14 931.53 4352.73 1372.17
56.84 1941.89 2 6732.97 2055.86 8673.47 1982.27
65.62 3280.82 2 2007.92 6191.87 1344.69 2978.79
66.42 3220.93 2 4636.80 868.43 5918.86 3823.21
77.96 2098.21 2 3277.94 3401.81 5115.97 4413.80
80.04 3602.12 2 4002.33 9234.69 7483.62 8309.53
85.33 2066.68 2 777.69 4962.10 2190.24 3453.50
94.26 4013.01 2 5724.43 2282.69 1734.64 2713.77
108.63 3931.72 2 4202.23 9185.86 316.46 8586.53
111.66 2983.05 2 8420.67 1368.15 5594.12 414.62
112.31 4215.58 2 4698.68 8947.60 5233.59 4766.09
121.26 4363.23 2 450.03 2774.43 4285.67 694.61
129.95 5697.59 2 901.32 8261.62 6590.35 8573.90
134.96 3847.80 2 3389.04 5008.60 3372.16 8856.36
144.84 2041.91 2 6143.08 7710.97 4521.22 6470.43
146.86 3742.92 4 3961.79 3751.76 4140.94 4673.54 5422.32 4513.72 6794.37 3876.99
147.91 2995.48 2 6975.04 6498.12 8376.28 3850.59
147.94 5497.08 2 9980.05 8358.93 4944.14 6154.96
149.22 4361.11 2 2785.27 3212.87 5899.66 160.03
150.26 4212.76 2 2618.50 4273.41 3047.25 8464.30
152.83 2541.46 2 8576.22 9112.25 6423.73 7761.02
156.49 5824.56 2 1887.86 2997.80 1827.52 8822.05
156.50 4425.13 2 6350.91 7370.39 2936.00 4556.11
158.58 3228.78 2 2670.09 4248.06 5091.96 2112.74
159.59 6379.28 4 2084.28 2510.08 2870.31 2191.93 2923.17 6236.76 3076.52 7714.96
163.83 291.41 2 8117.23 6973.75 7828.10 6937.38
167.25 2662.62 2 3998.05 7418.91 3149.13 9942.57
171.38 5869.07 2 6882.14 1729.57 5157.18 7339.42
174.46 7423.25 2 2877.05 9153.93 1966.27 1786.77
174.58 2228.98 2 7667.38 5089.70 6157.10 6729.04
179.94 5796.93 2 7980.83 5815.51 2203.75 5336.31
180.37 8018.48 2 4103.67 124.31 9368.57 6172.18
180.78 1038.95 2 8220.26 753.45 7246.79 1116.46
186.50 6324.78 2 4817.09 9436.06 1743.81 3908.15
186.90 8145.15 2 2000.50 991.42 3489.66 8999.28
187.39 2469.51 2 9220.55 5338.93 8223.59 3079.61
189.25 8862.75 2 2183.89 5257.22 9393.93 103.23
189.70 5385.17 2 3727.67 5175.29 6089.29 335.58
193.18 1159.25 2 7723.99 9210.08 6581.70 9012.53
193.95 3497.45 2 3907.54 1868.19 611.92 697.28
196.58 3829.00 4 6479.12 5610.34 7179.63 5913.58 7649.94 7648.42 6869.63 6648.68
198.19 4309.67 2 6936.00 8684.58 5037.15 4815.78
201.12 3755.81 2 7630.06 5778.80 9621.57 8963.14
202.23 6411.29 2 6518.25 8561.39 8784.70 2564.07
204.45 4122.49 2 5450.65 4014.73 7232.88 297.40
205.32 5966.12 4 8431.23 110.93 8083.38 466.91 5170.23 3345.22 4707.28 2052.46
205.44 4472.18 2 3226.53 219.07 6707.46 3026.83
206.33 2816.34 2 267.84 3803.81 1796.32 6169.30
206.70 6835.25 2 9561.85 5225.50 2758.07 4570.36
210.68 10033.79 2 548.93 9756.16 8703.08 3909.22
212.35 2317.27 2 8830.28 5277.04 8636.97 7586.23
214.22 8411.15 4 7809.05 7961.31 8741.46 7727.11 5009.83 3887.21 3697.23 2253.94
215.24 3761.78 2 2624.15 4052.25 2919.37 302.07
219.43 7071.55 2 2338.40 5534.53 8091.35 9646.76
221.50 6575.02 2 2900.56 2361.88 4118.97 8823.02
223.08 1954.11 2 6512.82 7703.94 8329.24 8424.47
227.98 6798.99 2 332.66 8994.25 2278.94 2479.79
229.85 3092.61 2 9211.39 1029.56 6504.91 2525.98
230.74 2736.89 2 1560.76 6308.11 425.31 8798.36
233.64 3982.10 2 6072.58 1624.06 9993.39 2320.00
236.46 6522.93 4 4309.08 2180.30 4147.10 3046.80 7599.28 6762.53 8132.06 6963.76
244.92 4846.12 2 2822.77 7750.87 6104.96 4185.47
248.46 5822.87 2 5666.50 5365.08 1597.38 1199.98
256.66 7833.03 2 9330.16 1830.36 1834.10 4103.13
262.33 3516.61 2 752.62 5398.37 4229.82 5923.36
265.03 13051.67 2 57.89 467.77 9650.91 9317.64
265.56 5178.24 2 4714.76 8600.32 55.80 6340.18
265.78 3788.75 2 5649.47 6415.86 4669.27 2756.10
266.14 9107.23 2 598.10 4528.11 9245.03 1669.37
273.06 11252.91 4 2555.28 5702.73 2662.20 6528.37 9974.33 1655.08 9792.53 32.13
279.16 9957.93 2 671.44 6591.22 8822.68 871.28
283.21 6360.40 2 9124.63 7424.99 2779.36 7863.50
296.34 4917.03 2 330.94 1334.69 167.43 6249.00
296.92 8146.20 2 1539.18 7024.28 9657.76 7694.64
297.42 5071.03 2 1714.91 4722.48 3919.13 155.56
301.29 10264.66 4 3963.58 6446.12 4045.52 7008.43 6658.72 222.53 8876.64 1202.43
304.39 6319.27 4 2035.87 5131.77 1473.05 5076.42 5394.21 5175.81 5794.54 3388.79
305.03 8851.54 2 148.30 1916.58 8095.85 5813.54
305.65 8482.58 2 7726.15 2333.80 904.37 7375.38
307.96 9498.01 2 1380.50 8284.36 6944.69 586.83
313.75 7487.38 2 9538.48 2710.79 2217.94 1138.98
319.45 8372.72 2 8195.26 4391.89 19.92 2584.64
322.71 8935.35 2 9724.76 870.98 7710.83 9576.41
347.63 8681.73 2 7747.11 1144.38 543.99 5990.77
349.06 10153.19 2 3024.87 9895.67 6015.04 192.78
358.74 8237.05 2 1123.33 5998.41 8943.46 8585.80
358.75 8837.53 2 1502.23 1656.04 9458.69 5502.68
383.14 9856.94 2 3262.49 9465.26 6605.13 192.41
385.74 10687.04 2 6540.49 931.54 14.73 9394.82
411.16 11558.12 2 8982.54 9609.40 655.90 1593.34
