61.54 3076.95 2 156.30 4869.67 63.50 1794.13
65.18 2158.78 2 6448.61 2850.65 4346.72 3342.95
67.35 2367.58 2 4744.13 1763.24 6701.43 431.16
75.09 3154.69 2 45.70 2356.39 1175.08 5301.99
75.16 3258.19 2 9502.98 6271.92 7825.83 3478.54
82.26 1813.05 2 6036.36 7895.47 6379.99 6115.28
84.48 1723.78 2 8569.74 4892.13 9956.64 5915.81
85.00 1450.22 2 5917.72 1489.70 5737.01 50.78
93.83 3391.35 2 9248.61 1758.88 7854.92 4850.61
100.68 4734.11 2 6398.26 5230.87 4120.31 9380.90
101.99 99.61 2 7999.04 9453.65 8087.96 9408.76
104.30 3415.20 2 4844.08 8904.89 1449.41 9278.87
104.63 3731.34 2 3259.72 1987.51 6768.53 3256.85
119.00 2650.02 2 2957.90 6476.40 907.30 4797.83
119.59 5779.70 2 8074.12 7725.63 6923.58 2061.60
122.15 5207.37 2 1937.19 7966.13 6852.44 9685.74
126.81 2040.28 2 5587.90 670.06 7093.37 2047.13
126.93 2546.62 2 3329.06 327.14 4259.02 2697.89
127.04 552.13 2 3427.92 6460.51 3263.06 5933.57
130.10 4604.86 2 4549.91 3873.30 1364.05 7198.21
134.34 6317.06 2 6105.38 376.21 1800.00 4998.88
135.67 2883.37 2 9460.95 5424.35 7944.79 7876.92
137.49 3274.32 2 4053.60 7898.59 3704.20 4642.96
141.68 1883.81 2 8979.46 2883.73 9566.27 1093.65
145.87 4693.60 2 8369.89 2791.71 7300.18 7361.79
148.30 6615.03 2 2192.76 7703.31 6593.27 2764.27
150.44 1021.78 2 411.51 3166.26 1264.74 2604.07
151.76 6887.94 2 956.84 3619.01 7611.28 5397.23
162.65 2832.35 2 2759.43 6970.82 4963.29 8749.93
163.33 6766.56 2 1160.65 8950.79 7214.03 5927.07
163.89 5194.58 2 336.21 5311.22 4792.69 7980.18
164.17 3708.63 2 9391.48 5801.19 9591.04 2097.94
165.24 6562.04 2 8698.86 3755.32 2206.63 4709.90
168.36 8318.17 2 891.41 6517.56 8869.15 4162.22
170.91 3945.38 2 7450.17 2254.37 3527.12 2673.58
172.77 4438.66 2 3655.91 6191.33 3655.71 1752.67
176.41 7620.49 2 8051.54 7584.08 433.17 7404.17
177.19 3959.68 2 6783.08 5328.55 2922.64 6209.51
177.41 4070.46 2 4862.27 5266.83 1227.09 7098.25
178.97 5548.32 2 3048.37 7033.04 8579.22 7472.87
180.08 5903.82 2 8212.91 4524.41 2405.11 5584.87
183.53 3676.43 2 5414.35 1320.27 3467.00 4438.60
185.07 6553.28 2 2466.54 3272.96 5794.67 8918.23
186.73 5636.74 2 6334.02 8603.83 706.99 8934.34
188.88 7243.95 2 4585.79 1712.01 3435.76 8864.09
189.53 2876.35 2 1844.97 5624.87 346.89 3169.44
190.20 4110.14 2 5206.88 6272.76 2931.69 9695.75
191.13 7956.55 2 7789.75 3261.32 980.64 7377.48
191.50 2875.01 2 3438.47 3729.15 5398.67 1625.98
193.05 2252.67 2 1394.23 5509.60 3080.82 4016.30
194.47 1923.31 2 6715.58 873.77 5117.88 1944.50
195.32 5665.96 2 9453.22 6746.53 8879.78 1109.67
217.66 3582.78 2 4421.06 6891.47 7316.41 9001.74
218.12 6206.03 2 6802.27 2771.45 633.69 3452.27
222.69 4334.34 2 3015.60 9204.34 4045.62 4994.17
224.82 5040.78 2 3531.21 4559.27 1663.63 9241.32
226.17 5308.34 2 1319.54 7893.48 1717.37 2600.07
226.74 2937.21 2 9703.61 4238.32 8964.29 1395.68
230.20 9510.12 2 6320.21 9755.56 2022.11 1272.12
235.25 4862.64 2 1453.84 4580.41 3202.18 42.94
235.50 9675.10 2 6922.11 596.52 1365.01 8516.51
235.81 8890.47 2 9801.84 400.59 4706.53 7686.06
236.75 5937.70 2 6968.64 8419.08 4452.56 3040.82
237.74 4886.76 2 7384.95 9756.01 3312.81 7054.51
241.10 3855.21 2 8743.02 875.99 7278.53 4442.20
241.41 8570.30 2 244.13 4548.41 7718.35 8741.99
247.34 3566.94 2 4145.14 5558.14 7102.47 7552.44
248.53 6126.48 2 7118.12 2852.47 9732.06 8393.32
249.21 6760.64 2 2323.28 9474.49 6446.72 4116.92
253.34 4966.94 2 2779.27 225.49 5384.12 4454.58
261.50 5475.13 2 6413.13 5834.31 2221.44 9356.65
265.77 6888.36 2 6928.59 6663.56 1534.85 2379.05
266.38 4418.93 2 1369.27 1860.06 3817.70 5538.67
268.05 9002.37 2 9812.52 2386.33 1135.58 4784.93
268.06 5403.11 2 3610.65 1479.46 8538.04 3696.30
271.45 3972.40 2 5655.75 8683.46 6279.96 4760.41
271.62 11181.13 2 1699.35 9701.36 8550.04 864.74
276.33 8216.67 2 6446.84 2915.17 629.50 8717.94
278.61 5430.48 2 5871.80 860.78 2077.84 4746.13
279.09 4654.53 2 6538.13 8926.87 4171.57 4918.87
282.31 9015.36 2 656.28 8919.03 4578.74 801.70
286.51 11125.72 2 124.23 7317.86 9499.34 1327.12
290.82 10540.87 2 809.59 8808.47 7357.61 548.12
292.12 4905.77 2 6942.45 1195.84 5125.26 5752.64
295.97 7598.45 2 5737.28 1470.83 5652.32 9068.81
297.06 6953.16 2 3177.58 6050.78 9434.02 9084.47
300.64 6932.06 2 3728.31 2846.50 3513.55 9775.24
301.88 5694.15 2 6878.43 2447.50 1193.55 2772.17
304.27 5713.42 2 9943.33 667.25 7455.66 5810.66
306.79 7039.66 2 9925.97 8036.86 2886.34 8056.73
309.13 8356.34 2 4739.11 2898.27 9440.10 9806.90
315.31 9665.36 2 4842.43 9707.24 7697.50 473.19
318.87 8443.52 2 8408.77 4459.73 924.81 550.34
322.86 7042.86 2 5592.81 4634.52 268.40 24.47
332.37 8018.49 2 8675.26 9866.38 661.16 9600.95
333.73 7486.29 2 2626.77 9560.27 8342.43 4725.41
343.61 7280.48 2 8783.17 1354.97 1633.09 2726.70
353.15 8957.58 2 7561.14 884.48 4094.61 9144.10
356.45 8022.49 2 8452.80 1628.47 585.10 3196.81
369.81 9490.28 2 422.33 8262.48 8345.85 3039.14
