40.29 1314.36 2 1031.92 8959.25 2313.04 8665.52
50.31 2015.25 2 8577.96 3568.81 7589.27 5324.86
65.60 2680.16 2 4931.51 4308.23 5624.35 6897.29
72.63 631.71 2 8838.29 5308.66 9009.14 5916.83
79.66 3783.23 2 2511.68 8045.93 5861.92 6288.47
102.04 4002.18 4 9182.03 4091.38 9262.28 4895.49 9913.16 6430.19 9922.57 7957.22
113.13 5656.56 2 6896.38 5538.72 5679.51 14.61
114.99 4049.44 2 8874.68 1000.94 5037.00 2293.29
120.64 3431.77 2 1590.69 3780.86 1713.75 351.30
126.39 5919.33 2 3799.22 6246.19 8902.57 3247.15
127.06 552.84 2 424.60 3794.45 403.83 4346.90
127.16 3957.89 2 7240.62 3666.42 7565.89 7610.93
128.55 6127.64 2 6698.36 9606.54 5652.16 3568.88
132.30 4314.79 2 4494.67 6186.46 314.91 7257.44
134.58 1228.92 2 1592.74 5457.75 1479.44 6681.44
135.07 6653.48 2 1934.19 1084.66 3063.38 7641.62
135.56 4277.85 2 8347.46 4318.23 6879.17 8336.20
136.82 2641.24 2 835.68 5250.76 935.37 2611.40
138.38 4919.20 2 9807.05 5717.04 6672.99 1925.45
139.44 972.21 2 2456.13 3453.52 3414.89 3614.67
141.09 854.57 2 2358.02 1492.73 2694.09 2278.45
144.75 4437.68 2 1575.34 732.13 4150.53 4346.18
145.10 1155.11 2 5158.91 5300.35 4051.83 5630.02
146.88 4143.80 2 8287.76 5942.70 6605.17 2155.88
148.92 245.81 2 9484.45 4984.47 9309.00 5156.63
150.18 6208.77 2 6117.74 935.10 2503.17 5983.23
153.89 5494.69 2 8272.77 1976.45 2950.00 612.75
159.27 1663.37 2 3216.40 6613.24 3662.11 8215.78
160.82 4740.83 2 4490.59 1721.35 8366.90 4450.76
161.34 6166.91 2 7533.27 5562.87 1642.94 7389.01
163.09 2454.44 2 1505.77 8243.57 2889.77 6216.55
164.96 6847.76 2 7464.18 9382.72 2412.10 4760.12
167.54 5477.12 2 6996.88 1661.89 7136.97 7137.22
170.23 4711.65 2 8571.76 5600.65 3946.07 6496.55
172.23 4011.39 2 6338.54 801.57 7601.40 4608.99
177.79 7389.59 2 2770.82 1670.38 7573.26 7286.65
179.40 4470.17 2 893.83 1478.22 4423.48 4221.22
183.38 7969.01 2 8898.02 8931.03 934.83 9235.67
185.75 3387.39 2 262.51 5992.12 27.96 2612.85
187.77 4188.30 2 3715.39 7874.66 7484.72 6048.71
188.18 8608.77 2 2049.59 4123.60 9959.56 726.04
191.04 2452.08 2 6255.78 2586.62 8569.46 1774.45
191.12 6455.99 2 9618.91 5856.20 3300.49 4530.55
192.74 8737.23 2 6809.61 9759.27 4412.81 1357.21
195.99 6399.70 2 3157.30 6062.81 9262.13 7983.02
196.44 4722.16 2 9530.89 982.61 7836.50 5390.31
197.94 3297.21 2 8560.26 5582.62 6180.91 7865.23
200.22 5611.09 2 8379.01 1397.12 7900.28 6987.76
200.86 9043.20 4 7380.24 2184.70 8223.14 2342.20 968.56 2564.57 452.04 1793.92
202.90 1344.91 2 9823.00 3315.51 9724.76 4656.83
207.10 1454.87 2 8317.53 615.30 6882.57 375.41
207.47 6073.61 2 5489.07 8281.10 440.19 4905.08
208.23 4811.32 2 5400.13 2871.84 5222.22 7679.87
208.98 5149.21 2 7192.25 9884.03 3128.44 6721.79
213.35 7967.68 2 1750.96 8429.08 4203.57 848.27
215.03 7151.36 2 4648.68 910.25 5814.03 7966.02
217.50 5474.90 2 7946.90 5040.20 2898.62 2921.38
222.83 2941.58 2 4032.79 2290.79 6757.51 3399.31
224.09 2104.44 2 9164.86 2089.37 7650.46 3550.63
224.46 9423.25 2 5756.75 0.93 6963.79 9346.55
226.67 6533.60 2 115.30 273.22 6648.82 242.07
227.96 7898.13 2 8356.24 1962.70 2955.34 7725.58
229.18 2459.05 2 6868.27 575.23 8529.65 2388.17
229.25 7762.31 2 1267.79 537.92 7370.04 5335.43
237.20 3259.81 2 5052.16 9180.51 7720.37 7307.80
238.83 7841.44 2 8583.03 5436.71 741.73 5390.03
239.82 5491.14 2 6250.17 530.37 2079.17 4101.83
239.92 2195.83 2 8548.14 7233.61 9562.11 9181.30
242.03 2801.64 2 3947.20 2218.79 1414.16 1021.76
244.02 2301.22 2 6118.75 5048.86 7583.98 3274.41
249.41 4770.67 2 2427.16 4198.00 7169.91 3682.57
254.05 4002.39 2 3683.72 5560.90 5009.70 1784.55
255.30 5265.08 2 6190.75 2951.51 1708.71 5714.20
261.39 9169.25 2 7124.49 8167.04 528.32 1797.93
263.66 5783.10 2 2677.99 1548.61 655.31 6966.45
264.33 4816.42 2 232.64 846.07 3772.71 4111.92
265.22 8261.19 2 8079.72 5858.41 826.33 1904.22
267.23 5561.73 2 7252.29 5283.21 2138.74 3095.85
268.05 3902.31 2 7873.73 5443.78 6064.56 1986.19
272.88 6944.01 2 169.94 6243.98 6362.45 9385.97
273.05 8752.73 2 8095.97 303.47 3224.97 7575.59
276.31 9815.33 2 8757.99 7989.43 2404.83 507.58
276.74 6837.03 2 1242.64 5557.93 5292.90 49.72
277.68 4483.83 2 945.75 5998.55 5262.11 7212.52
277.81 6290.50 2 6694.95 7305.52 4076.41 1585.93
287.04 6351.78 2 2916.25 9822.08 3898.81 3546.76
289.13 7156.34 2 3780.88 7638.53 5283.21 641.66
290.38 6018.91 2 2797.88 2906.01 5757.09 8147.22
291.38 8169.09 2 7851.40 3753.26 418.73 7142.88
296.30 7914.86 2 469.87 1224.10 3916.77 8348.98
297.86 10193.24 2 6813.39 9927.52 3376.81 331.06
301.30 6764.80 2 6831.83 2938.33 9592.18 9114.33
306.50 5724.99 2 5933.18 6308.74 1979.90 2167.82
306.94 7246.80 2 7502.93 7576.58 8662.73 423.19
307.19 7459.62 2 7782.95 821.68 8734.44 8220.37
308.83 8641.27 2 9246.42 1847.66 645.15 2678.11
311.48 5873.90 2 4049.95 3230.20 2257.18 8823.83
320.70 6835.05 2 8285.26 2577.17 3150.74 7088.78
