44.65 2232.38 2 3201.69 9066.37 1347.51 7823.18
53.94 1097.17 2 5150.36 3714.67 4137.09 3293.87
64.46 3023.15 2 848.02 7585.55 3869.46 7687.28
68.09 2904.32 2 5944.96 6313.27 7861.00 4130.64
68.55 2827.59 2 6504.67 1249.36 3695.78 1574.01
87.46 373.10 2 1866.88 9621.83 1588.38 9870.11
104.48 1123.95 2 4413.81 4728.15 3796.91 3788.64
114.34 2516.90 2 3324.96 5039.35 4516.59 2822.41
127.16 5057.96 2 4526.16 1080.00 9557.90 565.65
132.37 5718.67 2 2062.82 7167.98 1475.18 1479.59
133.98 4699.21 2 2581.43 7441.70 7255.37 7928.30
137.05 2452.62 2 6651.26 556.16 4726.38 2076.07
140.61 6730.65 4 5401.43 4353.86 4976.37 4910.71 7679.94 3084.42 6838.16 448.05
142.27 5913.52 4 5224.80 6193.01 5439.92 6891.75 6002.03 8785.70 3037.37 7563.25
145.84 1791.90 2 2766.27 5806.28 4509.24 6222.21
151.17 5158.34 4 8428.30 4655.76 9012.01 5170.45 8344.73 5917.41 5022.48 6531.44
152.01 2300.30 2 5951.59 6123.30 4788.25 8107.74
152.88 2444.10 2 7078.27 3118.89 9315.73 2135.34
155.20 4360.16 2 7022.71 5022.69 9503.50 1437.06
155.37 7368.75 2 5220.93 2700.68 9412.29 8761.29
158.05 4002.65 2 2495.28 3364.09 2304.01 7362.17
159.54 2976.84 2 8052.69 816.20 9219.75 3554.72
162.27 5113.31 2 3107.32 9734.24 3438.04 4631.64
164.68 4633.96 2 3108.16 7478.52 1282.62 3219.30
164.77 3338.59 2 9546.95 2198.68 6355.70 1217.81
166.64 7231.91 2 3902.78 338.46 5209.99 7451.25
169.31 8365.27 2 6863.82 1294.77 8066.38 9573.15
169.87 4793.75 2 3269.36 676.08 4659.41 5263.87
175.60 6680.09 2 2771.64 6983.49 7987.83 2810.37
176.55 4327.67 2 6840.14 8215.51 7167.83 3900.26
181.56 8077.96 4 1793.11 2030.79 2276.62 1992.18 1513.72 8278.04 876.57 7189.92
186.02 5501.02 2 5570.99 1865.66 252.42 460.62
188.94 6347.16 2 7723.57 7548.21 4352.19 2170.44
189.13 4656.31 2 8413.97 7118.72 9405.68 2569.25
191.82 2890.97 2 4389.72 2898.38 2067.40 1176.59
194.66 8332.92 2 7727.15 82.55 3599.81 7321.51
196.09 4004.38 4 5997.55 4963.34 5306.83 5065.88 7388.93 5427.38 8378.70 4761.63
198.37 1718.69 2 3523.14 2316.13 1817.04 2523.75
198.59 8229.31 2 9606.80 6236.76 2881.55 1494.14
199.37 468.73 2 4965.45 4888.61 4612.16 5196.67
199.76 5288.12 2 1362.64 1283.95 6566.67 344.67
202.36 4717.98 2 6835.25 3624.25 2270.82 2430.39
204.12 5606.01 2 3599.08 1895.82 3714.18 7500.65
208.28 6214.09 2 442.61 1285.04 5459.82 4951.44
210.53 7626.26 2 9601.14 8040.18 5668.62 1506.04
214.57 6428.64 2 3209.53 6962.97 5005.54 790.30
215.23 4861.31 2 3559.45 5515.48 4133.56 688.19
221.80 5989.93 2 5908.81 8672.65 3819.51 3058.91
226.31 10515.60 2 629.05 3639.23 9347.57 9518.46
229.19 3859.28 2 5034.45 8652.12 5371.85 4807.61
231.06 9653.01 4 851.97 1468.84 966.69 1147.57 8781.81 2708.67 9305.60 1472.72
231.50 2174.79 2 8531.73 1934.21 6893.47 3364.54
231.50 8275.23 2 9441.60 3468.27 1274.97 2132.07
232.42 2621.21 2 831.63 4107.70 3380.51 3496.13
233.04 1751.86 2 8140.26 5553.98 9599.33 6523.57
239.24 9262.00 2 927.30 4920.86 9403.22 8654.94
239.27 8463.74 2 7489.85 9921.41 8239.65 1490.94
239.65 4082.31 2 2993.64 7792.48 6438.47 9983.00
241.60 9879.89 2 309.69 9033.47 9262.38 4854.78
242.24 3612.04 2 5208.55 3092.87 8602.14 4329.97
246.44 6122.17 4 1308.34 3663.56 2183.43 3963.43 5907.63 4991.41 4633.24 4598.32
247.31 6665.34 2 7463.12 7918.23 3025.45 2944.93
262.38 4418.76 4 3887.99 2350.39 4251.45 2086.19 5573.30 883.48 7755.58 892.99
262.66 11333.21 4 1494.23 7256.01 2224.46 6946.67 7111.08 66.29 8003.59 1968.34
263.41 4070.65 2 3614.30 9848.67 5524.85 6254.24
263.71 4285.46 2 2255.25 3762.65 6259.19 5290.27
268.86 6842.84 2 8709.44 3214.93 5567.48 9293.79
272.25 8012.57 2 8420.00 4674.03 922.35 7500.05
278.06 7603.05 2 2551.27 4563.45 9776.31 2195.91
279.46 6773.13 2 4022.17 37.32 9669.79 3776.25
280.24 6911.94 2 4026.89 4111.30 9980.17 7623.20
282.03 7601.69 2 9198.25 2143.86 1601.78 1862.17
291.87 4993.55 2 4762.41 3661.07 2096.00 7883.13
294.67 7433.52 2 7170.49 1620.54 9924.70 8525.00
295.72 4986.15 2 2568.39 5956.15 5848.24 2200.59
296.19 7409.40 2 1201.46 9670.54 7874.44 6450.19
312.33 8616.66 2 7230.57 4963.70 63.78 179.99
319.18 8258.86 2 7901.36 7625.58 1336.63 2614.28
319.53 8476.48 2 1270.59 5810.28 9279.31 8587.17
320.93 8046.39 2 4308.89 1661.00 7604.90 9001.34
322.31 9715.46 2 1275.64 9030.22 5833.71 450.36
322.82 7340.77 2 7571.42 189.77 5591.11 7258.38
322.95 8347.38 2 7904.44 5986.97 1975.61 110.93
324.01 6900.27 2 4996.41 7547.06 9213.96 2085.74
331.45 8172.35 2 2771.17 8782.81 5624.22 1124.65
332.92 8346.04 2 9141.46 2055.84 3400.52 8113.72
334.57 10628.37 4 4034.71 9480.30 3121.97 9418.01 9959.75 8089.98 7378.05 9031.28
360.29 9414.69 2 980.78 9668.72 1813.16 290.89
394.14 11607.02 4 4008.87 9666.22 3722.72 9320.51 324.62 2731.64 1669.20 6226.65
