49.40 969.87 2 5463.67 8683.52 4505.77 8835.38
54.34 816.99 2 1847.50 8351.31 1835.40 9168.20
56.53 2726.34 2 4363.34 769.74 7044.64 276.21
78.37 1418.38 2 3250.50 6988.81 2189.84 6047.11
79.33 2566.43 2 6786.08 2686.38 8288.25 605.50
80.59 3429.36 2 8301.32 6512.49 4900.96 6067.47
98.59 1129.51 2 9041.18 7766.30 9444.96 8821.17
108.09 2404.29 2 4197.81 3951.33 3311.28 1716.45
111.53 4676.44 2 8371.50 4041.48 5534.59 323.82
119.96 1898.17 2 1924.29 2062.90 65.61 1677.73
122.30 1514.78 2 5042.94 5543.84 5602.62 6951.43
124.41 2620.41 2 102.30 7148.68 1032.83 9598.31
127.15 4657.74 2 9238.51 4456.48 7785.32 8881.72
127.28 5363.76 2 1757.21 1035.65 4248.31 5785.85
135.91 3595.71 2 5881.12 2647.75 7489.19 5863.84
139.54 4576.92 2 8809.76 6157.82 6127.48 9866.41
141.16 1558.00 2 1980.88 4811.22 3089.90 3716.95
142.31 6315.72 2 1576.15 8830.41 3719.49 2889.50
143.06 2852.89 2 8053.61 3440.52 9734.25 1135.22
145.56 4377.75 2 5632.12 4292.38 1254.39 4304.47
157.29 6564.69 4 5495.93 956.55 5409.18 870.07 9792.98 2661.41 8948.08 1178.73
165.10 8254.80 4 8818.36 4998.11 8311.74 5269.69 3390.01 2546.91 1471.63 1809.28
168.23 6411.58 2 3767.35 2238.77 1131.32 8083.40
168.39 1119.38 2 7081.96 2543.72 7978.95 3213.36
168.72 5136.07 2 233.95 7227.86 5056.65 5461.32
169.43 3571.50 2 4267.55 72.42 5374.04 3468.20
174.09 1904.39 2 2709.06 7197.95 1395.74 5818.87
175.14 2357.21 2 7664.53 264.50 5710.82 1583.39
177.59 8579.63 4 2100.58 4024.41 1801.83 4132.09 8372.93 4554.42 9610.81 5686.39
179.13 3656.53 2 3928.22 9076.74 6117.29 6147.88
179.29 964.60 2 9600.35 2749.37 8834.20 3335.44
184.91 8845.72 2 2062.42 596.36 1760.64 9436.93
185.63 4281.26 2 7466.21 5383.66 6451.09 1224.49
186.05 5402.50 2 2381.97 325.74 2590.48 5724.22
187.47 8273.69 2 2073.30 8564.78 1791.71 295.88
188.66 3832.95 2 1600.53 9064.14 3839.31 5952.98
192.01 2500.29 2 4661.38 9738.25 3743.62 7412.49
193.11 7555.34 2 1599.10 2786.37 4436.01 9788.88
193.59 3979.52 2 8669.64 6409.17 5663.57 9016.87
198.62 7130.78 2 3876.17 3480.62 477.58 9749.40
199.32 5565.77 2 8847.36 2262.42 3376.45 3285.61
200.50 8425.04 2 7594.73 9215.91 8062.23 803.85
201.22 9561.24 2 1472.25 1032.87 7615.77 8359.17
204.22 8410.92 2 6852.51 9413.62 2912.05 1982.85
205.69 4384.27 2 3955.23 760.14 2290.80 4816.18
207.52 5676.14 2 2081.51 1936.41 7757.65 1927.48
208.10 8104.76 2 7414.33 7562.32 3250.96 608.66
209.45 4372.43 2 2740.69 3185.02 6677.80 5086.96
216.63 2631.66 2 8295.42 5414.86 9726.61 3206.39
217.10 3455.18 2 9317.71 7912.17 5907.01 7359.54
217.11 1355.44 2 4433.84 1343.79 3985.02 2622.76
221.97 8898.66 2 9158.80 53.29 2222.92 5628.22
222.14 3307.17 2 5581.90 3542.90 3579.68 6175.11
222.64 4531.96 2 2704.82 1910.52 7051.51 627.95
223.73 10486.41 2 9687.12 1066.08 1643.82 7794.38
225.44 3572.05 2 2089.70 2344.78 1701.56 5895.68
226.46 3023.12 2 4372.43 7937.35 1349.76 7885.36
229.23 6961.60 2 7179.14 8974.62 2260.36 4048.20
229.73 8886.41 2 1272.21 7007.14 9913.06 4932.56
230.77 3438.48 2 5034.56 7843.88 7352.41 5304.05
240.94 7247.00 2 1622.01 8498.02 3941.14 1632.11
242.53 7026.49 2 8316.53 7886.60 7526.59 904.66
243.01 2750.42 2 6054.85 6551.24 3944.19 8314.75
243.37 4668.64 2 9691.27 3025.11 5427.32 4926.38
244.19 7009.41 2 8797.04 575.32 7800.76 7513.57
246.72 5836.05 2 7418.27 5330.46 2685.80 8745.60
253.13 9556.43 4 8630.13 5529.65 8444.42 5950.22 3037.22 9772.30 1659.04 7716.47
254.58 8729.13 2 345.95 2251.71 8987.52 3484.96
257.11 4355.62 4 5845.01 1682.82 5856.02 1687.73 3051.44 2167.06 1590.24 1835.67
260.09 6704.31 4 7012.20 8903.56 6910.83 8600.60 4257.23 4485.69 3546.26 3177.95
260.85 3742.35 2 2874.74 5733.98 5940.22 7880.61
263.66 4283.14 2 7958.14 9338.26 4057.35 7569.33
264.39 4419.46 2 3503.63 7549.82 5332.84 3526.69
268.68 8034.03 2 9513.79 1179.04 2427.27 4964.13
270.05 5902.34 2 4314.22 6340.47 8295.15 1982.74
275.83 5391.69 2 179.89 5079.15 3978.99 1253.29
279.84 4191.89 2 6470.16 187.63 2315.99 748.71
281.44 5072.13 2 9888.57 4472.22 5524.71 1887.03
287.13 10856.41 2 7535.37 8464.88 217.00 445.95
288.91 8445.60 2 2321.19 4007.82 9441.54 8549.71
293.55 8877.65 2 3418.98 9859.84 977.89 1324.39
295.51 7875.74 2 1050.67 2377.63 8413.16 5174.25
295.58 7779.09 2 4416.17 9173.25 4609.95 1396.58
305.02 7351.06 2 571.60 3402.93 7164.12 6655.12
308.98 12049.13 4 3013.53 27.89 3575.21 407.37 7481.84 9937.17 8095.87 9058.68
316.05 6202.35 2 8310.44 3426.91 8391.43 9628.73
316.19 8609.30 2 8599.70 1533.25 934.24 5452.56
316.32 5916.24 2 7373.24 844.02 2196.06 3707.36
332.96 10447.95 2 9178.10 2518.75 1028.86 9057.06
335.22 7061.18 2 3613.07 1942.05 667.53 8359.54
354.63 9131.28 4 7801.39 8748.96 7604.79 8808.12 7371.14 801.53 6461.19 906.40
358.34 8717.11 2 9457.64 7929.19 2456.84 2735.27
