35.83 1691.64 2 6038.74 2159.47 5474.89 3754.38
38.31 1615.50 2 8037.06 2761.11 9614.45 3109.92
59.60 1180.00 2 8248.78 3444.34 7930.47 2308.09
63.07 1953.58 2 130.46 361.16 2078.58 507.08
67.22 561.18 2 5010.87 3668.92 5571.80 3685.74
71.17 2758.55 2 2774.24 4872.75 2787.61 2114.23
72.44 3022.01 2 6150.42 5366.55 6252.72 8386.83
81.33 2566.40 2 8758.11 2436.99 7178.52 414.29
91.28 3563.99 2 4214.60 9534.86 3599.02 6024.43
92.81 2040.26 2 668.81 3870.99 1622.02 5674.89
95.63 2581.31 2 8834.60 6857.88 7422.96 4696.76
97.40 4169.90 2 2286.38 6624.85 1554.87 2519.62
101.22 4661.11 2 534.20 959.74 5139.14 1681.21
106.83 3941.49 2 7169.40 4980.27 8504.86 1271.92
106.88 844.10 2 2636.70 2010.13 3388.35 2394.22
110.35 5317.53 2 9426.05 5085.20 5818.84 8992.15
120.88 6043.90 2 3396.69 2363.33 5349.78 8082.96
124.35 2917.26 2 2547.36 6560.27 4409.75 4314.85
124.84 4542.02 2 470.35 2534.66 1970.41 6821.82
131.13 2756.40 2 1468.58 2164.42 4109.36 1374.45
133.19 3159.36 2 2247.20 4168.32 85.36 6472.23
133.52 4676.24 2 959.54 5372.69 1320.19 710.38
135.33 3866.35 2 8412.39 8414.35 9074.11 4605.05
143.23 4161.41 2 7531.43 8909.25 3831.65 7004.26
145.73 4786.63 2 2636.71 8421.47 7418.74 8211.78
146.20 6210.24 2 1962.83 102.08 1265.33 6273.03
147.44 3771.89 2 3769.29 4536.15 1294.76 1689.43
150.37 2718.28 2 5316.29 2249.13 2607.42 2023.07
152.38 2518.96 2 3738.62 7187.68 3697.95 4669.04
156.53 3926.61 2 8287.49 3435.23 6545.46 6954.26
157.18 4659.03 2 3616.71 3031.97 2869.40 7630.67
165.99 5199.44 2 9298.62 841.13 5121.45 3937.16
166.51 2525.33 2 635.82 2086.22 2803.57 790.79
167.76 6287.98 2 229.18 1618.99 5982.15 4157.11
167.95 6497.36 2 8281.77 4569.18 3558.59 9030.93
168.16 7508.07 2 1316.79 7493.06 5249.01 1097.06
168.90 4244.80 2 9863.29 9503.71 6176.99 7399.05
176.64 4731.87 2 6362.32 9549.60 5338.01 4929.92
177.82 6590.80 2 3781.20 6081.18 8606.01 1591.21
180.77 2038.37 2 5665.71 2200.11 7703.20 2260.05
183.83 6791.39 2 7490.74 5308.86 1193.32 7851.58
190.53 1426.70 2 4447.10 4529.66 5773.05 4003.05
191.36 5867.99 2 1346.90 8820.64 1174.71 2955.18
192.41 6220.61 2 9796.97 6848.58 6046.59 1885.65
192.85 3642.53 2 5726.87 9252.93 9368.46 9170.65
196.66 1633.15 2 3239.14 1883.00 4680.31 1114.75
197.78 589.15 2 1541.75 7755.65 1760.10 7208.46
200.61 1630.40 2 7002.66 8152.91 8136.71 9324.29
201.91 7395.72 2 8014.58 2030.24 1185.15 4868.48
207.57 5378.28 2 8344.54 8483.39 5290.02 4056.68
208.70 9135.15 2 9371.05 6958.79 2190.18 1312.01
209.36 4267.99 2 5959.45 3230.97 9399.51 5757.17
210.59 4929.25 2 3707.19 4721.88 8572.46 3930.27
215.44 6372.00 2 8206.61 846.35 6007.85 6826.98
218.40 6220.11 2 9741.08 1866.59 3656.33 576.03
223.16 4858.23 4 3970.75 8442.39 3848.06 9331.25 1817.24 8534.49 2859.15 9976.96
224.94 3646.91 2 8962.61 4329.46 9058.44 7975.10
226.90 5645.17 2 9311.93 5946.47 5027.90 9622.75
227.87 7093.31 2 9303.05 1475.19 2401.02 3111.35
228.97 10948.58 4 7539.93 1625.14 7768.46 1306.43 539.74 5512.00 935.37 3354.65
232.95 4747.58 2 3167.35 3089.46 7183.94 558.37
233.47 4273.55 2 5489.83 923.78 9325.32 2808.51
234.75 6337.46 2 7974.88 2682.51 7720.89 9014.88
238.86 4243.03 2 2597.62 8441.42 6504.87 6787.13
242.31 8115.67 2 2665.55 1513.06 6791.78 8501.50
243.41 5470.75 2 9536.57 6506.65 5835.21 2478.12
249.26 7162.85 4 3308.25 4535.31 3432.58 3699.39 5868.27 8949.14 5354.86 9082.59
252.55 4127.27 2 628.82 9275.72 3674.88 6490.77
256.76 6738.07 2 3063.49 875.38 3416.90 7604.18
257.70 3084.89 2 4426.94 6993.11 1901.04 5222.12
263.11 8555.45 2 1339.78 9656.94 9893.24 9472.35
265.01 6450.27 2 8972.61 9409.59 8165.78 3009.97
274.14 4507.19 2 1984.59 1981.16 6224.34 3510.64
283.32 7665.79 2 3679.43 7174.04 9872.99 2656.95
283.81 9290.41 2 8152.37 8089.17 2408.86 786.86
289.21 8060.43 2 2395.29 4532.00 9808.37 1367.09
290.64 6531.79 2 7966.33 8753.12 8203.56 2225.64
292.29 6814.57 2 486.09 4972.20 6428.16 1636.01
292.92 7445.92 2 6862.58 1219.82 9401.47 8219.52
295.13 6856.67 2 6481.05 8158.68 253.15 5290.37
300.37 6418.41 2 6582.85 456.30 253.17 1519.83
300.91 9845.38 4 7277.64 9161.38 6357.28 9469.89 5637.15 2685.63 3604.93 2399.29
304.34 5317.19 2 6079.24 14.24 3635.91 4736.81
313.46 8173.08 2 1564.18 3627.48 9694.61 2793.60
315.15 6257.71 2 7840.93 3439.69 7191.36 9663.60
324.22 6810.87 2 6009.33 1864.87 7262.54 8559.45
324.58 8929.08 4 9197.53 1420.89 8563.35 1781.81 1202.47 3683.60 1280.24 3091.89
329.77 7488.45 2 1234.18 9184.73 7630.64 5290.87
332.86 9542.93 2 9610.51 6806.70 180.72 5341.58
339.13 7256.27 2 2346.31 1689.76 6399.37 7708.58
340.47 8723.33 2 9110.27 6457.05 466.41 7631.92
341.23 7461.38 2 3522.49 8932.51 6592.74 2132.09
341.63 8281.40 2 3197.89 6625.68 9453.63 1199.15
361.88 8993.87 2 6275.47 868.45 9934.55 9084.33
381.85 10192.43 2 264.70 3011.24 9676.60 6923.00
