31.08 953.93 2 6717.19 7728.99 7152.57 6880.20
66.92 3345.76 2 8857.37 1384.07 7693.07 4520.70
70.87 2243.40 2 1788.53 5719.11 2805.18 7718.93
73.44 2672.14 2 3445.43 9935.77 4695.84 7574.24
75.61 1980.59 2 3680.57 644.24 5391.56 1641.87
78.85 2542.25 2 7127.25 1757.01 9625.26 2229.20
87.54 377.09 2 9427.85 610.63 9507.49 979.21
95.71 1885.56 2 6852.23 5238.52 8732.27 5382.66
97.62 4380.81 2 1453.44 886.73 1101.02 5253.35
101.61 380.53 2 7311.14 7741.37 7474.57 7397.73
102.57 3628.67 2 5104.29 6972.07 8670.40 7642.91
103.72 2385.78 2 2921.72 6251.07 2980.56 3866.01
110.40 5420.16 2 3390.02 3167.92 8806.31 3372.43
125.40 2170.06 2 4120.49 7686.03 4315.33 9847.33
128.92 6245.82 2 4705.09 5304.66 9526.93 1334.77
130.27 5813.43 2 9092.74 3778.34 9355.25 9585.83
134.29 4814.34 2 5387.72 5298.37 9224.57 2390.36
143.45 1872.73 2 4916.06 5443.47 3194.50 4706.38
146.10 2805.07 2 8950.65 3519.95 7638.08 1040.92
149.58 7178.77 2 1923.78 5439.16 8238.87 2025.30
150.40 3819.93 2 2839.82 8862.77 4996.10 5709.63
156.62 3930.98 2 6519.98 2225.70 9972.25 345.69
157.60 4579.79 2 3966.26 2440.87 8519.30 2935.13
157.67 4083.63 2 6316.88 4331.07 9987.40 2541.27
159.66 6882.92 2 7520.99 6950.64 4132.08 959.83
159.90 1394.76 2 1566.14 8206.90 1799.03 9582.07
162.45 2022.66 2 4256.48 4445.07 2525.81 3398.18
165.56 1578.05 2 9004.67 722.25 7861.38 1809.98
166.32 7915.82 2 1661.88 2693.44 6772.33 8738.56
168.03 2201.58 2 9300.92 6570.58 7762.03 4996.16
168.94 6146.87 2 90.72 9838.54 5795.72 7550.09
170.06 7703.10 2 2509.37 4179.67 8054.33 9526.75
177.71 3985.56 2 4188.39 175.87 1039.04 2618.47
177.88 6393.78 2 5037.46 7137.92 6542.44 923.79
183.39 7169.38 2 2612.79 36.00 8905.40 3471.56
183.61 4380.59 2 7903.82 1826.56 3894.66 61.27
188.06 7202.79 2 4310.92 1907.84 6677.38 8710.79
189.60 4279.92 2 3122.64 725.91 239.06 3888.62
191.49 4574.46 2 6601.22 1992.52 8293.11 6242.60
191.86 6992.97 4 1477.59 7391.45 1522.49 7694.88 3666.86 5245.09 2356.17 2074.85
192.68 7534.01 2 2246.58 2030.25 9148.55 5050.86
193.36 5067.85 2 18.33 3121.99 4269.90 363.85
199.88 2493.85 2 1683.87 2506.02 3974.33 1519.60
206.47 7123.63 2 4668.31 8751.21 2134.68 2093.37
210.58 6228.92 2 723.71 7501.30 5334.22 3312.91
212.44 6422.00 2 9710.94 5241.62 3628.33 3181.54
212.89 9744.56 2 9976.57 6325.95 245.85 6845.30
216.76 3537.88 2 2316.84 6007.85 2386.10 2470.65
216.99 9649.50 2 9908.77 1892.10 1228.53 6107.10
220.08 2804.01 2 5566.25 6553.61 8294.88 5907.83
221.92 4596.03 2 5524.03 1658.34 7537.43 5789.90
224.28 5313.76 2 6165.45 3748.62 1689.31 6612.23
230.44 2822.16 2 593.54 519.86 2531.35 2571.56
239.79 3889.52 2 263.00 4108.87 2546.60 960.29
240.24 8611.86 2 418.80 4690.89 7442.20 9674.47
244.40 6420.03 2 676.71 9250.05 6870.17 7559.49
246.38 2619.05 2 2107.06 6394.08 3555.90 8575.88
248.25 5212.73 2 9868.52 1358.71 7498.36 6001.43
250.65 4632.58 2 5961.24 5918.71 1543.60 7313.42
256.79 8439.39 2 6153.21 9264.32 9513.21 1522.64
258.09 5904.40 4 8153.47 4170.55 8397.87 4818.31 4301.11 3341.64 3929.85 2568.91
260.90 5445.17 2 9731.74 5611.54 5058.28 2817.14
262.65 10732.64 4 9512.23 3602.90 8905.50 3115.96 1002.62 8283.18 491.01 8253.71
263.26 3863.23 2 2781.37 3783.61 3770.37 49.12
263.37 6868.41 2 805.79 4550.82 7603.56 3568.32
265.27 3663.26 2 5583.29 5432.31 1929.61 5167.58
267.78 5989.01 2 9642.15 7504.02 3653.75 7418.69
273.15 4657.61 2 2004.09 2562.00 3944.85 6796.01
273.93 4596.42 2 5041.25 2770.41 9480.72 3961.28
274.37 4918.43 2 5723.88 2315.04 1072.22 717.22
274.58 8228.81 2 3491.46 8748.52 9111.75 2738.06
275.32 6666.03 4 454.87 3276.10 468.08 3193.23 570.46 7366.70 203.54 9745.97
278.74 7536.91 2 7355.42 659.88 5629.07 7996.41
284.17 7408.52 2 5090.11 8595.26 6800.65 1386.92
284.90 5044.76 2 6742.08 4867.63 2081.07 2937.71
285.23 4461.67 2 7905.17 6783.81 5856.30 2820.39
285.68 5884.25 2 7539.49 2723.82 6710.71 8549.41
289.14 12857.14 4 8552.95 1854.30 8675.41 947.93 2406.53 5797.66 5018.00 2745.75
296.67 6333.63 2 6607.91 3345.80 277.32 3149.53
299.86 8092.88 2 8447.43 8729.39 5475.43 1201.98
311.62 9580.79 2 255.34 3460.57 9301.32 304.31
317.96 10798.05 4 9090.14 7190.56 8969.10 7741.87 8912.08 1340.98 5722.35 3465.45
321.28 7464.13 2 5570.94 9113.05 4666.24 1703.95
326.13 10606.75 2 7425.36 8471.38 139.86 762.65
327.86 10993.05 2 9299.03 8483.70 1475.01 761.53
328.44 7022.22 2 1351.01 3937.58 7296.11 7674.87
329.73 6586.58 2 3061.36 5808.64 7737.15 1169.67
334.67 9033.27 2 472.73 9125.92 9488.08 9694.65
339.77 8988.57 2 7575.15 7373.77 191.58 2247.65
341.58 14379.20 6 1726.19 5398.95 2109.00 5766.20 1770.93 5979.85 9072.23 3137.29 8510.38 5443.75 6510.67 2894.80
364.83 8741.57 2 8512.01 7949.28 2633.17 1479.80
414.33 11816.33 2 1248.74 9396.55 8541.10 98.86
