42.21 2010.67 2 5102.60 5005.99 4833.73 3013.37
52.28 913.97 2 8021.47 1864.88 8631.90 1184.64
63.17 2758.26 2 3784.04 1523.60 1104.63 868.81
65.34 267.13 2 6480.14 8454.01 6361.33 8214.76
69.25 2862.42 2 3562.80 3569.17 5748.32 1720.68
76.79 2239.54 2 8781.63 3110.02 6565.12 2789.66
79.69 1384.55 2 4666.35 6522.32 4149.41 7806.74
81.78 3088.92 2 4635.99 25.21 6686.90 2335.02
82.84 941.85 2 2060.33 4375.50 2234.57 5301.09
83.07 1953.26 2 4467.22 8280.72 6228.98 9124.19
86.10 3405.00 2 4930.58 1955.65 5504.31 5311.96
86.26 3113.05 2 8640.00 8062.92 7240.16 5282.35
90.54 3227.20 2 2772.27 8013.71 5368.40 9930.72
95.18 4458.94 2 3076.00 3072.39 4192.76 7389.21
105.47 3873.53 2 4051.52 8661.71 182.87 8467.42
107.71 2485.29 2 7512.56 509.29 5073.27 985.22
112.73 3636.46 2 7299.81 8722.95 3850.51 9874.54
117.09 4054.45 2 4014.49 3109.55 7439.74 5278.93
122.41 3320.75 2 7605.60 9399.07 6837.43 6168.39
123.52 6176.14 2 3616.06 364.99 9749.67 1088.53
124.02 2201.15 2 1206.14 1979.65 3388.48 2266.85
125.27 1763.62 2 2931.60 7984.03 1349.53 8763.39
133.70 6185.25 2 7906.30 4328.24 2527.78 7382.55
136.04 4102.15 2 1049.62 6303.41 3879.54 9273.13
140.13 5906.65 2 2253.47 6771.68 7889.55 5004.43
141.61 4980.53 2 2026.36 624.82 6988.67 1050.35
142.38 4019.10 2 3286.57 3646.59 94.26 1204.80
145.56 2678.01 2 9640.09 1622.69 8242.41 3907.03
149.79 2489.28 2 4369.31 6900.94 2459.08 8497.04
159.90 7194.80 2 8183.60 7664.15 1010.75 7102.57
164.64 3432.21 2 5514.86 8469.16 2595.82 6663.82
171.85 7892.73 2 9698.97 6599.25 2764.12 2830.55
179.68 6483.84 2 1069.38 6898.59 7475.39 5896.94
180.48 5224.23 2 1546.29 8937.57 6768.46 8791.15
181.51 5775.72 2 7061.69 226.34 9226.24 5581.12
184.54 3126.92 2 3683.01 712.68 4762.71 3647.28
188.23 9211.46 2 1455.74 2352.93 8640.94 8116.95
194.85 5542.28 2 69.74 7982.69 5470.30 6737.36
196.43 3421.47 2 8625.02 2326.73 5499.51 934.72
198.14 6007.09 2 5880.79 9878.44 2513.14 4904.10
201.83 1091.26 2 1383.63 6037.42 2178.88 5290.14
204.01 6700.67 2 1376.02 4679.82 7604.53 7150.59
209.09 6354.41 2 4474.09 4192.25 8632.91 8996.70
209.49 4974.37 4 9549.91 6487.78 9128.75 7385.90 7668.44 8927.88 6006.87 8094.90
209.79 5389.39 2 9143.91 3646.77 7485.68 8774.72
209.87 6193.53 2 7163.18 3663.36 3518.98 8671.32
212.01 3700.26 2 9143.94 1111.67 5460.09 763.60
214.75 2737.56 2 2165.13 4866.76 3068.96 2282.71
215.57 3178.56 2 4625.76 1413.46 3581.03 4415.43
215.89 6094.38 2 380.51 9933.14 6024.65 7634.18
216.97 8448.40 2 2098.57 9189.84 4748.44 1167.76
221.72 8785.97 2 494.99 894.65 2760.22 9383.58
222.31 6715.57 2 5005.01 147.30 6513.32 6691.30
222.61 4930.64 2 8075.43 5500.50 3881.35 2908.02
222.98 1449.12 2 9569.93 3273.72 8537.54 4290.64
225.50 5674.85 2 1565.41 8485.35 7028.16 6948.38
229.74 5786.79 2 6200.03 8657.03 5778.87 2885.58
233.69 9784.61 2 41.91 9459.68 4966.71 1004.80
235.59 4979.65 2 3200.57 2467.82 3369.60 7444.60
237.53 8476.56 2 6759.96 8371.21 5225.86 34.63
239.30 10464.97 2 8165.59 9929.63 1817.45 1609.98
239.47 2673.33 2 5233.16 3933.84 6794.23 1763.65
241.24 5462.11 2 4986.69 2595.77 9936.25 4905.84
241.38 5068.77 2 4490.40 4926.79 8071.80 1339.86
241.87 6093.29 2 8140.47 3163.93 2286.33 1473.60
242.90 5444.97 2 8202.63 5852.08 4244.86 9591.56
247.62 8680.99 2 6902.59 1110.68 6155.69 9759.48
248.85 3942.47 2 8935.03 1859.36 5161.94 3002.57
257.51 7975.60 2 199.23 8008.47 6822.40 3565.07
260.93 5146.27 2 9949.08 7526.38 4811.54 7226.60
260.95 4747.65 2 1810.68 498.11 5626.22 3323.31
261.44 7872.19 2 1420.38 3218.54 7358.00 8387.30
263.02 4551.08 2 456.93 4166.19 2506.72 102.86
263.78 5689.14 2 7381.46 9907.75 7717.02 4228.52
264.43 6921.26 2 7129.15 2450.68 6677.47 9357.18
265.42 4571.23 2 6527.03 3772.47 2068.74 4782.35
267.62 5181.11 2 8405.37 5032.55 3243.18 4590.19
269.37 9868.60 2 4679.48 9454.93 1057.84 274.90
276.66 6732.83 2 5922.75 7650.77 4977.51 984.62
276.79 8039.28 2 8552.79 5033.89 2203.91 102.19
277.54 6577.11 2 7624.27 8120.98 4618.60 2270.83
279.13 5156.46 2 675.98 8348.35 2065.27 3382.57
281.61 4180.72 2 3216.69 4502.32 7367.45 5001.92
297.52 9475.89 2 9277.44 2175.86 3639.79 9792.25
298.57 9628.70 2 8946.49 8234.51 3883.95 44.12
305.73 6386.45 2 7266.29 9668.95 4008.87 4175.69
315.07 7653.75 2 159.46 1857.12 4423.00 8213.38
316.13 6706.32 4 7220.36 8358.96 6939.22 7801.72 6073.81 4064.37 7774.21 2597.08
322.18 8408.87 2 273.16 2035.74 8269.10 4638.45
326.14 6507.10 2 2573.72 88.35 1918.52 6562.38
326.57 9128.54 4 3622.81 1547.64 3833.52 1535.08 8540.82 6394.92 7867.68 4351.32
334.01 10200.26 4 3258.52 8201.85 3616.54 8055.09 8804.64 2761.37 7546.99 4806.84
345.33 8866.37 4 7705.78 3944.27 7720.03 4742.65 5280.77 9812.65 5777.11 7422.04
355.64 8281.93 2 3468.53 253.99 5248.26 8342.44
379.55 9777.70 2 6718.22 302.10 2632.46 9185.23
