33.68 1283.94 2 7093.09 9057.25 5868.47 9443.01
40.58 1529.07 2 5163.40 9405.45 4031.73 8377.17
61.38 1569.01 2 9014.79 1910.86 7558.33 1327.35
64.55 2427.29 2 1986.83 5054.66 1729.68 7468.28
68.90 1545.12 2 4898.86 5786.96 3488.59 6418.26
81.75 1687.54 2 7942.95 907.58 7734.09 2582.14
82.77 3438.57 2 7289.57 839.69 4433.99 2755.25
90.97 3548.45 2 3414.52 5681.73 6962.92 5661.89
104.68 4634.06 2 6696.41 649.55 8250.48 5015.26
105.61 780.48 2 6684.37 8313.47 7062.24 7630.56
105.76 5088.09 2 5440.83 9834.03 1941.82 6140.04
110.01 5400.39 2 560.48 6374.78 623.25 974.75
110.28 4114.17 2 7242.77 2467.32 8373.08 6423.17
110.73 3236.63 2 2074.47 6996.54 5037.65 8298.58
110.91 3445.39 2 8347.24 3856.81 5379.49 2106.63
113.21 4360.41 2 7887.37 2175.26 3745.30 812.75
119.46 2572.82 2 8774.33 7631.73 9008.66 5069.61
124.93 2946.32 2 3378.78 6785.56 3001.73 9707.66
126.42 3621.10 2 3779.10 5883.91 338.50 7012.88
128.80 1739.87 2 7732.60 8980.21 8197.91 7303.72
128.81 3540.61 2 3347.12 6478.81 1002.08 9131.49
130.87 443.60 2 4502.70 3728.25 4735.47 3350.64
136.46 4623.15 2 7021.87 3469.22 8109.08 7962.71
140.27 5213.32 2 1771.12 2949.32 6975.58 2645.45
144.60 4629.88 2 1864.26 1398.15 5868.21 3722.83
147.52 1575.82 2 5746.82 3839.90 4546.92 4861.39
147.81 5790.67 2 533.35 7059.14 1780.04 1404.26
150.50 6625.21 2 8378.60 32.24 2737.63 3506.85
152.20 4610.14 2 3062.76 4668.41 1861.61 217.50
152.21 3210.48 2 4708.01 6867.86 6987.80 9128.33
155.60 2580.17 2 1380.80 1879.71 2112.32 4354.01
156.39 2219.38 2 4649.23 826.40 6860.66 1014.05
160.57 2128.54 2 9599.21 4017.03 7713.60 3029.55
160.74 4836.84 2 3993.33 8340.96 2525.75 3732.15
162.01 5000.46 4 8092.21 4564.46 8456.68 3742.58 5759.65 4349.68 4773.44 3447.12
166.40 3220.04 2 6105.67 7516.84 9145.86 6455.77
167.96 6698.15 2 3155.41 2259.60 1882.45 8835.69
168.96 8448.23 2 8709.13 1316.48 4195.73 8458.03
169.07 3653.57 2 4245.92 3938.50 716.57 4883.09
171.64 4582.18 2 4587.14 1653.42 8.43 1474.91
180.69 2734.58 2 5317.12 3834.72 6747.19 1503.87
181.30 7065.09 2 4496.73 6310.26 8317.30 367.31
181.80 3789.96 2 3395.87 6540.45 4257.11 2849.64
183.56 3777.97 2 3868.16 8212.75 348.27 9585.13
183.92 7996.20 2 1856.59 5911.49 9657.66 7667.23
184.60 5330.08 2 9703.25 3092.74 7658.23 8014.90
196.35 3217.48 2 2817.14 1215.51 4896.21 3671.04
196.77 3838.51 2 2586.49 6341.17 6036.36 8024.18
200.15 6507.34 2 4209.86 7740.72 9539.82 4007.50
201.84 5192.05 2 7404.29 5864.29 2216.94 6085.22
202.24 9811.78 2 166.74 8372.74 8482.30 3164.80
203.20 5959.87 2 2033.22 901.67 2447.33 6847.14
209.23 7661.51 2 6294.72 8693.29 78.98 4214.08
212.76 9537.90 4 4630.05 1162.62 4676.88 314.48 905.62 7295.50 1152.98 6583.32
215.73 3186.66 2 8820.37 3819.13 9802.66 787.65
224.80 6240.11 2 7678.44 3691.33 3398.51 8232.38
225.45 6672.38 2 958.25 1285.02 7630.44 1335.26
227.47 7673.44 2 9652.36 9428.46 1984.62 9724.28
232.24 3511.77 2 2437.52 7989.54 3742.36 4729.18
232.33 3416.44 2 7607.19 4369.46 7468.70 7783.09
240.53 3226.56 2 8269.75 5879.14 6347.73 3287.52
242.28 3714.17 2 6782.08 2726.79 4071.83 187.19
243.04 8052.15 2 8829.55 3012.82 803.75 2361.84
243.96 3198.05 2 3463.66 4443.83 4619.48 7425.71
247.05 4052.44 2 2768.54 6714.40 6046.23 9097.46
251.15 3057.35 2 295.65 6248.63 1667.34 3516.26
252.89 5244.54 2 7326.88 5235.59 4584.20 765.36
253.91 7195.40 2 4217.37 1635.43 6823.40 8342.32
256.97 6648.57 2 5350.24 3648.62 7854.95 9807.35
261.86 6193.04 2 3568.85 175.19 3246.33 6359.83
261.93 9296.50 2 7518.50 1298.91 3331.47 9599.13
265.29 3864.49 2 3691.91 2918.23 3153.38 6745.01
265.81 9690.43 2 285.55 5122.04 9223.54 8865.95
267.28 6063.98 2 6889.92 2441.01 8255.71 8349.18
268.38 4918.77 2 4143.25 1297.67 2670.53 5990.79
273.26 6862.79 2 2961.44 8191.69 5427.48 1787.28
273.73 6486.43 2 6329.20 4311.01 2746.96 9718.53
273.75 4087.40 2 4315.31 9958.26 234.08 9733.57
274.19 6609.45 2 2486.27 840.47 945.73 7267.87
275.38 6768.76 2 5957.79 3572.44 366.12 7386.80
279.23 7261.63 2 8891.66 6863.88 2523.27 3374.62
281.27 6063.74 2 2609.76 3032.01 5140.40 8542.44
283.52 7676.00 2 8128.35 7276.29 4549.89 485.44
283.76 7788.16 2 3371.16 9341.77 5901.53 1976.13
294.63 6931.41 2 9503.59 2568.58 6528.95 8829.25
301.47 5373.69 2 5564.39 4907.57 2347.19 9211.76
303.87 6493.53 2 3246.09 637.22 2878.31 7120.34
305.69 7784.72 2 3727.95 1467.50 9768.43 6378.14
309.72 9786.09 2 8624.66 8035.50 122.24 3190.26
309.93 6396.55 2 2106.37 6977.25 6729.86 2556.93
309.98 7599.21 2 8368.53 4334.35 1164.25 1916.44
317.85 6992.70 2 3890.40 9298.73 125.67 3405.96
331.01 8850.39 2 9274.41 7492.67 4225.30 223.83
332.18 7308.94 2 5613.26 3452.99 2075.51 9848.69
334.41 8120.55 2 9758.98 3181.59 2213.24 180.73
372.15 8807.54 2 1316.97 6071.22 8496.68 969.80
375.31 8865.72 2 2183.05 9921.31 5707.45 1786.22
376.24 9611.87 2 322.67 8522.92 9677.24 6313.84
