48.00 1099.79 2 7389.83 9508.68 8233.63 8803.32
64.49 724.74 2 4920.46 847.44 5143.19 1537.11
70.06 802.78 2 2260.95 3953.59 2992.85 4283.41
77.13 1956.49 2 1178.65 2991.78 2935.45 2130.66
79.64 3081.84 2 4239.84 5086.82 7307.97 4796.56
86.44 1721.81 2 1238.43 4874.12 1556.30 6566.33
88.08 2704.19 2 4227.22 3790.95 3732.84 1132.34
92.12 1005.89 2 1097.33 1078.80 211.52 1555.42
96.64 2632.15 2 4630.57 6177.49 4882.66 3557.44
100.84 3641.84 2 5281.11 6091.94 6073.74 9646.47
102.25 4712.42 2 4277.65 9416.77 8813.88 8140.23
115.75 4787.73 2 5150.11 9979.54 8880.81 6978.82
115.95 4597.39 2 7141.60 7025.92 7496.68 2442.26
117.63 481.44 2 3312.12 7412.92 3613.85 7788.08
122.58 4529.05 2 751.22 8394.09 5136.84 9524.84
126.20 1410.10 2 2805.56 3510.25 4180.74 3198.41
126.35 5217.74 2 4054.71 6162.87 9108.86 7459.17
129.00 6249.80 2 2491.12 6087.03 7067.87 1831.05
129.20 4159.81 2 6155.30 3285.52 3538.93 51.54
129.63 5681.38 2 5541.60 4928.51 8743.53 9621.66
129.63 2781.45 2 5000.01 7673.85 2365.05 6783.10
129.74 6487.02 2 1554.91 1263.68 3788.01 7354.22
132.03 3801.42 2 1821.82 8115.44 1086.95 4385.72
134.65 2732.72 2 1524.96 5112.40 2494.67 7667.28
142.63 331.56 2 7507.28 3841.50 7793.72 4008.49
148.20 6810.07 2 3127.37 901.41 794.75 7299.53
148.47 7123.42 2 9862.46 7984.69 5022.29 2758.23
150.42 2020.79 2 5288.62 3715.92 6502.48 2100.33
156.47 5423.38 2 8901.96 1861.58 3545.32 1013.38
156.74 5836.89 2 7380.26 5688.42 2174.63 3048.20
160.71 4735.74 2 2658.00 4210.95 5501.24 7998.20
161.30 1164.85 2 2714.94 1840.66 1600.03 2178.08
163.67 6383.53 2 9140.45 2497.65 5391.20 7664.14
164.80 6739.96 2 6745.22 8819.31 5235.16 2250.69
165.39 6169.62 2 9331.11 6429.74 8257.27 354.29
167.01 7850.32 2 3051.87 8579.21 9474.55 4065.15
169.33 5566.68 2 8393.57 1618.34 3537.38 4339.60
170.38 2919.00 2 3840.49 8871.94 1304.85 7425.87
171.38 3868.80 2 6333.10 2314.28 3361.78 4791.95
173.33 4066.45 2 909.35 509.55 4072.97 3064.46
176.98 5649.25 2 1603.13 1989.92 4792.95 6652.43
179.83 5591.25 2 7143.21 3248.88 7643.93 8817.67
181.46 4273.24 2 5098.64 6438.73 3042.90 2692.46
182.38 1419.09 2 7054.62 5492.75 7220.80 4083.43
183.64 5281.86 2 2894.67 4859.29 7609.00 2477.47
186.36 9218.09 2 528.65 7254.19 9745.00 7075.02
187.51 1475.62 2 8239.32 2192.80 9652.27 1767.35
192.23 3011.32 2 7943.90 6938.03 7407.15 3974.94
195.46 5372.84 2 6344.77 2293.84 1322.96 383.66
196.86 6343.01 2 5018.59 9235.61 8430.63 3888.49
199.93 6996.69 2 3592.37 8705.14 1984.65 1895.67
206.31 6115.63 2 1984.12 7064.61 8099.52 7011.45
208.18 2409.04 2 9716.05 5373.89 9787.62 7781.86
210.16 6407.89 2 8641.67 9942.57 2473.54 8206.09
210.18 6709.23 2 3421.41 9764.39 7374.32 4343.29
213.82 6390.77 2 5023.34 1811.88 9925.52 5911.96
217.54 2777.20 2 7805.13 1064.43 7457.70 3819.81
217.81 1390.57 2 7361.32 3383.90 7074.56 2023.22
218.99 6449.36 2 9903.99 9290.98 4263.03 6164.67
225.85 10592.47 2 9448.67 1651.13 574.12 7434.09
226.80 4339.99 2 6967.22 8791.55 7906.47 4554.41
227.26 3962.76 2 9272.48 2704.35 7906.21 6424.13
227.95 3197.44 2 6538.25 8700.26 6343.06 5508.78
229.36 5267.78 2 9068.15 9751.26 8949.13 4484.82
230.44 5522.05 2 2019.99 7207.69 438.11 1917.07
235.28 3263.91 2 7262.86 3686.40 9021.68 936.91
235.39 8669.73 2 402.56 3945.46 7439.24 9009.98
235.70 1984.76 2 6274.86 1230.76 8249.25 1028.15
237.66 6683.17 2 1848.40 9483.28 3635.81 3043.57
240.78 7038.80 2 475.56 408.89 521.31 7447.55
243.26 5063.19 2 7077.54 5250.73 3034.10 2203.36
252.20 6710.00 2 5465.79 3428.98 7253.51 9896.45
256.47 5223.62 2 3474.62 6051.60 3691.10 832.46
258.78 6839.23 2 5504.96 2525.26 8770.75 8534.38
259.86 7892.90 2 2119.78 4720.58 9084.82 1007.62
272.27 4013.34 2 4804.25 5628.51 4443.26 1631.44
272.94 7947.19 2 1203.54 5865.61 9121.77 6543.55
273.67 4883.29 2 1629.19 1777.34 3941.97 6078.22
286.18 7608.77 2 6846.94 8702.56 9715.38 1655.18
286.88 7844.23 2 6967.06 1289.34 454.45 5661.75
288.96 8148.09 2 7173.26 9108.49 677.08 4190.04
291.66 7383.13 2 7082.55 5521.51 1711.09 456.12
296.79 5539.68 2 2483.43 835.96 1426.36 6273.84
297.26 6562.79 2 8168.47 2206.39 2687.94 5816.64
298.52 9625.75 2 968.87 136.62 5517.68 8619.74
304.12 7406.22 2 6114.82 3246.35 572.63 8159.22
308.17 6808.49 2 1815.14 1850.28 8623.52 1888.60
309.59 9679.60 2 1904.34 7046.60 9255.01 748.80
310.89 9144.35 2 9313.32 5038.69 218.75 5991.54
314.84 6041.91 2 3317.56 1545.13 558.76 6920.41
315.86 8493.02 2 2382.17 390.91 1481.39 8836.02
319.13 7256.31 2 4905.18 7294.80 6475.64 210.47
324.04 8702.07 2 2490.08 8234.10 5345.95 14.00
326.83 7241.53 2 8079.93 6032.94 3778.75 207.16
328.84 6542.23 2 2967.38 5115.42 8364.83 1418.35
332.48 7423.81 2 8265.62 7634.46 6444.82 437.40
333.54 7676.77 2 9703.85 1002.34 5267.79 7267.65
334.95 8347.73 2 8077.33 7528.98 1556.41 2317.23
349.07 8553.43 2 694.54 720.49 2452.54 9091.31
443.42 12771.07 2 134.97 9663.61 9576.18 1063.39
