54.09 1704.31 2 7900.59 7271.79 6561.69 8326.31
87.36 2767.84 2 4326.69 4925.16 6318.43 6847.11
90.05 1902.58 2 4937.52 1885.25 6832.68 1717.41
91.66 3183.16 2 9878.45 3559.46 7377.69 5528.92
95.22 3661.17 2 4770.64 2848.59 6143.00 6242.82
99.26 4263.03 2 5185.94 204.22 5364.74 4463.50
103.34 2066.96 2 1633.42 3572.57 2958.54 5158.89
103.75 4587.73 2 4516.63 1282.82 1568.78 4798.14
112.05 4702.67 2 8273.83 3346.66 4482.00 6128.22
120.99 6049.34 2 6406.96 4015.65 2270.13 8429.39
123.62 3981.20 4 886.80 8391.80 1205.34 8375.79 2112.59 8529.46 768.82 6139.20
126.07 4203.49 2 6088.02 2179.19 9138.56 5071.17
127.15 6057.66 2 6438.49 4825.54 576.51 3298.31
127.36 6168.15 2 7794.64 7069.47 9480.40 1136.15
131.41 3170.31 2 7585.04 1236.62 4818.29 2784.52
135.09 6254.69 2 7428.27 6855.91 5790.09 819.56
140.92 6945.90 2 7655.08 5766.53 1811.25 9520.89
144.99 6849.43 2 2230.54 644.14 9078.43 498.80
148.66 4932.90 2 2071.81 8232.98 4995.91 4260.18
149.19 2059.31 2 1360.85 4788.22 2263.63 2937.34
149.23 4161.36 2 8203.29 2344.20 5977.02 5859.97
151.22 4861.05 2 3890.17 8024.76 6910.53 4215.92
153.93 996.71 2 1030.50 4949.93 1924.06 5391.52
161.46 3373.15 2 5871.43 6957.64 3058.54 8819.29
165.85 2492.39 2 8093.78 4117.95 9123.63 1848.27
166.73 736.55 2 1678.81 3469.74 2317.13 3837.23
170.07 6203.66 2 7105.27 6482.70 8870.59 535.52
172.07 6603.31 2 7448.46 7532.94 1033.56 5966.83
174.96 4847.89 2 9486.80 2540.61 4935.31 4209.72
175.16 4157.86 2 6614.78 3376.75 9579.33 461.41
178.01 7200.45 2 9575.69 7065.66 4063.82 2432.54
183.34 4867.16 2 8248.15 7233.28 5548.59 3183.39
186.53 4526.61 2 5792.95 4648.14 6296.38 9146.66
186.64 8132.15 2 568.80 1612.30 8682.49 1064.56
187.25 4362.42 2 7026.18 4609.02 6360.51 8920.35
189.82 3990.94 2 112.05 9198.82 3056.30 6504.56
192.79 7739.74 2 9810.70 3665.23 3523.99 8179.76
193.42 2670.84 2 6843.77 6235.89 5085.71 8246.52
195.19 659.71 2 8791.38 9211.63 8435.28 8656.29
197.29 4564.28 2 4704.69 9343.06 4528.21 4782.19
200.97 6548.26 2 7325.18 6037.57 1541.27 9107.76
204.02 3601.10 2 4165.28 2739.64 6126.89 5759.58
204.16 8908.22 2 1242.39 2791.59 8536.67 7905.27
206.64 9531.87 2 5833.89 9889.01 4004.79 534.28
207.30 6764.97 2 7771.96 8919.76 1058.41 8087.22
208.24 7412.06 4 3104.72 6020.51 3951.65 5714.48 562.82 4762.22 2611.20 2582.08
208.38 6418.79 2 1795.04 9350.58 8189.00 9914.58
208.55 5927.70 2 86.77 7718.12 4702.93 3999.43
209.34 4467.18 2 5442.78 6488.14 3100.04 2684.55
209.62 2080.85 2 7375.78 3812.49 9025.30 2544.02
209.91 7595.33 2 5268.83 2677.61 366.31 8478.85
216.25 5912.73 2 321.10 9852.71 6112.79 8662.44
217.87 7693.51 2 3329.08 2249.07 6948.45 9038.05
218.11 8505.47 2 5304.01 9477.60 6976.99 1138.29
219.05 7252.29 2 697.40 6001.99 7397.67 3226.71
221.02 2050.82 2 9359.47 8069.61 9886.96 6087.79
221.27 9563.31 2 5345.37 1020.05 9404.86 9679.01
223.05 4652.49 2 6683.08 5147.54 6573.70 9798.75
227.93 7296.26 2 7066.68 4058.16 373.23 6962.14
230.96 7147.93 2 938.16 3896.12 7759.81 6031.08
232.50 9824.90 2 9931.53 2001.16 941.18 5963.78
232.87 5243.31 2 4392.18 3510.37 8944.46 908.61
236.22 2510.75 2 4219.49 3267.59 3227.16 961.26
236.31 3115.61 2 6202.22 1335.51 3297.69 208.24
251.43 6871.34 2 6167.29 8795.59 8394.86 2295.34
252.57 6428.44 2 6694.02 6681.53 1573.42 2795.11
253.43 7071.29 2 6463.39 7349.75 9450.96 940.58
253.66 5483.03 2 271.61 1996.34 3833.31 6165.03
253.82 4090.80 2 1757.28 2490.89 5620.20 3837.19
258.40 7019.79 2 2346.88 3126.71 9017.87 941.45
260.99 6249.36 2 7066.81 8972.55 4674.58 3199.19
261.11 9255.71 2 8805.85 667.69 7390.54 9814.55
266.27 5913.28 2 9568.10 2418.62 3822.31 3816.05
267.72 5185.84 2 8059.53 6745.46 5387.98 2300.72
273.48 3773.90 2 4296.99 5890.43 6112.91 2582.14
274.21 5610.40 2 1776.75 7446.80 2701.59 1913.15
289.13 8156.68 2 8085.10 7539.38 73.23 6009.23
293.19 9459.60 2 5082.22 665.43 2061.96 9629.91
297.32 6865.75 2 6309.26 1487.96 22.01 4246.40
298.10 7004.78 2 7930.50 7834.42 3055.44 2804.43
299.84 6091.98 2 3473.96 9740.81 8525.65 6336.02
305.96 7797.92 2 5830.86 9365.41 4234.27 1732.69
307.06 5653.18 2 4553.29 9345.61 9859.55 7395.72
309.31 10365.39 4 3286.22 9457.08 2965.31 9720.24 9257.29 4185.37 8726.15 2707.51
314.47 7423.58 2 2381.30 2086.87 3709.27 9390.71
316.57 8728.60 2 3855.44 760.93 9018.18 7799.02
317.49 6074.63 2 6105.21 4019.65 3772.91 9628.71
331.31 8865.41 2 5686.81 928.65 654.25 8227.20
340.80 9740.20 2 1812.39 5779.07 9900.77 352.33
341.69 8584.40 2 372.82 4346.58 8083.73 8119.35
356.61 8330.54 2 8025.68 5230.34 45.30 7620.22
357.84 10992.11 4 8308.18 1342.35 7824.36 1918.75 8387.71 9901.18 6768.07 8357.75
375.40 9969.80 4 2689.89 3400.26 2487.39 4269.20 8328.64 5776.18 9043.07 8736.25
379.59 9579.62 4 8618.87 4048.58 7981.70 3402.23 448.02 4579.07 1363.74 5086.59
