40.82 1541.06 2 1043.13 5529.07 320.59 6890.25
68.33 916.74 2 3260.13 4509.36 2527.67 5060.65
86.52 4226.02 2 9526.38 3302.51 6298.39 6030.03
87.97 3598.36 2 574.53 5185.32 1718.26 8597.07
90.97 2448.40 2 2396.95 8705.40 2737.76 6280.83
92.99 1649.42 2 2422.94 9500.18 1402.56 8204.27
95.92 4096.08 2 2838.18 2330.39 6595.70 699.79
96.41 3220.59 2 5761.33 7372.91 2879.12 8809.94
100.15 607.35 2 2137.80 3565.76 1736.22 4021.39
100.29 4714.60 2 3906.36 5344.91 1883.39 1086.38
104.78 4838.89 2 5695.15 4515.35 8947.44 932.42
114.75 4837.64 2 4108.61 1570.35 1107.44 5364.53
115.34 2266.89 2 6967.42 8365.01 8115.12 6410.12
116.93 4646.57 2 4747.80 6037.09 9391.54 5874.92
126.33 4316.58 2 1834.44 5686.15 3935.51 9456.87
129.39 4769.71 2 4563.07 7003.17 7116.48 2974.49
133.29 4764.69 2 8999.65 7332.44 4578.28 9108.33
134.01 4500.59 2 2918.90 9162.96 6980.44 7224.09
137.98 1599.07 2 5850.37 3823.71 6405.92 2324.25
139.54 5876.88 2 1299.32 2056.77 4322.01 7096.72
144.45 5722.48 2 5258.57 9103.03 8792.39 4602.05
155.30 2765.04 2 6963.15 6779.01 9723.67 6937.21
156.03 7601.70 2 6078.37 8669.45 9801.72 2042.05
157.44 4671.87 2 2941.45 5346.54 3908.50 775.85
160.64 3532.07 2 3162.40 3891.87 4587.76 660.16
166.62 4930.79 2 2166.72 344.45 6750.44 2161.66
168.89 7144.26 2 5024.75 6848.36 2754.41 74.43
171.86 5892.88 2 3811.56 7459.57 8557.73 3966.74
178.31 7115.55 2 6130.28 8099.85 1751.26 2491.35
178.95 4747.47 2 1076.84 3271.41 5620.54 1895.48
180.17 3408.33 2 6197.66 599.23 3745.24 2966.15
181.59 1679.34 2 5951.83 1527.99 7266.48 2572.92
183.80 4289.92 2 1714.59 9590.35 5998.67 9814.16
184.69 734.27 2 6309.53 6764.26 6974.71 6453.34
185.25 1762.54 2 4636.51 4536.03 3751.47 6060.25
185.32 7866.07 2 1426.92 639.70 3992.37 8075.66
188.44 8822.18 2 4886.13 1866.92 694.91 9629.95
190.60 1429.89 2 5656.09 1942.28 4362.98 2552.58
194.68 6834.11 2 7486.76 4847.59 682.37 5484.29
195.06 7153.17 2 4621.67 731.95 6944.86 7497.36
201.48 7774.03 2 2172.55 4934.88 9923.90 5528.24
202.91 6145.72 2 6689.49 2205.68 8822.86 7969.24
203.72 6885.95 2 7635.89 6773.83 1534.96 3580.87
205.14 4757.08 2 8967.79 3088.49 7379.13 7572.46
205.74 9287.03 2 4782.51 687.63 9550.97 8656.99
206.56 6728.23 2 7164.10 8970.10 3906.18 3083.24
210.34 5316.93 2 8515.54 4821.30 3351.05 6085.33
210.83 5141.36 2 5874.69 9883.81 2326.06 6163.49
212.62 2331.13 2 6884.89 6964.55 6509.06 9265.19
214.26 3712.84 2 7812.89 800.16 9725.55 3982.44
214.45 4322.61 2 4423.61 60.43 8698.67 699.85
214.61 4430.52 2 7195.02 6080.63 3814.86 3216.37
215.11 2855.27 2 3731.45 4895.51 6410.49 5883.09
216.43 3921.69 2 2853.53 4482.71 6356.04 2718.61
216.63 4331.52 2 1924.65 6343.67 1415.32 2042.20
217.55 4977.36 2 2781.26 6436.02 7604.94 5208.73
219.73 10986.50 2 232.40 7853.58 9221.44 1536.91
222.69 3834.26 2 3814.19 8540.42 7588.58 9215.32
223.63 7081.72 2 8304.51 1678.83 1670.47 4156.80
225.23 7461.38 2 9288.21 3746.45 2385.40 913.86
227.29 8264.72 2 8415.63 1705.89 180.66 1005.15
229.33 6366.71 2 3320.47 6353.53 8839.67 3179.67
231.46 4473.22 2 1677.66 4413.76 5052.93 7349.28
231.55 3977.29 2 719.40 1366.56 4692.58 1547.24
233.33 2866.46 2 7709.72 6443.97 9168.83 3976.67
234.45 2122.36 2 6963.17 5249.62 6545.21 7330.42
238.32 8016.12 2 4216.83 9892.91 3371.17 1921.52
238.76 7337.90 2 8150.85 6499.45 3689.80 673.31
242.19 9309.60 2 107.37 1146.83 9171.37 3271.10
242.30 5415.12 2 2363.10 781.65 7249.89 3114.63
242.63 6331.28 2 5980.75 9458.76 7392.56 3286.90
245.05 5452.53 2 7216.74 2449.25 1764.36 2489.69
246.21 4510.62 2 4914.54 9256.91 9402.85 9704.93
249.89 6394.73 2 8469.35 3312.70 2422.49 5393.12
250.10 7804.93 2 2185.61 3015.34 5988.69 9831.02
254.84 8442.11 2 2071.19 5417.03 9389.23 1208.04
255.73 6586.73 2 9066.32 6650.06 2483.38 6873.50
256.06 3002.89 2 1819.84 9484.83 4506.61 8143.70
257.25 4662.34 2 9130.86 7222.45 5096.08 4886.22
259.59 7279.68 2 1516.71 2043.85 379.07 9234.09
265.09 4654.60 2 2613.31 4554.71 6810.66 2542.88
273.24 11262.20 2 9953.16 765.34 1052.25 7665.39
283.72 6186.24 2 4087.88 388.27 9216.03 3848.26
283.74 10486.75 2 524.15 46.66 7724.10 7671.14
284.53 9426.52 2 1018.14 5361.82 9905.31 8504.65
290.85 5542.68 2 4229.45 8297.50 2528.71 3022.20
294.71 8135.40 2 917.59 5926.31 8312.21 9318.13
304.10 8004.83 2 7603.24 8196.04 7935.59 198.11
305.98 9298.89 2 9775.68 6480.46 2884.55 236.93
306.38 5618.97 2 1706.34 3746.51 7040.47 1980.21
309.49 7774.57 2 1896.26 128.34 5007.00 7253.45
318.38 6818.78 2 9676.83 6584.86 3827.89 3079.79
321.08 7153.76 2 5861.60 9009.96 5185.37 1888.23
325.58 6979.02 2 6361.80 7766.91 3443.93 1427.13
330.80 7140.12 2 7487.30 9300.17 3979.70 3081.00
338.04 7001.89 2 1856.38 589.82 1827.29 7591.65
348.82 9041.03 2 7356.64 2423.53 345.08 8131.26
353.72 8485.76 2 4116.09 8764.00 7276.52 888.73
367.89 9694.56 2 6021.49 9517.78 8415.16 123.37
437.26 12363.01 2 9870.25 8163.89 15.79 698.41
