67.83 3291.51 2 2699.24 6924.61 4263.56 4028.60
70.60 2930.06 2 829.06 3158.31 2424.23 700.53
71.01 350.37 2 6594.65 785.96 6533.81 440.91
91.80 3090.04 2 8767.27 6629.25 6922.49 4150.31
94.02 1600.89 2 1498.68 9065.04 55.78 9758.51
102.19 1509.51 2 3128.89 1214.99 4589.90 835.40
109.61 580.38 2 6778.70 1022.58 6869.74 449.39
111.97 1198.57 2 5532.34 2325.56 5861.95 1173.20
113.96 4997.94 2 1125.06 9437.28 6112.47 9113.12
119.68 2583.75 2 4724.08 6716.93 2256.31 7482.38
126.42 5320.85 2 7027.83 2740.30 9269.40 7565.95
127.19 5559.31 2 9620.90 8127.00 4064.45 8305.28
129.18 2959.25 2 7868.10 3914.34 7371.99 6831.70
133.55 6277.61 2 8286.71 834.60 8300.50 7112.20
136.21 5510.71 2 3168.24 3499.38 8373.93 1691.41
138.01 800.31 2 4058.69 8051.98 3472.20 8596.52
139.66 6682.93 2 2708.45 3413.91 7218.67 8345.39
145.20 4559.93 2 8191.39 2273.31 6690.82 6579.26
146.82 3540.79 2 8317.13 4571.54 7577.73 1108.82
147.00 3149.92 2 4831.93 7991.47 4334.69 4881.04
147.49 6274.30 2 9966.90 6069.52 4171.39 8473.46
153.35 6467.55 2 2566.69 5024.25 8909.51 3760.24
154.98 7748.85 2 9828.26 4159.28 2087.16 3812.68
158.98 6548.78 2 3096.15 8649.14 7571.22 3867.90
166.35 7417.73 2 1511.02 4062.35 7804.59 7988.38
168.82 1941.06 2 1777.89 8730.92 3595.87 8050.72
178.29 7214.75 2 8798.10 7387.30 1593.60 7771.76
185.97 7298.48 2 756.39 4992.16 7856.75 3303.19
188.18 2409.04 2 2875.08 1172.63 559.27 508.94
188.96 7047.77 2 2789.93 1373.99 9729.22 2605.77
190.63 5431.57 4 3625.90 4368.01 3623.80 4524.75 5294.74 4278.94 1767.06 3635.44
190.76 2038.02 2 6501.07 4140.89 7089.20 6092.20
193.29 7064.54 2 5388.18 6999.78 8480.49 647.98
200.47 7523.63 2 1449.51 4044.05 7909.74 187.82
200.80 5740.24 2 6880.59 6041.12 1593.22 8275.86
203.65 5182.29 4 5930.09 8084.09 6280.50 7732.53 8081.33 6880.74 5908.97 8473.67
204.63 8431.65 2 1093.70 1158.09 5617.57 8273.37
209.06 5052.85 2 2161.79 960.37 145.57 5593.53
211.61 8680.56 2 971.37 555.17 9645.10 210.61
215.22 8660.86 2 9104.88 420.39 1704.04 4919.05
215.65 10282.61 2 309.38 7861.76 9568.54 3389.62
216.32 4116.16 2 6125.32 5591.50 9314.48 8193.81
216.91 4445.31 2 4881.77 9261.29 8093.85 6188.29
221.49 2074.62 2 3697.94 560.86 1885.30 1570.01
222.50 8824.78 2 2708.32 2896.92 9023.09 9061.37
224.15 3207.42 2 2425.81 2628.05 147.56 4885.73
225.74 8486.85 2 9794.49 8819.86 4107.07 2520.66
226.85 6542.68 2 9115.92 2803.88 6881.16 8953.07
233.53 5976.29 2 7352.24 3982.17 2409.58 622.69
233.63 2981.27 2 3828.09 5105.21 5013.74 7840.57
234.36 3818.13 2 509.39 8303.42 3148.81 5544.51
237.58 3678.91 2 3683.28 9977.87 43.83 9440.50
241.86 5893.13 2 9236.92 7462.10 3857.60 9868.75
243.07 6253.30 2 6227.48 3180.40 3914.25 8990.11
243.77 6588.43 2 698.64 4034.32 6489.32 7176.84
244.37 3718.60 2 4909.42 2987.82 2097.51 5421.16
246.72 4936.10 2 2766.53 619.78 7015.63 3131.80
248.67 4633.71 2 7968.02 2846.28 4674.79 6106.01
248.80 6439.93 2 7532.77 4355.93 4133.50 9825.64
248.86 8543.02 2 7425.88 8805.78 54.44 4487.78
250.60 2929.99 2 7131.85 8248.15 4926.13 6319.50
252.00 5500.18 2 44.66 3895.10 5399.13 5152.74
255.62 3981.12 2 4444.12 3444.74 2236.96 131.48
257.71 12685.73 4 1710.71 6503.28 1096.29 7289.09 8551.73 9758.50 4920.27 8527.34
263.34 10267.02 2 6174.24 9939.52 430.00 1429.80
264.66 7432.82 4 9015.29 9270.78 8223.57 9060.11 6190.55 8849.98 8620.93 4980.18
265.03 3351.45 2 7716.87 4728.22 7001.57 1453.99
267.63 8881.73 2 2053.02 9506.80 5918.70 1510.45
268.77 5738.38 2 5652.32 8491.20 2449.76 3729.63
270.11 6205.69 4 8089.61 5635.65 8525.90 6287.16 9546.56 7564.68 8875.84 3838.13
270.15 9507.55 4 4732.52 2504.21 4852.77 2220.48 5069.04 9739.19 4228.25 8287.53
285.59 9079.57 2 9889.63 5394.99 906.04 6711.73
293.86 9393.14 2 1651.72 7553.42 7975.97 608.28
296.82 12640.99 4 5484.02 8502.78 5348.75 9016.74 3260.99 466.38 2199.63 3599.47
299.88 6393.96 2 7747.99 5419.39 1799.50 3074.57
301.83 5791.38 2 1220.85 9833.86 6223.62 6916.27
307.25 12362.41 4 627.68 7256.19 377.59 7965.34 6652.84 1163.98 4324.20 803.28
308.83 5641.27 2 4278.21 6037.07 8378.59 2162.69
340.31 8615.70 2 1182.68 6231.84 9276.10 3277.72
355.71 12285.42 4 383.02 3576.76 1327.54 3597.45 8238.03 384.85 9808.17 3757.17
365.56 10178.03 4 5297.68 236.01 4681.15 918.71 8487.62 4254.53 4377.14 5101.45
385.67 9583.46 2 417.15 2748.48 9774.16 677.45
387.60 9980.22 2 8772.41 6351.03 877.93 245.13
395.70 10285.09 2 7486.58 8217.18 1018.29 220.66
396.93 12946.47 4 969.01 8401.43 477.65 9211.32 9147.68 6359.99 7950.75 8971.06
409.72 11585.94 4 6934.68 9620.56 6724.87 9802.96 3607.28 3196.03 3455.26 7195.54
421.13 14456.36 4 9941.70 9137.08 9923.02 9676.59 3872.10 2682.32 2408.47 7115.04
