31.82 290.80 2 2651.38 5758.64 2930.28 5676.29
55.43 2471.43 2 2257.48 2346.74 3117.38 29.73
76.97 3748.64 2 7330.43 4163.08 4539.74 1660.22
77.28 1763.82 2 6518.14 6217.71 5283.12 4958.42
87.24 862.03 2 8809.52 1470.35 8583.01 638.62
88.11 4405.41 2 6770.35 1308.71 2397.46 774.41
94.07 2203.51 2 2779.59 8834.43 1774.22 6873.64
103.86 2493.24 2 1715.16 3242.82 1965.70 762.20
107.20 3859.86 2 5542.14 7185.93 1796.32 6254.60
110.08 4904.07 2 8775.27 918.66 3983.58 1962.45
113.29 5264.37 2 3904.29 1580.38 8521.00 4110.11
114.94 3846.95 2 3873.95 1780.33 5962.32 5011.08
123.45 5672.40 4 1944.32 2701.70 1819.47 2171.49 591.01 2618.03 3644.37 321.55
127.17 5158.74 4 2904.90 1472.98 3002.55 2376.37 774.96 4671.89 1096.61 3670.87
128.79 1139.60 2 4569.57 3236.69 4705.38 4368.17
135.70 5784.76 2 2759.38 3638.06 7992.13 1171.93
137.62 1281.09 2 5747.81 6600.77 6008.18 5346.42
139.93 3196.40 2 835.25 5813.08 1023.75 9003.92
142.85 1942.26 2 8430.57 7398.68 7086.88 5996.22
143.70 2284.82 2 3922.57 6416.39 2228.38 4883.38
155.91 3395.56 2 8885.64 2642.73 7020.16 5479.96
156.78 7139.13 2 8822.39 9849.49 1770.53 8736.67
160.03 1801.41 2 5307.39 7674.99 6326.73 6189.72
160.33 6616.58 4 4780.51 2888.19 4421.59 2531.86 7653.09 810.53 7284.40 3232.09
164.42 7120.99 2 9077.60 6524.05 3064.83 2708.95
166.98 8148.92 2 9712.15 4733.21 3334.90 9806.25
171.13 5956.34 2 2346.08 3396.04 4655.38 8886.51
171.96 5498.24 2 474.46 8179.70 710.11 2686.51
171.98 5199.14 2 4132.20 7499.52 9131.35 6071.36
173.13 4456.59 2 4156.24 9950.30 8600.52 9619.24
173.65 3182.36 2 1704.37 2296.22 3400.14 4989.12
173.83 4591.71 2 9828.45 1650.57 9283.56 6209.84
175.01 5850.51 2 9040.89 2386.12 4784.01 6399.52
177.49 3474.43 2 8953.91 8976.70 7023.28 6088.04
180.27 2013.62 2 6065.44 2341.33 4052.80 2404.03
180.40 4420.13 2 3807.27 6045.11 6366.50 9648.98
185.81 6890.74 4 9815.72 6509.14 9128.62 5977.21 7969.37 2202.41 7000.54 369.74
190.09 3704.55 2 7198.91 997.05 3689.72 2184.18
195.01 4050.65 2 8318.16 3899.53 4345.48 4690.46
196.14 8006.96 4 7524.31 6416.81 7646.74 5699.19 1736.37 2516.75 1182.55 2398.65
196.33 6816.44 2 8258.92 3839.28 1679.91 2055.88
196.65 5132.43 2 5052.55 2612.69 324.20 616.54
203.91 1395.48 2 6947.29 3407.09 7071.66 2017.16
204.68 3634.04 2 870.73 886.03 2909.64 3894.20
205.62 1781.16 2 4376.57 588.50 2622.28 896.76
212.54 8327.02 2 21.00 4647.18 8095.21 2610.91
212.99 6749.61 2 3184.21 1387.93 9909.38 813.97
214.40 6419.99 2 6388.72 1128.20 1726.52 5541.84
215.66 1782.77 2 1610.25 2843.20 703.23 1308.41
218.03 4201.29 4 6632.86 3796.90 7227.36 4173.56 8384.60 2857.12 6818.04 3625.22
218.15 1707.66 2 1407.37 3978.72 2460.68 2634.61
230.51 3625.38 2 4917.74 3246.21 1698.97 1577.98
230.83 5541.50 4 2807.41 8469.75 3410.00 8084.88 5698.01 9752.41 7420.75 8745.73
233.97 4498.64 2 7637.85 9452.14 3308.52 8229.57
234.43 8521.34 4 4157.63 4257.74 3381.65 4247.41 7363.81 5903.38 8495.04 2662.60
235.73 2386.56 2 1888.55 1439.23 1795.58 3823.97
235.84 10992.20 4 2117.80 1713.27 1614.20 1112.43 8687.42 5566.05 9787.02 4078.70
241.86 3393.22 2 5642.32 3198.79 8889.42 2213.76
250.49 7724.27 2 674.49 847.77 8381.48 1364.15
250.95 2647.28 2 2314.07 5046.03 3737.05 2813.71
255.86 6893.04 2 2725.94 6726.53 1033.77 44.42
257.23 10061.37 2 7242.18 917.90 2509.94 9796.92
258.07 3803.65 2 4343.86 1675.79 2711.20 5111.22
259.80 4590.11 2 602.21 2240.71 5170.07 2692.05
261.14 4456.90 2 5703.50 821.48 1289.03 1435.02
264.37 5418.57 2 4579.65 5925.76 6402.23 822.91
265.96 8198.10 2 9797.56 5788.15 1696.57 7046.31
279.36 7068.11 2 3452.32 2933.95 5017.09 9826.68
280.30 5814.78 2 1621.09 7865.38 3974.08 2547.95
283.64 10182.17 2 441.00 9097.74 7615.40 1872.46
285.01 4950.44 2 4076.17 689.48 5988.18 5255.77
286.10 6904.96 2 7740.68 4587.47 2235.09 8754.83
286.85 4842.64 2 3493.28 6032.32 8303.69 6590.12
305.16 10258.15 2 2466.91 8439.41 9173.56 677.30
306.93 8846.49 2 170.91 4861.70 8452.61 7971.98
312.09 7604.50 4 4802.95 7515.14 5626.08 7607.85 9077.79 6211.66 9920.65 3277.55
319.59 9679.58 2 9638.30 4255.35 150.78 6174.02
320.61 6230.45 2 9923.83 2023.32 8282.72 8033.76
320.92 8445.85 2 9204.85 1547.10 760.49 1705.32
325.92 12995.87 4 1142.32 264.85 1410.10 366.86 8090.03 5949.33 4620.93 3950.30
336.13 10406.35 4 2114.79 3072.54 1574.78 2764.20 4680.03 9172.49 2441.72 7728.82
346.42 8420.99 2 9415.88 8707.47 3751.16 2476.58
348.94 9946.98 4 2520.07 8124.18 3309.58 8177.69 7989.03 3526.20 5508.09 2904.40
350.95 10747.72 2 1037.83 233.39 7850.55 8546.05
355.88 9494.02 2 8734.25 9502.09 5637.40 527.35
368.29 8714.59 2 659.57 850.29 8843.11 3845.92
409.38 10868.97 2 6915.44 410.67 1024.10 9544.48
