18.02 900.84 2 6325.83 2008.89 6241.68 2905.79
35.71 885.51 2 323.06 8140.26 1024.80 8680.35
68.08 3203.91 2 9583.26 5038.93 6943.12 3223.81
74.72 1536.18 2 6156.09 6618.90 4905.51 5726.77
79.72 2785.83 2 6644.94 9264.85 3875.55 9567.02
80.72 3035.85 2 7394.92 8648.41 7424.13 5612.71
87.03 2751.43 2 7551.08 5466.15 6033.87 7761.47
88.42 2921.18 2 8299.83 9114.86 7046.29 6476.32
91.06 4253.21 2 1154.05 3522.38 4803.70 5706.38
94.31 4315.27 2 6671.57 4174.78 7478.69 8413.89
97.94 2996.95 2 4285.08 5565.99 1300.67 5839.86
108.43 4721.54 2 7501.85 1609.35 2866.16 2505.61
112.35 1417.52 2 5348.34 6414.23 6183.49 7559.61
112.72 2935.99 2 5304.99 9966.31 8236.88 9811.33
113.00 3849.90 2 1869.77 1737.95 5138.47 3771.98
117.67 3383.69 2 5370.36 919.46 2211.98 2133.54
125.58 5478.75 2 8393.82 6905.95 2951.41 7535.94
128.12 3506.17 2 6137.01 6211.32 9588.97 6825.51
129.29 6364.32 2 3452.94 6723.74 9813.35 6500.86
129.79 5189.73 2 9758.23 3126.54 5521.25 129.65
133.00 6149.99 2 2859.28 8473.01 8083.05 5227.30
133.59 4079.47 2 3318.84 3607.98 2184.45 7526.56
137.49 4874.61 2 2550.16 3305.63 7096.89 1548.06
139.83 2191.51 2 6772.89 9141.69 7950.17 7293.25
141.46 6472.87 2 252.72 1453.27 6702.54 1999.02
142.69 4734.43 2 1838.69 681.76 5051.40 4159.31
143.65 3382.63 2 7468.91 1537.55 4592.25 3317.15
145.09 5854.38 2 2513.41 6205.62 7809.25 8701.18
147.69 3684.46 2 9762.24 7752.07 6465.61 9397.51
147.70 1484.98 2 4506.46 6163.42 3056.75 5841.70
150.93 3546.53 2 5749.62 2276.46 2586.48 3880.33
155.26 4963.24 2 88.04 6689.38 4456.67 9044.96
155.68 684.15 2 4647.01 5104.12 3967.85 5021.67
159.10 5655.02 2 3580.86 7840.31 3178.59 2199.62
163.77 788.36 2 9487.12 6594.13 9677.36 7359.20
165.29 3664.38 2 4739.88 5334.68 1363.81 3909.93
165.67 6183.65 2 1537.03 3226.30 508.55 9323.82
167.63 3181.70 2 3438.52 4126.54 6459.32 5125.53
171.45 2572.59 2 5655.52 3644.93 3163.33 4283.07
171.89 7494.36 2 2375.95 7843.07 7988.22 2876.39
176.43 4321.68 2 7652.74 4376.76 3951.13 6607.23
180.67 4333.32 2 7974.85 5457.24 9601.34 1440.76
184.74 4336.93 2 3731.31 9494.65 5535.24 5550.70
184.78 1638.92 2 628.61 3694.35 428.08 2067.74
187.50 2475.13 2 9987.28 4721.04 7751.97 3658.19
188.05 3202.70 2 4361.24 8401.10 1343.06 7329.73
189.80 1189.96 2 4868.62 4821.10 6042.11 5018.37
192.93 6546.28 2 5402.37 2828.29 9113.36 8221.09
193.90 6094.86 2 4242.09 1039.27 5377.54 7027.43
198.21 5610.64 2 5856.08 7008.82 725.89 9280.48
198.60 3429.98 2 8587.14 1400.02 5386.18 2632.35
198.93 2746.39 2 6626.78 8479.82 8065.40 6140.36
204.09 2204.63 2 5443.50 1738.50 6536.75 3652.97
204.94 1347.18 2 1611.29 6295.40 391.91 5722.69
208.88 2943.79 2 4835.03 3587.96 2188.19 4876.42
208.97 3648.65 2 5900.36 9063.04 5515.94 5434.69
209.51 8775.38 2 9642.90 2941.78 1774.26 6826.59
210.27 3813.31 2 5071.78 311.94 5818.90 4051.34
210.27 1013.54 2 6596.49 2645.21 7241.87 3426.71
210.80 4839.86 2 4871.90 3308.51 1282.15 6554.73
213.74 6587.11 2 6302.17 4330.25 168.91 6732.99
216.45 7622.42 2 3749.58 8028.17 4455.57 438.52
216.87 7343.68 2 654.72 6703.35 7735.82 8649.51
223.76 8187.79 2 3209.37 9159.32 9449.88 3858.76
228.19 6309.54 2 9469.79 3046.91 7482.97 9035.46
229.82 5391.08 2 48.32 2461.75 2215.26 7398.16
233.37 4368.42 2 1658.44 5141.37 4462.20 1791.45
233.42 7270.84 2 1061.36 7868.92 3013.51 865.05
234.42 3920.82 2 464.37 9805.90 3240.71 7037.36
234.49 5424.74 2 8778.86 4628.48 3587.42 3054.72
235.57 8478.41 2 8982.82 1925.12 5138.95 9482.12
239.56 6478.05 2 9323.70 9943.13 4612.65 5496.65
240.86 6743.13 2 1609.54 2207.88 8347.48 1943.26
242.45 7122.36 2 1232.35 50.30 5966.55 5371.52
242.58 6728.84 2 1813.58 7996.60 8522.51 8513.88
243.58 4478.97 2 9077.26 3612.51 4696.74 4546.43
249.16 6857.84 2 2906.53 673.63 982.02 7255.89
251.58 8678.98 2 875.21 542.68 7942.15 5580.84
252.70 3034.83 2 4534.70 5905.96 2298.14 3854.62
257.47 4173.60 2 4815.17 4788.15 2107.04 1612.46
257.81 4790.51 2 6533.37 8354.69 5166.63 3763.29
261.66 6682.86 2 5516.72 1757.70 6066.28 8417.93
264.37 4818.61 2 1389.68 1656.06 770.88 6434.77
271.75 10187.38 2 1673.95 9562.76 5379.75 73.31
280.22 7010.85 2 2233.07 7721.45 7332.27 2909.99
280.28 5513.92 2 2115.17 1869.06 3622.23 7173.03
287.02 8550.78 2 1000.45 6195.16 9001.19 3177.86
287.46 6473.12 2 5213.73 8296.47 8348.72 2633.16
287.90 4594.85 2 4197.95 1495.61 962.99 4758.69
294.60 8129.95 2 8863.36 764.62 754.00 186.30
295.26 6563.10 2 9072.42 5163.72 3528.98 8677.19
296.83 4941.35 2 6147.48 390.37 7838.68 5033.29
302.26 6013.10 2 5993.58 5636.05 186.20 7195.47
303.87 5993.70 2 6617.45 2834.55 857.49 4492.03
318.18 6509.00 2 6008.39 7946.16 8204.53 1818.84
322.18 7108.99 2 559.12 2582.60 1800.38 9582.38
341.71 8485.53 2 1183.30 2303.46 8111.73 7202.56
350.61 8230.38 2 9927.76 8673.02 1705.67 8303.64
355.89 8094.71 2 1085.70 2023.49 8595.92 5043.60
368.68 9633.77 2 8333.65 224.46 431.44 5734.87
