3
50.0
86.57
1000.0
1500.0
0.6
100
0 0.00 6770.34969 1308.70757 2397.46203 774.40795
1 2.00 7330.42714 4163.07946 4539.73810 1660.21629
2 4.00 9712.15011 4733.21157 3334.90312 9806.24578
3 6.00 2257.47688 2346.74311 3117.37842 29.72975
4 8.00 3904.29062 1580.37581 8520.99665 4110.11408
5 10.00 1944.31679 2701.69704 591.00644 2618.03222
6 12.00 8775.27357 918.66198 3983.57583 1962.45173
7 14.00 8822.38825 9849.49189 1770.52669 8736.66640
8 16.00 2117.80477 1713.27277 8687.42306 5566.04761
9 18.00 1819.47387 2171.49289 3644.37107 321.54525
10 20.00 2759.38006 3638.06288 7992.12618 1171.93332
11 22.00 9077.60128 6524.05262 3064.82734 2708.95130
12 24.00 2904.90493 1472.98173 774.96164 4671.88599
13 26.00 2651.37776 5758.63594 2930.27811 5676.29079
14 28.00 4780.51257 2888.18905 7653.09243 810.53284
15 30.00 5542.13528 7185.92862 1796.31828 6254.59945
16 32.00 3002.54839 2376.37039 1096.60655 3670.87484
17 34.00 1614.20015 1112.43472 9787.02492 4078.70421
18 36.00 7524.31098 6416.81355 1736.37494 2516.75335
19 38.00 3873.95175 1780.33416 5962.31877 5011.08214
20 40.00 4421.59445 2531.86058 7284.39951 3232.08647
21 42.00 6518.14162 6217.70945 5283.12168 4958.42422
22 44.00 7646.73595 5699.19488 1182.55163 2398.65473
23 46.00 21.00103 4647.17718 8095.21043 2610.90572
24 48.00 9815.72218 6509.14267 7969.37492 2202.41240
25 50.00 2779.59119 8834.43308 1774.22165 6873.64138
26 52.00 2346.08308 3396.04348 4655.37576 8886.50742
27 54.00 1715.16294 3242.81854 1965.69867 762.19678
28 56.00 7242.18097 917.90074 2509.94059 9796.92260
29 58.00 9040.89041 2386.11957 4784.00853 6399.52315
30 60.00 8258.92225 3839.27702 1679.91119 2055.88100
31 62.00 474.45834 8179.70065 710.11461 2686.51125
32 64.00 4157.62700 4257.73721 7363.81320 5903.38010
33 66.00 1142.31882 264.84954 8090.02600 5949.32941
34 68.00 4132.20348 7499.51530 9131.34689 6071.35922
35 70.00 8809.52007 1470.35143 8583.00751 638.61501
36 72.00 9128.61641 5977.21286 7000.53533 369.74083
37 74.00 3381.65365 4247.40635 8495.04290 2662.60121
38 76.00 835.24595 5813.08313 1023.75247 9003.91908
39 78.00 3184.21103 1387.93146 9909.37570 813.96650
40 80.00 440.99927 9097.74134 7615.39869 1872.46411
41 82.00 9828.44774 1650.57484 9283.55871 6209.84022
42 84.00 4156.23946 9950.30351 8600.51613 9619.24070
43 86.00 6388.71701 1128.20088 1726.52066 5541.84186
44 88.00 8885.64103 2642.73493 7020.16224 5479.95950
45 90.00 1410.09922 366.86300 4620.93358 3950.29506
46 92.00 3807.26707 6045.10880 6366.50248 9648.97986
47 94.00 5052.54961 2612.68535 324.20285 616.54222
48 96.00 674.48827 847.77313 8381.47612 1364.14947
49 98.00 3922.56588 6416.38581 2228.37976 4883.37607
50 100.00 2466.90934 8439.40739 9173.56308 677.29709
51 102.00 9797.55598 5788.15239 1696.57197 7046.30702
52 104.00 8430.56890 7398.67610 7086.87692 5996.22386
53 106.00 4569.57303 3236.68544 4705.37988 4368.16821
54 108.00 8953.91105 8976.69543 7023.27637 6088.04319
55 110.00 1704.36506 2296.22066 3400.14222 4989.12494
56 112.00 5747.81496 6600.77414 6008.18430 5346.42159
57 114.00 8318.16362 3899.52685 4345.48482 4690.46439
58 116.00 7198.90808 997.05004 3689.71814 2184.18163
59 118.00 2725.94293 6726.52763 1033.76875 44.41900
60 120.00 2807.41415 8469.75388 5698.00526 9752.40746
61 122.00 3410.00140 8084.88402 7420.74609 8745.72658
62 124.00 5307.38990 7674.98676 6326.73378 6189.72224
63 126.00 9638.30228 4255.34902 150.78350 6174.01610
64 128.00 2114.79041 3072.54163 4680.02967 9172.49206
65 130.00 170.91117 4861.69616 8452.60509 7971.98498
66 132.00 870.72567 886.02643 2909.63740 3894.19892
67 134.00 6632.85629 3796.89591 8384.60339 2857.12249
68 136.00 1037.83097 233.39382 7850.54878 8546.05379
69 138.00 3452.32424 2933.94529 5017.09285 9826.67556
70 140.00 6065.43710 2341.32918 4052.79676 2404.02723
71 142.00 1574.77571 2764.19816 2441.72055 7728.82472
72 144.00 7637.84928 9452.13620 3308.51890 8229.56856
73 146.00 7227.35896 4173.56319 6818.03874 3625.21513
74 148.00 7740.68194 4587.47401 2235.09017 8754.83460
75 150.00 2520.07250 8124.17833 7989.02755 3526.19788
76 152.00 9204.84824 1547.09714 760.48532 1705.32487
77 154.00 3309.57777 8177.68676 5508.09345 2904.39803
78 156.00 4579.65186 5925.76152 6402.22565 822.91005
79 158.00 4917.73872 3246.20804 1698.97436 1577.98453
80 160.00 4802.94694 7515.13709 9077.78875 6211.65568
81 162.00 5626.07882 7607.85325 9920.65262 3277.55324
82 164.00 1621.08520 7865.38159 3974.08497 2547.95258
83 166.00 8734.24803 9502.08790 5637.39595 527.35352
84 168.00 602.20546 2240.70532 5170.06988 2692.04952
85 170.00 4376.56648 588.49965 2622.28197 896.76241
86 172.00 5703.50019 821.48149 1289.02825 1435.02164
87 174.00 5642.31878 3198.78828 8889.42445 2213.76172
88 176.00 6947.29079 3407.08726 7071.65912 2017.16339
89 178.00 9415.88496 8707.46944 3751.16063 2476.57763
90 180.00 1610.24948 2843.20223 703.23105 1308.40992
91 182.00 4343.86162 1675.78973 2711.19565 5111.22036
92 184.00 1407.37318 3978.72402 2460.67846 2634.61313
93 186.00 4076.16802 689.47826 5988.18321 5255.77035
94 188.00 1888.55443 1439.23026 1795.58118 3823.97480
95 190.00 3493.28347 6032.32308 8303.69198 6590.11686
96 192.00 6915.43575 410.66850 1024.09629 9544.48466
97 194.00 659.56715 850.28885 8843.10646 3845.91960
98 196.00 9923.82998 2023.32415 8282.72035 8033.75510
99 198.00 2314.07136 5046.03392 3737.04667 2813.71393
