3
50.0
8.84
1000.0
1500.0
0.6
100
0 0.00 9416.06988 1541.94267 6587.32873 7206.32768
1 2.00 6051.38908 8425.30004 5636.18034 8252.36267
2 4.00 283.73488 454.61803 6414.53734 5767.71231
3 6.00 6511.29977 7669.59001 4165.86784 6389.91192
4 8.00 4980.38060 6271.64010 2896.71657 9566.50170
5 10.00 4829.44818 8046.88154 6849.90841 2974.33871
6 12.00 729.73026 599.13033 4396.05500 4842.51130
7 14.00 2040.23014 6066.60263 3125.82499 7183.62885
8 16.00 7341.99755 8607.77366 9753.74128 1307.66152
9 18.00 3705.40198 5616.51216 3191.15886 4664.72567
10 20.00 2674.71674 2479.18883 968.11653 2902.12005
11 22.00 3841.49834 6153.77444 2482.70280 8653.07502
12 24.00 1596.99662 3274.35821 5776.87038 3127.14921
13 26.00 7631.21375 4982.65542 5147.24839 4987.59708
14 28.00 3085.40482 231.76298 9452.32804 5054.44463
15 30.00 9666.86631 2151.44423 3528.95089 505.40405
16 32.00 4948.94204 8823.39476 6542.60037 4705.86853
17 34.00 5366.90749 8471.72365 4309.27769 8824.55731
18 36.00 7275.08063 7638.56764 3659.37353 4005.81621
19 38.00 5702.81644 1946.55302 5532.22927 735.31750
20 40.00 5042.55529 7644.04115 2797.20678 9890.90701
21 42.00 6803.98640 1188.11020 9750.82815 3939.03713
22 44.00 7948.97228 3390.85300 9389.48567 7549.65172
23 46.00 1990.57882 5091.22516 5000.77904 453.03352
24 48.00 1370.36374 3330.40705 4737.44150 4569.88559
25 50.00 6062.60522 5155.05732 3279.65848 6130.68121
26 52.00 1625.02046 9906.15738 7393.19361 2992.34343
27 54.00 3363.73452 8282.89386 5323.39830 7087.39806
28 56.00 2997.90565 8157.48833 3683.57810 6738.06392
29 58.00 9798.98031 5837.02142 7967.54814 7253.24213
30 60.00 6880.43651 266.47155 4745.90214 9670.70696
31 62.00 7829.03991 7761.62025 5776.34396 7214.00112
32 64.00 5835.23277 1705.12062 6290.25241 6197.35806
33 66.00 8411.67125 1477.75708 6807.26895 315.70513
34 68.00 9482.05171 1098.95521 189.37368 3136.92483
35 70.00 1514.31258 6905.00261 4103.77409 7749.72302
36 72.00 9205.20950 8728.17709 7358.37271 622.81286
37 74.00 1380.82486 2073.41705 3250.49534 6622.26800
38 76.00 5254.77151 3137.52599 1731.82424 9121.24161
39 78.00 3423.27018 3542.86989 7719.89784 7209.24561
40 80.00 6433.09100 6933.13310 6100.76580 1922.64169
41 82.00 2465.19136 5580.86651 2248.67038 9729.10628
42 84.00 2976.14565 2890.04137 2072.77795 7049.88260
43 86.00 3170.40745 3488.03174 9337.00375 7954.05356
44 88.00 2734.57537 1218.74106 6766.22246 3796.94185
45 90.00 9801.60537 8183.77460 9546.08863 8046.15834
46 92.00 2904.52652 2876.30342 7141.41287 3463.63514
47 94.00 4423.76112 2564.43975 4790.79263 2020.68007
48 96.00 5385.77924 9330.23934 6961.71301 1372.72955
49 98.00 6156.77034 5868.30499 2424.58038 6698.33965
50 100.00 5310.41490 6379.44573 524.91107 4133.01366
51 102.00 7173.58056 1005.44905 7707.66058 51.81446
52 104.00 5503.52566 9290.99680 4069.07452 9350.32099
53 106.00 8783.99622 4774.48520 1994.55975 9639.14039
54 108.00 3211.67702 6458.97918 9079.36959 894.60721
55 110.00 5741.33353 5351.52277 7231.17678 9366.69380
56 112.00 9132.29726 1750.64775 8822.44973 1757.88708
57 114.00 9196.34812 9971.71803 3969.94574 4953.83897
58 116.00 9366.08745 9621.31380 9260.39698 8767.43168
59 118.00 92.67168 5679.61869 1073.00691 9829.93888
60 120.00 2845.61652 9890.99470 5433.00484 4939.12420
61 122.00 9385.60502 8510.59739 4680.20769 1928.11398
62 124.00 1126.46761 1624.94263 4589.14471 2572.64880
63 126.00 1861.99069 7366.17895 7907.67664 5677.81222
64 128.00 7572.82750 1754.94914 8561.46504 8970.42762
65 130.00 8269.89825 5152.80659 867.37770 6692.55853
66 132.00 1847.81201 1406.11876 3236.01670 2480.47084
67 134.00 2607.85277 2355.21253 7537.56652 9540.34823
68 136.00 3019.45840 7228.82528 114.35734 6536.83367
69 138.00 6927.68590 621.24332 1182.24848 3068.06342
70 140.00 4054.16613 5025.20471 8951.18370 7035.57035
71 142.00 3109.77948 1174.15746 9161.30386 2950.37600
72 144.00 6146.25448 2191.28601 1335.68782 1531.85565
73 146.00 7477.34837 6057.38948 4158.45615 5492.34509
74 148.00 4708.28077 5375.17688 6640.94439 2184.11623
75 150.00 2474.65429 7547.39550 8731.35058 818.70306
76 152.00 4467.47977 7037.66125 781.02722 5641.68722
77 154.00 617.58048 5476.49249 5054.87056 5727.01674
78 156.00 1498.52381 3281.17638 5203.41541 1162.40022
79 158.00 2054.01486 5831.47678 909.41644 5103.75354
80 160.00 8086.92083 4534.32300 5132.47843 4567.98476
81 162.00 577.36781 4623.78306 8069.15353 7232.80080
82 164.00 3959.48710 8164.53226 7458.04483 5783.11265
83 166.00 452.89803 3445.28867 637.59912 9941.23660
84 168.00 9345.82799 690.19146 9337.75563 317.34871
85 170.00 4088.66936 7689.72063 7658.27683 9783.33285
86 172.00 6458.80818 4203.61939 9928.56599 3824.79619
87 174.00 8696.20285 9067.67312 3756.45534 6827.30354
88 176.00 6617.92538 5393.00264 6535.34098 3477.69887
89 178.00 1784.73629 5372.58486 5288.42540 7278.58141
90 180.00 2226.90216 34.73295 227.35327 2983.62989
91 182.00 6734.99858 5444.45339 5319.33608 8233.60437
92 184.00 2475.12039 3461.59735 2756.49728 9374.10361
93 186.00 7250.23946 1128.44639 8094.78184 4192.40598
94 188.00 7660.53468 8837.56622 156.45796 2060.81622
95 190.00 1008.96713 335.76276 5977.84897 7032.86267
96 192.00 486.76321 7405.41078 4022.65351 2343.39278
97 194.00 2172.69210 8637.30243 564.44035 5038.95849
98 196.00 2892.63451 8157.86257 7315.17483 3189.03696
99 198.00 5979.17674 6725.31901 3206.65115 3017.64435
