3
50.0
96.16
1000.0
1500.0
0.6
100
0 0.00 3588.93966 8483.86181 6838.74522 4916.96406
1 2.00 6077.95215 9677.59987 6068.77515 3953.81177
2 4.00 6714.05917 1821.34960 2108.55540 5849.71170
3 6.00 4538.31525 2225.27024 7216.60224 995.44983
4 8.00 9608.94448 7848.75422 714.42583 5829.95326
5 10.00 850.67274 3206.19547 1019.77450 8881.46256
6 12.00 736.52202 6556.02785 507.24865 293.81055
7 14.00 3281.73251 3729.55687 7649.43158 443.51296
8 16.00 8684.55784 4050.05686 5767.72193 9546.78681
9 18.00 8322.85514 8125.05389 7114.65975 8768.56820
10 20.00 1705.30619 1394.33897 7292.84787 1813.59874
11 22.00 8561.02080 9063.48817 5577.15896 7853.52143
12 24.00 5237.22565 3217.54157 7038.72039 8053.30019
13 26.00 592.34492 7681.35821 7641.29607 5755.21047
14 28.00 2071.99556 8309.66337 1048.26758 4800.38241
15 30.00 9839.80831 9749.45034 5618.56962 4396.06510
16 32.00 5191.79450 4797.24948 1694.55991 2251.91146
17 34.00 9874.37808 4242.50892 9463.25002 5538.93120
18 36.00 1405.58842 6495.02285 5158.64387 6172.70946
19 38.00 8097.08168 2091.40230 676.06266 1067.09470
20 40.00 2318.85121 9254.08143 8424.50057 3015.96107
21 42.00 7143.69205 5444.64577 7867.38916 8040.82358
22 44.00 5403.12283 1973.42332 6379.49402 9846.06725
23 46.00 4376.70990 7404.29407 2313.09880 1233.01201
24 48.00 2233.32061 2088.65191 612.00080 2502.07376
25 50.00 2665.82648 1690.50398 8423.13993 3131.59699
26 52.00 311.73523 8563.21838 8823.31930 152.55913
27 54.00 3208.73029 2326.37800 3560.76906 6500.11800
28 56.00 5077.05469 1301.68645 2044.64189 2638.00953
29 58.00 7235.43078 6671.36096 7790.54668 274.33564
30 60.00 5554.06047 1791.99029 6519.09722 2323.41942
31 62.00 9924.32403 579.58914 9304.80146 7291.59995
32 64.00 5349.42309 4921.54743 5915.59380 5533.33556
33 66.00 1659.70169 3406.11179 4863.27691 3541.06711
34 68.00 4644.96621 9921.03922 4261.68604 2947.87057
35 70.00 3211.27295 8498.32541 9472.14024 2163.64851
36 72.00 333.20773 7718.05741 3813.25606 4160.92744
37 74.00 8917.01754 608.53948 8901.66846 6981.04735
38 76.00 2131.64417 9054.21438 906.10706 5730.70741
39 78.00 9869.16394 7186.33633 6969.61836 9988.99632
40 80.00 9892.08519 5902.82644 3369.59397 2202.18577
41 82.00 5949.70094 4900.74472 7263.97277 8410.23521
42 84.00 2556.33642 570.72306 4876.66052 6227.68984
43 86.00 9725.29899 84.21293 9479.15116 4856.45418
44 88.00 6310.24559 2112.07465 4141.68664 8107.50377
45 90.00 5807.09853 8791.19009 8961.56155 2867.95720
46 92.00 9195.41779 5173.59779 450.83772 1438.80433
47 94.00 965.00362 1825.11857 2703.01323 9737.74237
48 96.00 2985.68808 2985.54208 5588.80555 9316.77643
49 98.00 2438.34430 3601.85719 7893.40384 3212.68127
50 100.00 7677.71068 9450.24873 8344.77999 5755.33388
51 102.00 6059.04564 3352.88627 8911.07173 3845.89991
52 104.00 9151.93863 4411.57308 6357.35759 1293.85613
53 106.00 8144.44933 9866.11703 9065.25298 7480.37970
54 108.00 342.06022 3455.83666 5487.33077 6614.32884
55 110.00 6053.39058 8471.06086 3137.76372 9753.03640
56 112.00 3208.21360 9203.93161 5371.09532 5683.70220
57 114.00 7535.29413 7896.26278 8498.33693 5396.06995
58 116.00 8007.32269 9340.90530 2630.53762 3218.33353
59 118.00 3266.41962 7040.43876 9988.97769 7441.17280
60 120.00 7192.76388 7797.90871 8243.71671 4472.62691
61 122.00 2944.23774 1854.49802 9697.32905 2602.99989
62 124.00 9265.47192 6358.42281 9041.84059 9737.44935
63 126.00 9212.17534 9232.40756 6659.81280 4198.27234
64 128.00 7975.64492 2806.08162 5639.76540 1742.89376
65 130.00 1170.43270 3935.58492 4984.14508 3159.59056
66 132.00 7363.22154 6795.53488 354.35028 9809.67671
67 134.00 715.54312 8842.63882 8640.95231 784.38292
68 136.00 8731.26954 3491.14595 6291.46550 521.63261
69 138.00 6300.78349 191.04858 721.60906 2548.42906
70 140.00 7851.97118 9534.33100 3593.50535 5191.47204
71 142.00 55.57388 490.23837 402.00292 2937.98156
72 144.00 224.98580 7132.10444 2548.70019 3587.85117
73 146.00 6232.70113 3850.43953 7919.34820 2956.90847
74 148.00 9677.69530 8097.28693 3510.06837 3612.81562
75 150.00 189.26675 9935.23217 5515.96698 6050.11546
76 152.00 8596.77414 3963.15399 1345.51319 4434.83132
77 154.00 605.18817 9661.89274 5303.44285 6966.80370
78 156.00 6024.38139 7384.79101 891.76901 5071.42761
79 158.00 1706.38305 8924.51302 7926.19786 3840.57003
80 160.00 1768.82756 6578.75228 598.78294 6750.37139
81 162.00 3681.35568 3299.01111 224.95660 2402.64580
82 164.00 3381.98319 215.34305 8680.18134 9296.79460
83 166.00 706.38186 4972.59082 711.56149 4328.37633
84 168.00 2745.22778 9494.05512 4841.92877 7662.40731
85 170.00 7217.29663 3872.79204 1886.90952 7703.21875
86 172.00 8147.04702 6258.43458 6907.81235 8927.13534
87 174.00 7768.93450 1563.09789 2475.04831 5839.38393
88 176.00 4020.00565 579.10749 3622.21512 9634.08898
89 178.00 996.40201 5098.95751 9206.30323 2780.63680
90 180.00 5937.14345 2828.56393 7610.80011 6436.32595
91 182.00 6069.39166 7591.06354 2512.95221 3083.10807
92 184.00 9414.74078 5422.42357 1852.20350 8947.31945
93 186.00 673.10541 880.18297 7990.30809 2420.78832
94 188.00 4439.32694 1269.95208 9417.26176 6828.48898
95 190.00 2790.45640 4931.14069 7123.81285 8170.20734
96 192.00 1571.18855 5782.76444 7481.66179 3246.14778
97 194.00 5746.94813 7175.85168 2661.54713 8344.22747
98 196.00 9714.09109 9094.88901 5752.54299 3057.49402
99 198.00 8890.70392 5744.32497 3095.36102 3397.57017
