3
50.0
15.56
1000.0
1500.0
0.6
100
0 0.00 1506.83694 4935.79553 3419.12854 3115.76685
1 2.00 7994.62352 9979.63446 4636.84467 7914.24714
2 4.00 3302.48647 8435.46299 9516.44042 560.38344
3 6.00 7756.52911 713.84695 4701.46777 1921.92293
4 8.00 8415.39288 8172.50724 8282.52047 1219.61556
5 10.00 7681.45671 2489.62361 7712.25333 4429.60942
6 12.00 7376.19013 335.10292 4608.34635 7709.95968
7 14.00 5211.39120 9821.15851 4728.25545 6814.42320
8 16.00 3121.09366 3230.63188 6291.64254 421.85916
9 18.00 9374.20924 5209.26253 2533.12740 6385.20012
10 20.00 1987.23632 8875.19576 8636.57666 2177.88249
11 22.00 1129.28459 6329.08966 3245.13488 1673.60356
12 24.00 2761.00044 1196.49592 7891.43780 89.29856
13 26.00 419.93369 7834.75240 4752.70679 5962.12284
14 28.00 3713.98663 894.79903 1576.98456 914.01552
15 30.00 6186.44858 9308.48785 9969.73103 6251.32330
16 32.00 597.75132 6445.74897 7013.28140 7914.66244
17 34.00 1258.27458 2326.74631 9816.75711 7885.61826
18 36.00 7566.97523 8055.25377 4387.18898 1929.65299
19 38.00 6892.49980 3581.67497 1347.32174 8986.63044
20 40.00 4853.02133 4375.00004 2947.14596 6970.37775
21 42.00 1897.75836 1866.26729 3476.64679 7324.02410
22 44.00 2753.24463 8313.49593 9144.74002 5545.20310
23 46.00 688.76583 1550.25478 2956.72661 2633.49269
24 48.00 3671.12707 7.19829 6380.26062 3790.43570
25 50.00 1855.34290 187.19857 8568.29288 7760.16568
26 52.00 2387.86558 7210.03563 6582.89417 5389.56522
27 54.00 3874.90840 5240.69769 4975.49160 5514.67807
28 56.00 6130.39242 3226.00040 6409.03930 1104.64134
29 58.00 5232.00539 666.79843 8351.93358 1297.74266
30 60.00 8734.92778 2020.79029 4853.70287 987.53587
31 62.00 5710.12181 8362.99527 6579.21258 5258.21363
32 64.00 7013.14022 2559.38530 3663.54020 6059.53624
33 66.00 708.73961 9302.11037 2087.38093 4914.05501
34 68.00 8897.67325 799.56803 8010.19949 607.00188
35 70.00 5580.19889 9382.43858 4159.53203 3690.68651
36 72.00 7084.33785 8236.42966 2658.15634 406.53152
37 74.00 703.88130 3039.04549 9446.03482 9605.86745
38 76.00 971.19250 7251.71933 5316.61051 1894.60413
39 78.00 5261.92022 2487.63029 6253.25054 1788.97892
40 80.00 7491.94358 4151.84600 1055.14182 6386.24300
41 82.00 3579.63366 4587.20592 6652.42355 8828.24019
42 84.00 1668.09319 1803.96539 4015.57174 3375.12871
43 86.00 1581.76456 9984.33572 4430.12170 3523.24075
44 88.00 3151.54996 9914.62991 3246.54109 3717.19512
45 90.00 7641.84368 4305.88073 7258.67684 6084.13370
46 92.00 5631.44703 2139.28136 7657.08220 9261.46923
47 94.00 2540.89127 9616.51776 4474.99789 3970.90562
48 96.00 7263.13278 9829.56471 5957.62827 5176.09359
49 98.00 9934.12010 3018.41654 3003.33962 2218.86703
50 100.00 8557.20426 217.01371 8219.39922 6897.19184
51 102.00 2759.57137 5536.63153 5563.23086 9259.22450
52 104.00 1547.14786 377.36300 3556.55753 1384.08193
53 106.00 3670.82893 5821.55706 2329.94149 8110.74237
54 108.00 919.05121 3997.98248 9178.81803 7342.65954
55 110.00 7235.80527 7929.04194 1729.02491 8257.05244
56 112.00 6895.95101 5762.32462 9076.55642 5952.31203
57 114.00 3003.93254 7307.89362 5762.83696 784.77396
58 116.00 559.22709 7709.01504 3479.30207 8171.41700
59 118.00 4165.21713 8678.31097 8697.86514 2267.17671
60 120.00 6527.79183 6023.01634 114.34381 7774.18618
61 122.00 3824.86962 3047.83393 411.82252 5399.29729
62 124.00 1495.80019 5024.01610 2207.97175 505.19814
63 126.00 7315.78574 3928.82705 4456.16236 5951.32191
64 128.00 5047.29346 2220.85628 2897.83029 3943.22404
65 130.00 1321.89045 825.45113 5714.40591 493.11098
66 132.00 3991.91300 850.78987 5018.23116 7738.25137
67 134.00 1303.75175 1348.70764 5592.96177 4878.61100
68 136.00 6522.48439 1960.99300 6159.96838 7356.67754
69 138.00 2462.45841 716.43980 7767.71899 3234.11641
70 140.00 9241.38081 895.94648 6717.47553 4235.40602
71 142.00 3483.07857 3207.38363 5938.77149 242.06830
72 144.00 3048.18848 9876.51917 6162.20994 9901.59182
73 146.00 4422.10105 1458.18475 448.77551 8181.71920
74 148.00 1996.85214 3738.20790 7577.33783 8527.64145
75 150.00 1123.71741 545.38013 9489.40915 9267.29695
76 152.00 8687.52352 8201.33956 137.33293 6937.95225
77 154.00 1112.77992 4500.61571 227.48115 2090.09541
78 156.00 5380.05458 2038.01353 5232.65881 2586.58003
79 158.00 4830.26330 7299.23584 1413.47421 6987.55232
80 160.00 183.88513 5830.04943 6635.28342 434.82007
81 162.00 1703.19647 2840.13541 7891.88495 6179.64776
82 164.00 530.85249 6547.57872 83.34175 3886.45147
83 166.00 2713.10379 8520.82945 6601.00373 8642.82274
84 168.00 190.78324 8674.10443 6494.11145 2311.68620
85 170.00 3807.01203 9766.11940 996.03712 3154.55969
86 172.00 8667.72746 5315.60645 1864.17387 5006.50823
87 174.00 4579.86262 9263.49973 214.88458 2473.92140
88 176.00 5294.15364 3335.69635 3933.99818 1570.05251
89 178.00 3467.79903 3519.13082 6252.30970 2362.04766
90 180.00 9782.44267 5012.51461 8118.92860 6257.92364
91 182.00 8786.77274 8904.02086 8148.58638 294.65898
92 184.00 5549.39352 2801.93845 1517.08181 8971.75315
93 186.00 6569.31759 877.95017 3822.07122 9606.05693
94 188.00 6124.48393 6255.24600 2274.27977 2403.60808
95 190.00 1527.49154 9705.37173 9097.35394 3292.84738
96 192.00 5422.33751 2067.57275 1385.76527 5413.53827
97 194.00 8001.05059 8625.87662 3089.98396 7051.36388
98 196.00 5238.05484 1352.52494 9956.85800 9757.76909
99 198.00 1451.52395 9330.29946 9171.12121 3174.96211
