3
50.0
34.75
1000.0
1500.0
0.6
100
0 0.00 5701.08334 1084.92052 1194.00705 8228.77481
1 2.00 8840.26559 9502.09074 5547.49987 4979.67215
2 4.00 1271.15030 9955.58463 4689.56988 1093.43895
3 6.00 2286.45079 8330.94734 1844.78328 7625.41411
4 8.00 8064.09114 2417.51845 6153.20827 4381.08561
5 10.00 1427.58708 5970.01476 410.51907 9336.15591
6 12.00 7667.90181 1889.69424 2104.31358 3179.21311
7 14.00 5688.01351 9485.89415 3413.47492 9504.14399
8 16.00 9218.39775 3501.17217 2006.49298 6441.35170
9 18.00 3913.11864 1530.97517 2918.05599 636.49380
10 20.00 1839.63162 1943.39092 6580.12217 4388.71592
11 22.00 8713.37313 693.82882 2457.76121 5285.56602
12 24.00 5568.53132 1433.63450 9641.76538 567.13127
13 26.00 6847.62829 4099.24168 5342.73766 6185.86225
14 28.00 1699.15242 9328.00564 3703.72147 1434.86477
15 30.00 1037.92598 2336.61965 3812.13389 5627.11657
16 32.00 8137.06066 7686.95433 1196.42093 2245.18074
17 34.00 6282.86593 5636.38758 739.24013 6488.62629
18 36.00 9108.11458 9372.10937 6447.90153 2824.68451
19 38.00 6160.49091 4496.71208 7480.69407 6828.81173
20 40.00 6126.08502 3451.46254 9879.77480 4549.84281
21 42.00 9194.26522 1531.37918 5364.54677 3601.35147
22 44.00 1444.07401 6370.93214 1743.53160 9673.70006
23 46.00 9991.40481 8819.37490 3680.78096 209.37126
24 48.00 8054.50479 1439.83774 4599.32070 7106.85826
25 50.00 5414.98526 2269.85611 4022.30949 8401.35348
26 52.00 3529.41373 9418.81093 4211.40655 4177.25626
27 54.00 7334.49291 4438.92888 3884.42855 3635.60262
28 56.00 3260.10985 3988.83061 7233.07710 2059.15080
29 58.00 2169.59310 1909.65076 1946.01938 8736.06136
30 60.00 6593.25978 6188.76251 9003.54329 5482.05516
31 62.00 7639.76580 4082.08090 6440.00048 2135.13683
32 64.00 1413.31490 1086.50182 6522.37441 3003.20274
33 66.00 8328.87895 7745.77661 6235.96090 508.85709
34 68.00 2171.78139 5516.93074 1567.19347 3842.90501
35 70.00 5175.00858 1803.15233 4429.80342 6939.69609
36 72.00 3859.70671 6669.93537 2733.19982 7459.71700
37 74.00 5633.64005 1558.55683 4018.76484 7818.58912
38 76.00 1978.09749 4112.89732 4685.79764 8680.30099
39 78.00 1305.55084 9312.52468 3162.14603 9330.20217
40 80.00 6123.24897 7353.17622 8759.16571 6761.89408
41 82.00 7869.62256 857.50058 86.68683 8622.49269
42 84.00 527.52706 8526.00925 3132.93881 9018.03757
43 86.00 2030.07070 1506.02936 2130.11856 8406.78514
44 88.00 3629.40063 9092.45605 5834.48521 8282.54509
45 90.00 4750.87332 7036.03217 2897.41049 1014.99489
46 92.00 5618.87556 9008.17058 1520.16894 4151.85870
47 94.00 5323.05180 6182.88893 1582.80422 5523.21208
48 96.00 4695.67677 9833.03020 6899.63712 9036.51612
49 98.00 9761.24727 6638.69090 1466.46290 4449.03889
50 100.00 7556.73513 1355.98741 3809.49143 3793.69754
51 102.00 1704.57957 199.54120 6881.21498 8179.51704
52 104.00 9309.42181 5848.91204 1818.33665 8939.88043
53 106.00 9702.96707 9466.04078 5667.83006 8856.03863
54 108.00 9878.15299 8864.90705 688.89992 1349.43401
55 110.00 3001.04541 3936.15752 1494.85999 9928.96802
56 112.00 7909.67539 6689.03866 9615.75111 3206.98584
57 114.00 7114.08181 9487.61774 830.72695 6028.12558
58 116.00 7993.17669 159.55535 8910.47698 4177.38661
59 118.00 1690.60158 8512.52826 1920.23147 2802.45840
60 120.00 5204.31607 9159.25056 4896.09050 9058.16653
61 122.00 520.11070 2388.03928 3066.36119 4489.31068
62 124.00 4329.49672 404.55738 7499.97623 7597.65064
63 126.00 4580.87524 802.44186 5512.74114 1306.49856
64 128.00 9782.48663 6241.69655 7346.41266 192.12159
65 130.00 3806.71115 9045.34820 3800.16933 359.83158
66 132.00 6719.03918 6968.56092 3356.34912 8031.46031
67 134.00 8536.26661 7841.20354 4071.95037 3421.28688
68 136.00 9429.06256 7191.17107 5523.82649 4888.30419
69 138.00 2666.72530 9133.57351 9187.76115 847.95302
70 140.00 6662.22594 3186.13923 5087.91282 1135.25272
71 142.00 8107.55082 8062.26654 1070.49609 744.14627
72 144.00 3733.88291 1540.06128 8014.57057 7788.76678
73 146.00 8636.90399 96.45244 134.47223 8069.86245
74 148.00 8701.59596 6174.60669 1562.43791 6261.26379
75 150.00 8713.49379 4607.62997 8734.01436 7861.31633
76 152.00 1058.32738 1219.78395 7041.47630 1995.21310
77 154.00 7460.64081 811.55600 917.03882 9513.91921
78 156.00 38.41135 7915.92730 2330.75747 499.98631
79 158.00 794.11957 3204.04951 5293.33481 4760.44110
80 160.00 1972.99754 9879.29579 6054.57825 1860.64880
81 162.00 2880.63494 6761.59334 8650.08226 612.66344
82 164.00 1849.27847 63.13392 1758.50913 1977.20500
83 166.00 1438.92772 5419.98435 9727.23716 6999.67020
84 168.00 7028.68095 757.79760 1870.48054 3214.05446
85 170.00 9919.80413 1624.23576 6352.96925 5923.08203
86 172.00 6015.53965 5066.54454 2854.03015 4265.23307
87 174.00 8244.68571 7354.43154 5305.50845 6548.42167
88 176.00 9681.39043 2516.68172 7542.97094 646.53337
89 178.00 627.82977 3442.23253 7329.14180 6198.45388
90 180.00 8177.03511 799.51612 7644.33808 7161.09711
91 182.00 119.98944 7442.68698 882.31685 5881.38623
92 184.00 9163.33384 3614.79787 6810.80815 6781.95551
93 186.00 658.78813 2624.37304 8397.25176 4507.86951
94 188.00 7421.92647 4804.48808 4996.94931 7634.12479
95 190.00 3134.74674 9990.97427 1902.85051 5872.29126
96 192.00 426.99484 3528.94965 4649.44816 4616.40219
97 194.00 9234.46020 8464.81606 9722.76065 4636.23858
98 196.00 8990.89571 4521.76408 1420.82890 7505.52083
99 198.00 4195.97163 244.79820 1394.32026 3167.23499
