3
50.0
98.08
1000.0
1500.0
0.6
100
0 0.00 9828.25518 4159.28446 2087.16091 3812.68012
1 2.00 2699.23783 6924.61413 4263.56092 4028.59986
2 4.00 1710.70836 6503.28057 8551.72575 9758.49591
3 6.00 2708.45467 3413.91493 7218.67159 8345.39475
4 8.00 8286.70930 834.60406 8300.50301 7112.20226
5 10.00 309.38476 7861.76197 9568.54249 3389.61803
6 12.00 829.05538 3158.30832 2424.23340 700.52912
7 14.00 1125.05545 9437.28129 6112.47070 9113.12251
8 16.00 9620.89739 8126.99829 4064.44513 8305.28423
9 18.00 1511.02211 4062.34522 7804.59167 7988.37564
10 20.00 7027.82861 2740.30110 9269.39875 7565.94505
11 22.00 9966.89912 6069.51538 4171.39255 8473.46368
12 24.00 2566.68507 5024.25044 8909.51301 3760.23979
13 26.00 3168.24253 3499.37528 8373.92682 1691.40988
14 28.00 3096.15287 8649.14181 7571.21787 3867.90019
15 30.00 8767.27359 6629.24824 6922.48646 4150.31133
16 32.00 1096.29212 7289.08604 4920.26518 8527.33681
17 34.00 8798.09969 7387.30092 1593.60182 7771.75557
18 36.00 1093.70200 1158.08929 5617.56921 8273.37308
19 38.00 971.37312 555.16648 9645.09581 210.61256
20 40.00 756.38641 4992.16115 7856.74988 3303.18834
21 42.00 9104.88184 420.38594 1704.03901 4919.04547
22 44.00 5484.01955 8502.77833 3260.99045 466.38342
23 46.00 2708.31747 2896.92082 9023.08541 9061.36930
24 48.00 2789.93113 1373.98896 9729.22071 2605.76902
25 50.00 1449.50567 4044.04562 7909.73832 187.82314
26 52.00 5388.18330 6999.77713 8480.49015 647.97545
27 54.00 8191.39414 2273.30636 6690.81654 6579.26108
28 56.00 9794.49136 8819.86351 4107.07038 2520.66440
29 58.00 6174.23847 9939.51950 430.00380 1429.79549
30 60.00 627.68440 7256.19112 6652.83818 1163.97934
31 62.00 1498.67616 9065.04332 55.77955 9758.50667
32 64.00 6594.65429 785.96156 6533.81229 440.91302
33 66.00 5348.74753 9016.73811 2199.63159 3599.47276
34 68.00 4724.07789 6716.93429 2256.31271 7482.38106
35 70.00 7868.10364 3914.33905 7371.98681 6831.70438
36 72.00 3128.88974 1214.98919 4589.89924 835.40457
37 74.00 377.58701 7965.33760 4324.19591 803.27836
38 76.00 8317.12886 4571.54426 7577.72878 1108.81937
39 78.00 7425.88397 8805.77698 54.44310 4487.77660
40 80.00 4732.52144 2504.21324 5069.03762 9739.18642
41 82.00 3625.89594 4368.00846 5294.74129 4278.94227
42 84.00 4831.92835 7991.46846 4334.68621 4881.04031
43 86.00 6880.58854 6041.12213 1593.21977 8275.85684
44 88.00 5532.33719 2325.56494 5861.94663 1173.20271
45 90.00 2053.01642 9506.80216 5918.70008 1510.44921
46 92.00 3623.80334 4524.75078 1767.05664 3635.43724
47 94.00 4852.76755 2220.47964 4228.24666 8287.52640
48 96.00 9115.91857 2803.88152 6881.16379 8953.07217
49 98.00 6778.70293 1022.58110 6869.74047 449.38843
50 100.00 5930.08597 8084.08635 8081.33455 6880.73773
51 102.00 6280.50088 7732.52803 5908.97461 8473.66657
52 104.00 9889.62999 5394.99499 906.04143 6711.73012
53 106.00 1651.71983 7553.41980 7975.97305 608.28131
54 108.00 2161.78510 960.36544 145.57480 5593.52573
55 110.00 383.01782 3576.76174 8238.02521 384.84855
56 112.00 698.63505 4034.31772 6489.31989 7176.83502
57 114.00 7352.24371 3982.17132 2409.57755 622.68728
58 116.00 9015.28592 9270.78056 6190.54976 8849.98313
59 118.00 6227.48115 3180.39709 3914.25039 8990.10750
60 120.00 7532.77049 4355.92970 4133.50188 9825.63500
61 122.00 4058.69423 8051.98036 3472.19948 8596.51844
62 124.00 9236.91965 7462.10256 3857.60388 9868.75043
63 126.00 1327.53706 3597.45132 9808.17362 3757.16645
64 128.00 4881.76675 9261.28940 8093.84764 6188.29393
65 130.00 1777.88916 8730.91767 3595.86820 8050.72222
66 132.00 9941.70025 9137.07853 3872.10329 2682.31936
67 134.00 6125.31904 5591.49614 9314.48433 8193.80575
68 136.00 8223.56865 9060.10759 8620.93378 4980.17735
69 138.00 969.00857 8401.43454 9147.67580 6359.99299
70 140.00 2875.07868 1172.63412 559.27038 508.93662
71 142.00 44.65822 3895.09919 5399.12815 5152.74169
72 144.00 9923.01583 9676.58914 2408.47072 7115.03631
73 146.00 8089.61017 5635.65286 9546.55513 7564.67529
74 148.00 2766.53226 619.77634 7015.62835 3131.80177
75 150.00 6501.06912 4140.88756 7089.20297 6092.20353
76 152.00 8525.89681 6287.15988 8875.84135 3838.13048
77 154.00 5652.32447 8491.20011 2449.76144 3729.63008
78 156.00 7968.02193 2846.27969 4674.78505 6106.01112
79 158.00 509.38879 8303.41890 3148.81047 5544.50749
80 160.00 2425.81070 2628.04661 147.56204 4885.73370
81 162.00 5297.67749 236.00810 8487.62292 4254.52838
82 164.00 3683.28393 9977.87425 43.83055 9440.49982
83 166.00 477.65079 9211.32271 7950.74657 8971.05551
84 168.00 1182.68415 6231.83970 9276.10151 3277.72267
85 170.00 4909.42190 2987.82263 2097.50950 5421.15923
86 172.00 7747.98669 5419.39253 1799.49630 3074.56866
87 174.00 3828.08925 5105.21212 5013.73539 7840.57103
88 176.00 4444.12233 3444.74363 2236.95741 131.47655
89 178.00 6934.68281 9620.56186 3607.28421 3196.02876
90 180.00 3697.94040 560.86005 1885.30433 1570.01087
91 182.00 4681.15032 918.71044 4377.13985 5101.44759
92 184.00 6724.86832 9802.95709 3455.26472 7195.53913
93 186.00 1220.84820 9833.85957 6223.61949 6916.27369
94 188.00 8772.40587 6351.03079 877.93257 245.12867
95 190.00 7486.57533 8217.18188 1018.28524 220.65758
96 192.00 7131.84922 8248.15020 4926.13399 6319.50303
97 194.00 417.14646 2748.48429 9774.15564 677.45487
98 196.00 4278.20627 6037.07320 8378.58619 2162.69447
99 198.00 7716.87010 4728.21909 7001.57394 1453.99241
