3
50.0
23.23
1000.0
1500.0
0.6
100
0 0.00 232.39840 7853.57811 9221.44191 1536.91239
1 2.00 9526.37546 3302.50528 6298.39307 6030.02786
2 4.00 6078.37271 8669.44756 9801.72115 2042.04619
3 6.00 3906.36147 5344.90581 1883.38678 1086.38356
4 8.00 5695.15012 4515.35327 8947.43795 932.41507
5 10.00 1043.13177 5529.06775 320.59154 6890.24550
6 12.00 4886.13323 1866.92105 694.91036 9629.94556
7 14.00 2838.17621 2330.39426 6595.69893 699.79433
8 16.00 574.53181 5185.31680 1718.25717 8597.07347
9 18.00 4108.61234 1570.35455 1107.43948 5364.53019
10 20.00 4782.51142 687.62991 9550.96766 8656.99494
11 22.00 1299.32283 2056.77005 4322.00676 7096.71614
12 24.00 4747.80024 6037.09449 9391.54255 5874.91953
13 26.00 5024.75021 6848.35929 2754.40978 74.43309
14 28.00 1426.91988 639.70043 3992.36915 8075.65832
15 30.00 5258.56505 9103.02539 8792.39391 4602.04560
16 32.00 5761.32752 7372.90711 2879.11785 8809.94073
17 34.00 4563.06624 7003.16540 7116.47934 2974.48727
18 36.00 6130.27512 8099.84765 1751.26287 2491.34818
19 38.00 8999.64620 7332.43953 4578.28152 9108.33095
20 40.00 1834.44319 5686.15266 3935.51318 9456.87361
21 42.00 2396.95258 8705.39592 2737.76277 6280.83203
22 44.00 2918.89591 9162.96334 6980.43993 7224.09389
23 46.00 2172.54869 4934.87577 9923.89722 5528.23895
24 48.00 9953.16382 765.33636 1052.24561 7665.39080
25 50.00 3260.13136 4509.35983 2527.66618 5060.64572
26 52.00 4621.67487 731.95492 6944.85714 7497.36141
27 54.00 3811.55568 7459.57437 8557.73145 3966.74328
28 56.00 107.37361 1146.82717 9171.36976 3271.10363
29 58.00 7486.76028 4847.59237 682.37171 5484.28540
30 60.00 2422.93609 9500.18424 1402.55760 8204.26690
31 62.00 8415.62533 1705.89096 180.66128 1005.15121
32 64.00 2941.44654 5346.53833 3908.49502 775.85300
33 66.00 7635.89047 6773.83142 1534.96477 3580.86990
34 68.00 2166.72433 344.44845 6750.44131 2161.66500
35 70.00 6967.42364 8365.01141 8115.11826 6410.12189
36 72.00 7164.10433 8970.09880 3906.18389 3083.24251
37 74.00 524.15256 46.65733 7724.09695 7671.14238
38 76.00 9288.20552 3746.44703 2385.40323 913.86430
39 78.00 4216.82731 9892.90625 3371.16642 1921.51820
40 80.00 6689.49455 2205.67852 8822.86058 7969.24165
41 82.00 8304.50666 1678.82887 1670.47255 4156.80010
42 84.00 1076.83829 3271.41466 5620.54117 1895.47536
43 86.00 2071.19315 5417.02653 9389.23228 1208.03961
44 88.00 2137.79987 3565.76326 1736.21558 4021.39490
45 90.00 3162.40221 3891.86660 4587.75932 660.16284
46 92.00 8150.84892 6499.44996 3689.79961 673.31269
47 94.00 2185.60855 3015.34249 5988.69096 9831.02493
48 96.00 1018.13590 5361.81530 9905.31288 8504.65034
49 98.00 1714.59110 9590.34704 5998.67145 9814.15895
50 100.00 6963.15366 6779.00522 9723.66853 6937.20744
51 102.00 3320.46547 6353.53452 8839.67032 3179.66975
52 104.00 8515.54212 4821.30379 3351.05218 6085.33322
53 106.00 5850.36914 3823.71400 6405.91955 2324.25477
54 108.00 5874.68547 9883.80864 2326.05904 6163.48675
55 110.00 8967.79426 3088.48629 7379.13284 7572.45744
56 112.00 6197.66228 599.23017 3745.23628 2966.14730
57 114.00 1516.70585 2043.85330 379.06716 9234.09140
58 116.00 5980.75189 9458.76497 7392.55636 3286.89852
59 118.00 2781.26443 6436.02072 7604.93882 5208.72860
60 120.00 9775.67504 6480.46425 2884.55104 236.93332
61 122.00 8469.34846 3312.70273 2422.48984 5393.11752
62 124.00 9066.32058 6650.06019 2483.38050 6873.49839
63 126.00 7195.02220 6080.63198 3814.85921 3216.36991
64 128.00 4423.60890 60.42660 8698.66740 699.84920
65 130.00 1924.65447 6343.66959 1415.32011 2042.20013
66 132.00 917.59392 5926.30651 8312.20879 9318.12690
67 134.00 2363.10128 781.64514 7249.89105 3114.62970
68 136.00 7216.73766 2449.24958 1764.35505 2489.69430
69 138.00 2853.52890 4482.71192 6356.03772 2718.60785
70 140.00 7812.88925 800.15972 9725.55200 3982.44473
71 142.00 1677.66038 4413.76071 5052.92554 7349.28105
72 144.00 7603.24464 8196.03808 7935.58601 198.11077
73 146.00 3814.19312 8540.42210 7588.58322 9215.32499
74 148.00 5951.83362 1527.98709 7266.48235 2572.91722
75 150.00 4636.51235 4536.03106 3751.46885 6060.25357
76 152.00 719.39650 1366.56349 4692.58481 1547.24456
77 154.00 1896.25815 128.34272 5006.99809 7253.45376
78 156.00 4914.53718 9256.91071 9402.84985 9704.92637
79 158.00 3731.44898 4895.51114 6410.48722 5883.09005
80 160.00 4087.87585 388.26898 9216.03248 3848.26011
81 162.00 5656.08592 1942.28200 4362.97945 2552.58417
82 164.00 9130.85995 7222.45293 5096.08363 4886.21843
83 166.00 6884.89395 6964.55412 6509.06335 9265.18756
84 168.00 7356.64206 2423.52869 345.07572 8131.26410
85 170.00 6309.52714 6764.25599 6974.71422 6453.33537
86 172.00 2613.30698 4554.70770 6810.66484 2542.88034
87 174.00 6021.49327 9517.78245 8415.15900 123.37387
88 176.00 7709.72186 6443.97391 9168.82853 3976.66922
89 178.00 5861.60429 9009.95650 5185.37044 1888.23252
90 180.00 4229.44860 8297.49565 2528.71235 3022.19566
91 182.00 9676.83431 6584.86060 3827.88610 3079.78867
92 184.00 4116.08992 8764.00470 7276.52079 888.73439
93 186.00 6361.80249 7766.91115 3443.92812 1427.13482
94 188.00 7487.30072 9300.16866 3979.70220 3081.00343
95 190.00 9870.25493 8163.89378 15.78578 698.41495
96 192.00 6963.16707 5249.61989 6545.21192 7330.42236
97 194.00 1706.34256 3746.51389 7040.47197 1980.20529
98 196.00 1819.84331 9484.83311 4506.60784 8143.70455
99 198.00 1856.38042 589.82065 1827.29399 7591.64685
