3
50.0
69.29
1000.0
1500.0
0.6
100
0 0.00 9932.60983 7587.45406 5363.02826 1603.12149
1 2.00 4786.32951 5240.05406 120.31521 9492.46393
2 4.00 7145.35657 1565.92994 17.77602 6383.18539
3 6.00 5539.75754 6732.29565 9436.39613 2903.83134
4 8.00 1543.37791 1931.55426 2107.78336 4199.74962
5 10.00 177.42615 5157.65028 7271.51742 7119.20833
6 12.00 287.78314 5334.67272 497.16873 4003.42290
7 14.00 4434.44602 8843.07940 7602.35053 5839.88291
8 16.00 9886.45632 3712.28353 6415.43234 3466.79449
9 18.00 2840.55618 5486.24711 4116.56107 8916.98756
10 20.00 2602.12305 4808.05973 5642.98652 9438.19325
11 22.00 3789.18167 5151.02161 4178.56317 3725.74240
12 24.00 8683.97315 3376.26292 4914.23457 1009.76252
13 26.00 4249.86573 3543.23420 454.33814 6688.35294
14 28.00 7956.05223 8210.26805 2072.28221 3036.70207
15 30.00 9261.28326 894.04825 488.14527 6258.16805
16 32.00 4388.95547 5885.71272 1465.49642 7197.59166
17 34.00 1347.02715 5292.55978 9613.24851 4285.22239
18 36.00 7584.21740 2139.28075 7705.30369 7035.05855
19 38.00 4821.10968 2419.54200 6770.06879 994.21660
20 40.00 4951.29061 5572.09510 1082.65375 7827.64741
21 42.00 8396.49263 1077.31189 2831.71308 4804.86517
22 44.00 1536.98936 8521.13918 1435.77317 6647.86354
23 46.00 1384.95713 3749.48516 8180.64513 3370.15251
24 48.00 237.75083 578.03489 3421.01517 5898.53987
25 50.00 313.50706 9935.27865 7199.21194 6658.07982
26 52.00 5861.49163 5505.61487 2087.80852 8466.35889
27 54.00 4014.61591 4582.47648 5204.28393 4783.10370
28 56.00 3098.56365 973.96719 2145.55115 2021.97886
29 58.00 7935.54379 2820.98452 5261.51912 7724.47002
30 60.00 594.38974 299.08661 794.67880 2234.01631
31 62.00 1573.88483 3072.13400 9368.38405 9859.15810
32 64.00 4917.18603 9736.58247 2779.79695 4376.82904
33 66.00 5681.38864 9617.73907 4127.76577 9903.69627
34 68.00 4133.12299 3874.85937 5119.84651 4965.30762
35 70.00 1946.51420 997.76093 6056.35440 3775.92110
36 72.00 1452.72131 1552.02891 7779.89099 6318.36380
37 74.00 556.86794 1659.33588 2498.11702 1296.39277
38 76.00 8966.39585 2869.69967 3722.80325 7435.58068
39 78.00 4516.07912 8480.06889 9534.53884 1844.52201
40 80.00 788.12507 3689.62545 5638.62016 434.79896
41 82.00 2623.94518 9230.27735 8508.40610 1660.01773
42 84.00 8620.57325 8825.61690 119.72370 694.49733
43 86.00 4025.46938 434.44520 5422.64967 1147.58475
44 88.00 1796.92821 5791.14729 4877.96631 5533.25260
45 90.00 7713.24115 4859.14175 6142.11358 5837.03217
46 92.00 3816.17381 1937.00943 828.97606 1405.35068
47 94.00 3909.08060 3229.59079 5516.55313 8120.18088
48 96.00 8577.77396 3027.46119 1552.92764 1447.47624
49 98.00 7992.44731 2595.21609 5553.21397 2510.62107
50 100.00 5442.19835 3928.86268 7241.86905 2443.16368
51 102.00 4614.89463 4620.23602 3002.03416 415.52374
52 104.00 9430.21939 8375.98166 8714.87544 9133.99797
53 106.00 315.66171 1524.99582 6790.39958 6312.98450
54 108.00 8121.73315 9200.86684 7879.86272 6042.82780
55 110.00 2485.36391 5737.53174 64.01117 852.69772
56 112.00 2636.94282 9306.79372 7879.56134 8733.57531
57 114.00 5678.60908 7443.57155 8308.19272 8145.82710
58 116.00 8042.37439 6156.38592 7336.37693 8469.98907
59 118.00 3783.65084 6577.77516 5992.47472 8883.90856
60 120.00 7262.81103 4092.06953 5522.11558 7770.62656
61 122.00 2894.66031 9688.22390 2204.44450 784.91966
62 124.00 932.36373 7556.18498 5156.68676 1108.64333
63 126.00 8578.65341 8548.95387 6334.88090 3120.50469
64 128.00 9487.77333 3418.06024 859.23856 7038.71379
65 130.00 1565.72374 6361.80886 4449.34278 5872.46378
66 132.00 22.26452 3118.19132 385.52392 3611.58478
67 134.00 13.63565 7448.40155 7923.84901 8066.72156
68 136.00 9027.34938 4532.35344 2959.12189 8175.28214
69 138.00 4587.71300 2126.80132 217.80947 1045.66464
70 140.00 8093.24218 3536.87449 9104.24928 2717.66270
71 142.00 4738.01256 9463.65936 1524.66189 3281.22256
72 144.00 9767.16686 5996.43508 7905.59479 4549.93946
73 146.00 2677.29052 2224.84113 8578.51438 9373.59098
74 148.00 2655.24643 6182.36882 5806.24451 9211.07150
75 150.00 5252.62814 37.09962 9425.68185 2469.32213
76 152.00 1065.42622 2287.59359 7477.93965 9988.78893
77 154.00 2889.30543 1858.22128 6300.73580 9634.71787
78 156.00 708.08373 8334.55677 169.21380 1678.29681
79 158.00 7590.77540 4509.20279 2337.42803 653.67629
80 160.00 6459.03770 454.73280 4889.10436 9479.51551
81 162.00 2414.35886 6854.45099 362.05702 267.62225
82 164.00 5338.15418 4060.46388 3322.87277 4070.03699
83 166.00 946.21093 3221.19163 3961.64805 3884.97419
84 168.00 2886.20420 614.32841 4408.12329 9505.83231
85 170.00 4000.05709 5994.47104 8768.13975 3785.71024
86 172.00 6355.77616 5838.78195 5188.25371 2716.23876
87 174.00 2523.25628 693.36381 121.17050 6496.31413
88 176.00 4052.87510 1065.23678 9882.27800 9213.53175
89 178.00 4559.94903 4685.35312 7534.93563 4445.15783
90 180.00 9496.84180 7652.18987 2219.23535 4804.71494
91 182.00 5741.22011 3099.42317 1972.70690 2019.88919
92 184.00 9902.30418 369.72265 5278.05143 1106.48073
93 186.00 8849.67149 4423.49748 5737.34415 7588.89656
94 188.00 8321.47383 9927.00488 2780.31995 236.26053
95 190.00 9219.13639 2680.49525 2937.24657 9448.13177
96 192.00 8101.53711 3341.87596 5919.18077 4477.38910
97 194.00 2274.49620 2332.93516 6619.79448 3030.38073
98 196.00 5646.44633 4071.57101 7013.29685 3424.43163
99 198.00 9401.23187 2288.11790 9856.38403 4800.44922
