3
50.0
38.59
1000.0
1500.0
0.6
100
0 0.00 4158.01034 4868.94204 9883.68842 1481.67774
1 2.00 8842.19126 2400.23378 6039.21834 9570.62612
2 4.00 9073.06896 7207.84390 4178.70194 7708.59942
3 6.00 6315.37962 7113.65218 8002.08625 3730.23892
4 8.00 27.37307 4827.98366 8243.24041 5010.76894
5 10.00 2110.61762 3325.17920 6586.65641 7365.45464
6 12.00 5049.81140 5308.69099 8895.86371 9936.31069
7 14.00 6124.63787 6122.24506 4349.37662 9498.16940
8 16.00 8002.79446 4549.52500 7191.07208 5471.23181
9 18.00 5387.92253 7557.73578 445.13660 3326.05407
10 20.00 4073.36299 6270.42733 7918.38281 4745.17568
11 22.00 8782.34375 9290.48408 9141.05206 6087.60458
12 24.00 2309.45236 3151.79548 5908.93665 4492.71338
13 26.00 3002.82507 6520.54696 387.10474 2294.72925
14 28.00 9043.80430 2541.41915 2653.65914 5307.42818
15 30.00 405.44146 9520.08589 4492.49932 3969.80181
16 32.00 4300.10759 9586.37447 8023.91177 2736.34706
17 34.00 8144.24678 5465.45930 4167.55058 5017.51839
18 36.00 9525.97251 7946.29721 6400.19654 3062.04124
19 38.00 6002.44974 511.95692 9888.68390 2134.14554
20 40.00 6612.88586 2875.57138 1158.71659 2348.33411
21 42.00 9892.77083 5607.54714 3285.87384 5450.63255
22 44.00 2002.57078 6850.84041 796.76891 6468.42981
23 46.00 9465.78558 206.90896 1298.77477 7494.10247
24 48.00 2581.93218 6574.57168 6718.10867 4155.75647
25 50.00 9059.54543 2040.93328 1639.07300 976.04310
26 52.00 9317.41471 3094.92424 5423.19541 5486.80668
27 54.00 685.89770 9828.13605 8732.21160 8530.30286
28 56.00 33.28219 2395.51418 7786.64870 7944.26521
29 58.00 9443.63902 9651.43674 1133.70760 4512.91593
30 60.00 1214.39043 7659.99793 7795.37525 4652.97226
31 62.00 1220.97511 6679.98378 2783.00567 832.68101
32 64.00 7890.00028 3532.40163 3878.80682 1893.00161
33 66.00 9449.40718 7253.15243 9109.19934 6203.41970
34 68.00 9694.22115 7664.83926 9921.22978 1622.92131
35 70.00 3421.01188 5220.86708 6895.29803 1941.70441
36 72.00 9911.13535 7573.14359 3513.82584 3401.80776
37 74.00 3892.78209 7567.56316 1035.69387 5124.19751
38 76.00 8118.09431 2123.59981 1901.43687 6374.89233
39 78.00 7734.63380 7477.34343 669.00566 9930.22246
40 80.00 2267.51200 6570.25717 9128.82759 4943.75173
41 82.00 7708.39017 3872.75601 6425.27382 1991.13078
42 84.00 419.64628 4529.09419 37.21741 3554.21461
43 86.00 9876.62395 9339.20051 6487.16825 4155.33682
44 88.00 8375.19117 9695.83730 8620.06847 852.25263
45 90.00 8430.22384 5946.48492 5614.12288 1164.93893
46 92.00 1357.70302 4943.45408 9961.35679 7259.03681
47 94.00 3407.03332 6249.46548 324.80097 8352.26712
48 96.00 3170.66910 3120.58177 8221.64576 2934.51317
49 98.00 8586.56914 549.13006 3002.05116 9640.78002
50 100.00 1369.19481 2582.81401 3795.81161 1530.36760
51 102.00 3399.41195 4120.29832 743.97251 5309.62328
52 104.00 751.11661 3083.85132 2998.20136 227.32236
53 106.00 9812.53865 3277.53843 7118.00308 8695.04885
54 108.00 9314.10317 6029.06410 8515.69892 3625.32162
55 110.00 951.57265 2641.99851 3337.85156 8884.08386
56 112.00 1826.18958 2123.10468 8003.71588 2315.19379
57 114.00 2765.14898 8414.67192 5502.08388 5413.06331
58 116.00 8592.52580 8115.77102 5489.36501 5773.61881
59 118.00 6904.82218 2972.06401 5523.66746 2975.46060
60 120.00 8953.25813 7523.01931 407.37430 9188.38314
61 122.00 4201.71157 6578.97512 2690.48190 520.53467
62 124.00 687.47551 9489.83825 5883.04259 1068.28696
63 126.00 4769.77088 4692.23118 3611.28199 5419.64413
64 128.00 2642.82250 5908.53855 5611.90470 7941.07119
65 130.00 820.08878 1683.79807 6484.85757 5690.15225
66 132.00 8666.92194 6308.38877 168.45491 2184.17881
67 134.00 7081.61497 1693.69584 9572.91557 8638.25296
68 136.00 5096.84453 9896.46848 52.86490 5229.75123
69 138.00 2733.14413 7946.61013 7762.62312 1875.49952
70 140.00 5475.63771 593.71661 2110.07518 6668.82287
71 142.00 1924.71793 5277.81146 3442.67869 4045.20593
72 144.00 5907.70128 9107.46236 2876.62754 2490.30677
73 146.00 8561.39979 1246.48807 4202.24184 6483.37615
74 148.00 4976.77237 9778.15845 4055.44963 1911.64939
75 150.00 2529.36212 1281.91036 1843.57932 6408.20560
76 152.00 1199.77236 6710.23773 1324.48574 402.06196
77 154.00 9981.44979 7448.80148 7312.52485 6840.68169
78 156.00 1329.62070 2181.35672 9593.99813 5745.74724
79 158.00 6518.52997 7172.36505 8299.70708 137.59922
80 160.00 1069.53653 2063.33447 1443.83700 7243.14210
81 162.00 7855.97482 8688.01142 3251.11613 4111.26840
82 164.00 6595.20228 6803.14528 4434.11772 2015.48940
83 166.00 6350.51572 2067.81465 3531.78190 8699.51074
84 168.00 8581.13587 6623.03554 4899.13333 9491.43009
85 170.00 4374.50819 2521.11264 4332.93391 1586.05099
86 172.00 7813.93088 8336.90040 7483.24316 5242.81996
87 174.00 2038.39879 1104.16486 2872.09937 2834.46172
88 176.00 1770.60078 7690.53564 4732.33966 7626.33335
89 178.00 652.95030 4544.29055 3031.95690 2243.15736
90 180.00 2009.24007 8638.47809 8394.67969 9635.08177
91 182.00 2696.39493 4803.50287 4381.29290 1334.86733
92 184.00 7810.07813 6452.20358 3845.81649 9864.93118
93 186.00 5517.46558 6418.88499 1446.92168 2676.75793
94 188.00 3708.34079 2548.11180 988.34599 8620.02407
95 190.00 5164.80526 3102.17177 4037.14739 629.67774
96 192.00 9571.54132 1071.19152 8987.75669 2520.98768
97 194.00 2442.94195 9576.78964 9313.71626 8558.50157
98 196.00 5744.13671 9244.30672 9218.27482 6275.19336
99 198.00 9774.51746 33.70837 9586.21517 3273.76677
