3
50.0
88.48
1000.0
1500.0
0.6
100
0 0.00 2495.24840 3691.53599 5013.25223 5554.48913
1 2.00 4560.81299 670.58952 7010.08840 7728.68539
2 4.00 3297.62728 2840.38751 8543.16358 2921.09920
3 6.00 5418.10770 722.48977 3555.40009 7993.22380
4 8.00 5993.93256 5053.31727 5076.78453 8994.60988
5 10.00 9093.22925 9069.34855 738.37014 1208.03939
6 12.00 5871.01336 4417.17256 4136.55916 5743.44204
7 14.00 2460.91890 7258.82427 4082.09613 3520.48773
8 16.00 4139.30936 3463.78923 5081.43931 9951.19588
9 18.00 9588.06829 7031.38299 8049.56434 3867.29048
10 20.00 8396.81138 6555.12045 6565.48889 7084.34574
11 22.00 5635.53472 8146.04916 8893.70336 9569.90861
12 24.00 5627.23162 5618.98938 2635.40384 7786.96062
13 26.00 1897.11881 8524.57186 8143.97933 7403.53769
14 28.00 3198.39853 4802.57949 8087.87636 4092.79226
15 30.00 3950.87898 7218.29801 2377.13172 5423.32042
16 32.00 8442.40944 3432.61276 3399.36406 7769.43786
17 34.00 9566.15797 9156.31652 7070.33864 5826.20553
18 36.00 904.03957 3675.04042 3466.78806 4002.79051
19 38.00 4435.99958 1875.08092 9460.89679 5643.20830
20 40.00 6511.72809 7412.47280 7640.02184 9592.73874
21 42.00 7567.92721 7566.14947 3836.23241 152.65010
22 44.00 1170.22317 7801.97280 869.60324 6371.17732
23 46.00 306.90956 3828.61600 5619.20738 3271.79288
24 48.00 2297.40630 343.37667 5310.52913 5349.07997
25 50.00 9952.45896 4383.40903 7.17064 1398.54647
26 52.00 9023.81285 9031.82940 9264.16305 7119.56219
27 54.00 5505.80576 5491.32579 9435.02911 1579.43308
28 56.00 7583.51735 5778.40236 4269.23412 8524.27166
29 58.00 4286.10369 2198.39524 1638.91777 174.52063
30 60.00 6468.68061 2235.45196 7743.44789 5032.87094
31 62.00 9869.27039 3753.35271 4205.27447 9.61300
32 64.00 6405.99065 5793.05214 6965.19449 3475.06854
33 66.00 6593.52592 3259.76651 8055.28844 8389.93437
34 68.00 8465.13616 5889.53245 4891.18550 339.67281
35 70.00 2606.39827 8187.00697 2012.26805 2439.88731
36 72.00 3924.70079 7258.03156 56.37591 9462.73206
37 74.00 9945.67069 2705.46049 4257.07079 5497.51376
38 76.00 5326.79994 7462.63794 2410.86816 6610.81382
39 78.00 7550.53262 5174.84165 5026.13682 5337.99835
40 80.00 581.33318 1608.27989 2123.45190 945.19594
41 82.00 9676.12263 8008.04132 4224.21640 8821.97681
42 84.00 1277.79888 2721.21996 4953.37842 5083.91111
43 86.00 487.03668 326.65324 3277.79222 517.48844
44 88.00 141.29295 906.23526 2938.81188 1221.50189
45 90.00 3154.83768 7874.61716 7685.66495 129.96100
46 92.00 255.75392 9163.64913 6715.22633 9661.76062
47 94.00 9252.16362 4507.44690 5190.52599 9381.84606
48 96.00 2576.33160 4410.27931 7582.76326 2317.92537
49 98.00 3090.30188 4961.46845 2440.11602 4018.84874
50 100.00 5724.55088 8202.81249 6362.27317 324.32799
51 102.00 6043.82532 1046.34510 1073.12527 5311.29236
52 104.00 9463.15427 3779.63077 676.83559 2190.35120
53 106.00 1092.10515 9590.56757 3501.52800 1258.52651
54 108.00 6602.95431 6374.01069 6547.46054 7097.26775
55 110.00 3584.61891 677.63978 865.86550 9029.91068
56 112.00 6562.15534 1963.18923 3533.72757 3002.31612
57 114.00 7479.89103 5778.23492 1660.52123 5774.12704
58 116.00 630.53376 1814.41295 5647.17035 6214.47613
59 118.00 7383.30698 5896.27244 7286.97923 2282.69292
60 120.00 7715.99972 2469.02537 5422.41437 4476.58246
61 122.00 4187.37687 4682.60179 8525.84060 362.73748
62 124.00 6327.56460 8313.90896 8415.43367 5235.88230
63 126.00 9379.18271 8962.72749 8375.30457 8942.43726
64 128.00 7810.99654 8314.48148 166.95124 2124.52446
65 130.00 6118.94062 9737.74057 5501.13300 5337.53100
66 132.00 2867.70115 6691.21137 6524.76469 213.47191
67 134.00 999.19792 1965.52891 2388.18267 6905.81007
68 136.00 5684.74372 2045.28553 6234.84581 6840.83632
69 138.00 4477.15996 85.23473 3848.28566 3818.79235
70 140.00 5097.99400 8774.57514 4719.23747 3482.50932
71 142.00 3089.17296 798.44844 3257.03942 2224.61985
72 144.00 8249.03189 1054.39477 8127.08009 5093.54781
73 146.00 564.80388 4377.13652 4490.76372 8422.16048
74 148.00 4932.92951 5929.15663 9875.38306 7822.35003
75 150.00 8127.94593 5586.82789 6067.75151 7632.39324
76 152.00 8745.71951 590.75511 1560.85488 9701.23388
77 154.00 9909.72150 3195.89755 4378.53353 334.96457
78 156.00 5034.81445 7524.01515 1856.99629 6795.75554
79 158.00 129.39268 4176.45700 3780.71408 4888.03309
80 160.00 4821.74494 5946.33481 6434.07897 2662.88413
81 162.00 5970.98831 6623.90239 1749.67396 3236.29188
82 164.00 7506.49265 4653.34759 1893.42878 4048.75303
83 166.00 5761.87609 4142.07149 9480.25437 6980.13524
84 168.00 947.44702 7451.00635 3163.55014 4526.07545
85 170.00 7655.17460 3554.44077 7191.76049 9725.61887
86 172.00 2971.71054 8108.75214 8235.99119 5318.43641
87 174.00 9830.98193 3231.38909 7203.00692 6546.95152
88 176.00 9481.40693 5734.44970 485.30643 1125.01881
89 178.00 5206.25669 9482.78972 7618.97563 1030.25703
90 180.00 1122.17160 7358.13345 4763.23239 2496.55849
91 182.00 2322.23455 8646.01056 745.67693 4599.47023
92 184.00 2868.49169 4204.59826 9931.86869 6490.09409
93 186.00 602.84575 4137.07836 8656.59094 9899.04728
94 188.00 92.45440 6085.19931 2022.73618 7352.32697
95 190.00 9924.89435 8594.81026 2233.39403 4339.17912
96 192.00 7025.47782 1774.77462 4848.67873 5091.45446
97 194.00 4283.26071 2486.24101 6256.05205 7465.54112
98 196.00 8999.48555 3768.22354 6881.50609 8541.10265
99 198.00 7774.25681 5780.83799 2442.09851 6236.67985
