3
50.0
76.97
1000.0
1500.0
0.6
100
0 0.00 3201.68783 9066.36603 1347.50686 7823.17966
1 2.00 6863.81537 1294.77207 8066.38080 9573.14882
2 4.00 848.02353 7585.54968 3869.46232 7687.28046
3 6.00 5401.43284 4353.86248 7679.93675 3084.41517
4 8.00 5220.93386 2700.68316 9412.29086 8761.29259
5 10.00 5944.96026 6313.26593 7861.00497 4130.64275
6 12.00 6504.66912 1249.35980 3695.77753 1574.01315
7 14.00 4976.36652 4910.71431 6838.15780 448.05215
8 16.00 629.05490 3639.22922 9347.56745 9518.45513
9 18.00 2062.81737 7167.98491 1475.17654 1479.59115
10 20.00 1793.11432 2030.79070 1513.71556 8278.03744
11 22.00 3902.78323 338.46483 5209.98890 7451.24845
12 24.00 5224.80494 6193.01172 6002.03420 8785.70088
13 26.00 4526.16201 1080.00490 9557.89945 565.65332
14 28.00 7727.14653 82.54697 3599.80530 7321.50964
15 30.00 2276.61821 1992.18100 876.56619 7189.92033
16 32.00 5150.35520 3714.66860 4137.08903 3293.87133
17 34.00 9606.79932 6236.76279 2881.54994 1494.13655
18 36.00 1494.23012 7256.01395 7111.07821 66.28749
19 38.00 851.97396 1468.83979 8781.80702 2708.67451
20 40.00 2581.43096 7441.70287 7255.37480 7928.30384
21 42.00 2771.63728 6983.49272 7987.83176 2810.37412
22 44.00 309.68858 9033.47109 9262.37932 4854.77518
23 46.00 2224.45527 6946.66787 8003.58704 1968.34480
24 48.00 8428.30313 4655.76290 8344.73271 5917.40875
25 50.00 5439.91522 6891.74703 3037.36888 7563.24948
26 52.00 966.68869 1147.57250 9305.60094 1472.72432
27 54.00 927.29533 4920.86214 9403.22396 8654.93876
28 56.00 9012.01306 5170.44977 5022.48251 6531.43592
29 58.00 9601.14122 8040.18465 5668.62079 1506.03807
30 60.00 3107.32269 9734.24080 3438.03637 4631.64110
31 62.00 7723.56902 7548.20554 4352.19227 2170.44388
32 64.00 3324.96072 5039.34789 4516.58517 2822.40769
33 66.00 9441.60088 3468.27461 1274.96596 2132.06938
34 68.00 7022.71464 5022.68639 9503.50221 1437.06085
35 70.00 7489.85438 9921.40535 8239.65003 1490.93764
36 72.00 3108.16395 7478.52021 1282.61519 3219.29769
37 74.00 3269.35590 676.08438 4659.41094 5263.86646
38 76.00 5570.98700 1865.66215 252.42272 460.62469
39 78.00 2495.27993 3364.09445 2304.01289 7362.16698
40 80.00 1866.87905 9621.83352 1588.37833 9870.11405
41 82.00 4413.80750 4728.15115 3796.90907 3788.63593
42 84.00 442.60789 1285.04087 5459.81958 4951.43908
43 86.00 3209.52905 6962.96713 5005.53954 790.30430
44 88.00 6651.26481 556.15556 4726.38036 2076.07195
45 90.00 6840.14364 8215.50878 7167.82718 3900.25963
46 92.00 3599.07736 1895.82200 3714.17714 7500.65414
47 94.00 1362.64126 1283.94590 6566.66999 344.66613
48 96.00 8413.97034 7118.72346 9405.67762 2569.24590
49 98.00 9546.95152 2198.67729 6355.70346 1217.81200
50 100.00 8052.69401 816.19533 9219.75466 3554.72000
51 102.00 5908.81048 8672.64864 3819.51220 3058.91107
52 104.00 7078.27296 3118.88503 9315.73467 2135.33544
53 106.00 5951.59186 6123.30287 4788.24899 8107.74074
54 108.00 6835.25151 3624.24599 2270.81610 2430.38929
55 110.00 2766.27442 5806.28409 4509.23608 6222.21250
56 112.00 8420.00295 4674.03174 922.34887 7500.05275
57 114.00 7463.11696 7918.23444 3025.44573 2944.92813
58 116.00 5997.55463 4963.34421 7388.92941 5427.37817
59 118.00 3559.44848 5515.48464 4133.55735 688.19282
60 120.00 5306.83045 5065.88333 8378.69539 4761.62624
61 122.00 4034.70904 9480.30112 9959.75263 8089.97936
62 124.00 1308.33798 3663.56034 5907.63428 4991.41072
63 126.00 2551.26977 4563.44526 9776.30637 2195.90526
64 128.00 1275.63577 9030.22321 5833.71497 450.36219
65 130.00 9198.25056 2143.86308 1601.78119 1862.16721
66 132.00 8709.43707 3214.93009 5567.47817 9293.78948
67 134.00 4389.71907 2898.37729 2067.39505 1176.59390
68 136.00 3121.96774 9418.00884 7378.04956 9031.27682
69 138.00 2183.43301 3963.42833 4633.23677 4598.31696
70 140.00 7230.57083 4963.69535 63.77686 179.98794
71 142.00 4026.89326 4111.30107 9980.17117 7623.20186
72 144.00 4022.16703 37.31829 9669.79134 3776.25167
73 146.00 7170.48624 1620.54240 9924.70142 8524.99911
74 148.00 1201.46214 9670.53757 7874.43673 6450.18835
75 150.00 1270.59088 5810.28475 9279.31288 8587.17381
76 152.00 5034.45308 8652.11680 5371.84962 4807.61361
77 154.00 7901.36198 7625.57562 1336.63300 2614.28004
78 156.00 7904.44070 5986.96747 1975.61367 110.93415
79 158.00 2993.64349 7792.47637 6438.46978 9983.00015
80 160.00 4308.88672 1660.99747 7604.90157 9001.33948
81 162.00 4008.86682 9666.22341 324.61546 2731.64135
82 164.00 3523.14494 2316.13085 1817.03778 2523.74527
83 166.00 9141.45844 2055.83975 3400.51722 8113.72472
84 168.00 2771.17272 8782.81452 5624.21628 1124.65143
85 170.00 5208.54746 3092.86900 8602.13584 4329.97006
86 172.00 980.77991 9668.71524 1813.15594 290.89279
87 174.00 3887.98630 2350.38962 5573.30271 883.48243
88 176.00 7571.42177 189.77078 5591.11176 7258.37901
89 178.00 2255.24752 3762.64760 6259.19073 5290.27202
90 180.00 831.63453 4107.69714 3380.50571 3496.12794
91 182.00 3614.29637 9848.67355 5524.84869 6254.23802
92 184.00 3722.72384 9320.50826 1669.19910 6226.64848
93 186.00 4996.40648 7547.05520 9213.96077 2085.73787
94 188.00 8531.72827 1934.21251 6893.47479 3364.53889
95 190.00 4965.44735 4888.61147 4612.15984 5196.66750
96 192.00 4762.40944 3661.07237 2095.99714 7883.12998
97 194.00 4251.45329 2086.18647 7755.57863 892.98841
98 196.00 2568.38657 5956.15298 5848.24214 2200.58819
99 198.00 8140.25596 5553.97853 9599.33106 6523.57232
