3
50.0
77.93
1000.0
1500.0
0.6
100
0 0.00 7994.47352 1791.56195 7866.22856 8549.65315
1 2.00 1919.88611 6078.05614 129.86062 8114.11221
2 4.00 8495.24874 1149.81490 8658.86532 331.57878
3 6.00 749.95876 2239.43834 1062.62247 3079.48251
4 8.00 9670.17375 3078.17685 1834.28681 1988.09649
5 10.00 9718.20088 4993.91359 1562.83861 745.85760
6 12.00 9928.22868 6037.08878 870.30903 8640.06763
7 14.00 5245.74473 3937.80031 8002.27984 3844.73412
8 16.00 8192.72726 8233.14155 8255.18544 7040.35734
9 18.00 185.48171 8392.45652 9807.70408 6586.73716
10 20.00 5706.86802 895.62478 9812.40927 4812.07581
11 22.00 5303.15575 9221.37521 3814.20333 6130.96877
12 24.00 5722.95847 4617.89933 2311.66440 4520.90600
13 26.00 9778.08282 5840.33330 3944.03459 450.54516
14 28.00 1812.25440 1936.71558 1812.04263 3055.52648
15 30.00 6746.26754 571.34847 5089.17211 3869.53917
16 32.00 5659.04032 9809.15786 8958.05137 9111.71521
17 34.00 6204.49886 4689.72453 6645.73050 7529.21482
18 36.00 3640.36071 9150.05436 4439.31405 1954.69254
19 38.00 7682.20781 4888.92670 71.13011 1156.31518
20 40.00 3356.42817 6778.28957 958.74927 9650.63218
21 42.00 6759.27367 2056.01935 8083.74473 7301.57449
22 44.00 8500.47651 46.02356 9664.11796 4240.10534
23 46.00 3403.31714 5083.86124 6878.59942 8674.83770
24 48.00 6866.67148 4201.00993 628.36521 9278.97302
25 50.00 5237.45487 6735.50268 4742.82743 9417.63933
26 52.00 5009.54467 9863.10087 4788.49388 8299.53326
27 54.00 9204.32484 5911.61589 8292.77286 9488.92658
28 56.00 9158.05721 9928.59377 4107.22027 2715.41900
29 58.00 4961.84223 1682.16224 2007.64560 4900.02233
30 60.00 8396.57117 6578.52914 8850.20813 7652.15090
31 62.00 3506.50173 3937.08094 8718.77587 2638.37775
32 64.00 3347.78745 4444.49832 7414.16569 3850.10873
33 66.00 2592.82953 5833.67464 2650.77732 4426.18718
34 68.00 783.06767 3535.83223 6283.57141 7382.76714
35 70.00 2750.76232 4433.52430 2527.41582 3197.16280
36 72.00 360.78905 6385.26120 2531.87753 7746.52797
37 74.00 2413.37534 4951.54986 6005.15788 55.60134
38 76.00 7249.75044 6792.26069 7480.37163 6111.41416
39 78.00 3148.20572 2269.90667 6237.43469 3327.66159
40 80.00 269.85558 4409.26275 8147.41592 2796.57718
41 82.00 8668.99602 325.38137 9678.37382 5249.77066
42 84.00 3745.97499 5320.95747 1987.21660 5336.77953
43 86.00 9249.12858 5803.45893 1865.29686 6071.62573
44 88.00 2476.74654 6008.35617 3029.43863 7403.32920
45 90.00 428.99375 9188.03336 8114.22436 291.75553
46 92.00 2214.10963 2090.31903 9675.90323 8754.73568
47 94.00 873.61122 13.07955 8799.11210 2184.23405
48 96.00 8107.97870 7065.23867 8384.31023 3142.26069
49 98.00 458.89562 7380.94538 1411.52348 3609.64153
50 100.00 2304.60978 5329.63026 6316.39731 4318.81258
51 102.00 2020.90985 2913.51363 3945.68186 2811.32658
52 104.00 4270.41190 6916.56940 9978.04417 9539.16877
53 106.00 3940.95681 4318.83616 373.42722 2184.10521
54 108.00 8571.11722 1364.90575 4856.92421 8222.36082
55 110.00 5703.76334 4745.37039 1114.59355 5946.35279
56 112.00 7825.59582 7087.12235 7579.05897 2836.77152
57 114.00 8157.16483 533.72315 887.87936 1790.39267
58 116.00 4892.33035 449.20634 8041.94022 1101.75011
59 118.00 8738.52421 3278.97922 3917.40160 9767.53216
60 120.00 2623.70814 8811.52216 4757.76572 6338.47568
61 122.00 2021.84592 1963.12293 2360.59009 8345.26792
62 124.00 4271.16201 2635.85748 2149.62869 3214.32072
63 126.00 8622.11024 3712.04781 7058.14510 4730.58429
64 128.00 5900.42108 8550.13008 229.26896 8085.61935
65 130.00 3439.38341 7574.01189 6413.27044 1834.23492
66 132.00 317.04323 7605.26340 289.93321 4034.87681
67 134.00 5278.57352 3341.20143 7562.17312 604.62568
68 136.00 851.96440 8461.38566 6995.98309 6802.00070
69 138.00 1197.50127 1599.20578 1823.33412 8830.46208
70 140.00 3991.26820 948.52826 2184.21396 1097.87383
71 142.00 1876.03246 4617.20722 3639.15522 6446.07824
72 144.00 5209.17289 2975.95858 6721.71713 6998.82714
73 146.00 9660.31933 9092.26693 2484.60475 4112.25922
74 148.00 5005.48672 89.81558 9166.66401 5050.24290
75 150.00 9792.11256 4892.78820 661.38176 448.70106
76 152.00 8026.44556 4044.62470 6411.79892 1191.05554
77 154.00 299.62471 4273.15811 408.29193 358.12624
78 156.00 4550.68704 2049.84939 5378.41944 6454.87348
79 158.00 4413.67459 7307.51077 5122.90321 1962.77691
80 160.00 106.30043 2543.05210 8414.25060 3512.69196
81 162.00 2130.66730 9296.96581 3285.63248 2847.48269
82 164.00 6783.93386 8679.76683 8776.40912 6201.91068
83 166.00 4792.08858 5140.72739 6143.39121 1891.42213
84 168.00 8668.71331 5540.81029 8191.67633 2448.58129
85 170.00 6632.20270 3899.60332 9860.28144 2457.04492
86 172.00 9482.23137 4280.22642 7442.05829 3256.22028
87 174.00 6241.74934 8286.29593 9481.65329 9938.47223
88 176.00 8887.57482 5508.25891 6589.89031 9010.00070
89 178.00 9965.15511 5876.23657 239.54982 9958.48173
90 180.00 9717.17757 336.74318 6263.33310 3717.42572
91 182.00 50.78873 7132.45942 3422.77960 4233.25536
92 184.00 6249.94515 540.85069 7432.17165 1589.53653
93 186.00 8334.05032 6489.73607 8989.32912 6070.51707
94 188.00 5981.16619 6224.50638 3810.97400 2189.44863
95 190.00 9593.94743 8225.20926 1651.32470 2458.87707
96 192.00 8496.86168 3995.50590 2647.37203 32.17049
97 194.00 2448.25170 4401.66888 6426.67067 1173.39446
98 196.00 3532.19586 8050.94241 8415.87700 8043.10562
99 198.00 6826.17333 2084.80372 1633.52400 1174.75004
