3
50.0
49.14
1000.0
1500.0
0.6
100
0 0.00 9335.62385 8577.94570 1773.10406 5558.10004
1 2.00 8895.35391 8820.14132 5016.01663 8929.56833
2 4.00 6731.74946 8827.63952 2038.46635 8145.57362
3 6.00 4075.09043 7469.83827 5056.58182 6349.99738
4 8.00 8832.72824 9634.75075 9130.50956 7500.42534
5 10.00 7679.63636 1770.33129 4548.75798 2478.32160
6 12.00 5521.49976 9651.32242 1086.60162 9731.47497
7 14.00 1898.71916 6638.24011 7911.01941 2011.25085
8 16.00 2256.08831 6087.73799 991.49351 5405.64260
9 18.00 5081.01811 9708.16457 3493.27616 1868.34965
10 20.00 7371.73122 7283.22907 633.00688 4768.70718
11 22.00 7082.47073 7642.53845 9409.74539 197.84848
12 24.00 9526.67586 4822.78485 3856.42745 6506.42619
13 26.00 4224.91936 6291.49666 3702.34071 5820.01173
14 28.00 62.73945 8988.53957 5382.26266 1004.51155
15 30.00 6541.89190 2664.01039 7703.24529 6211.69911
16 32.00 4670.88883 4445.94681 4097.51558 4606.44312
17 34.00 5031.67977 1106.68997 9699.36986 4189.99252
18 36.00 8532.28797 6432.51503 5410.17783 2989.08579
19 38.00 6607.41154 1781.95080 6755.56935 9906.75753
20 40.00 8219.08643 1506.75295 3907.89236 3686.39452
21 42.00 9533.41028 3992.53775 3844.72212 1708.14928
22 44.00 8698.77609 5747.46146 942.00791 3236.72782
23 46.00 2041.40017 6167.42659 5931.76615 8911.09131
24 48.00 1625.07648 3261.50292 6023.43971 6711.62474
25 50.00 6282.74580 90.32464 4443.37649 2978.61523
26 52.00 1365.03686 8616.53176 224.74814 2681.17075
27 54.00 4751.79517 7648.32181 4120.05733 5902.65669
28 56.00 9970.15873 629.29137 4378.72757 6187.35890
29 58.00 4844.31215 5624.35865 5532.45796 5952.88995
30 60.00 3069.93527 6797.15667 2549.10101 3519.43334
31 62.00 6178.06933 5709.78577 4056.28102 752.67970
32 64.00 5090.58939 8027.27704 8019.82660 8469.79889
33 66.00 1125.44562 4620.43332 2889.75260 4583.35545
34 68.00 9437.23892 3433.62683 3986.67997 5815.24972
35 70.00 8084.27263 1068.17842 3808.20642 7764.05734
36 72.00 5337.04192 2652.21099 3160.37096 7923.35239
37 74.00 1666.65291 6400.09735 8062.03540 8758.38280
38 76.00 3266.67018 1709.01352 8356.94268 9865.85170
39 78.00 1640.26397 1395.40992 4586.80928 3967.07620
40 80.00 2898.77985 6018.29312 612.06550 8398.67283
41 82.00 1791.41494 5346.41287 2526.62669 5200.83458
42 84.00 7701.72441 5.44768 8772.59825 5731.34397
43 86.00 1899.53892 6657.25394 411.49008 4824.67609
44 88.00 6667.57292 5408.57103 2369.61191 5950.04393
45 90.00 4737.26818 8334.07557 7435.12832 1059.86309
46 92.00 3476.32985 9842.47996 2365.62401 1493.77323
47 94.00 9601.31343 7883.02789 9151.98572 472.43297
48 96.00 2128.54065 6796.57045 7202.03850 7597.72291
49 98.00 4032.97060 5921.73874 8694.38758 5964.40221
50 100.00 6450.49313 172.87395 9682.40939 3574.36392
51 102.00 2927.83842 5579.58150 7672.54118 1915.81896
52 104.00 4382.74920 5413.62305 8446.70735 9905.27431
53 106.00 4319.93205 5694.82223 5026.53612 4798.52370
54 108.00 7210.13374 195.05677 1183.15157 4721.04089
55 110.00 4144.45392 6427.39056 349.19471 1129.98580
56 112.00 7501.20232 4277.26793 8885.55599 1228.75244
57 114.00 2309.26195 9189.33990 3030.16096 9689.28942
58 116.00 1315.26706 5953.06009 432.65860 4839.47965
59 118.00 6652.65153 9546.92143 5586.26092 9291.25625
60 120.00 8185.00205 3742.25245 3008.83479 386.19365
61 122.00 1417.63380 7781.18760 1168.29152 9101.61192
62 124.00 6112.81832 4361.87959 4776.86794 3154.26379
63 126.00 4254.70209 1782.60432 9389.40710 1808.00037
64 128.00 6089.88412 3317.85219 2154.54854 6352.02271
65 130.00 6599.06516 4395.76825 293.99561 4989.03940
66 132.00 4804.00316 3887.97636 5411.83854 6847.34298
67 134.00 3256.80303 5972.87724 6007.82271 3262.57588
68 136.00 963.88905 8240.89481 2317.60260 2252.24169
69 138.00 61.06641 8304.36700 9694.49156 2874.69859
70 140.00 7286.54156 2181.61360 1662.24142 8288.99472
71 142.00 8994.70818 563.56601 7410.22320 3943.86449
72 144.00 6584.12033 9465.04854 9305.18276 679.89461
73 146.00 7171.31151 4723.01425 9231.35711 6400.92508
74 148.00 6333.07330 4633.14433 1570.52937 7724.00895
75 150.00 5360.71708 5455.77807 2463.80773 3465.05050
76 152.00 3209.85017 6751.06766 5541.43848 1709.69190
77 154.00 5844.55935 3052.73840 6812.67849 3462.75338
78 156.00 7128.02655 3126.27815 4060.80217 9774.98364
79 158.00 3276.91737 3682.43393 840.33396 665.60112
80 160.00 3359.88245 522.25437 8516.79479 471.63608
81 162.00 3085.13825 927.46140 4482.36856 3072.56313
82 164.00 4716.15927 7646.85768 6386.28574 3566.22009
83 166.00 1411.46073 4383.60407 5289.24396 7433.49901
84 168.00 7322.48674 1121.34984 7894.70716 4612.44100
85 170.00 3564.07118 3002.80256 8057.77654 5710.76069
86 172.00 1994.38797 2893.84960 9013.02014 2031.74532
87 174.00 3333.70039 4883.30390 5343.15594 2222.45538
88 176.00 1248.11765 2177.73239 831.45886 7875.15305
89 178.00 6883.80839 2396.45927 6443.09748 9184.44169
90 180.00 9804.03037 4271.24016 374.34567 4744.34268
91 182.00 5349.47894 1750.82578 9136.08689 683.17379
92 184.00 7944.03890 4799.19020 4752.17836 96.42678
93 186.00 8272.09924 4347.94934 3159.69696 625.94878
94 188.00 1815.39276 4451.70341 3057.29564 3267.14730
95 190.00 6608.93829 9265.82175 7289.38544 4826.30922
96 192.00 8057.77004 5118.57875 1015.27166 5645.25059
97 194.00 1073.79931 4248.55781 4783.66175 2925.37363
98 196.00 8693.56531 4965.64024 7352.20667 4426.93083
99 198.00 3788.99902 1625.85278 8090.72170 5888.50334
