3
50.0
5.00
1000.0
1500.0
0.6
100
0 0.00 6394.26798 250.10755 2750.29318 2232.10738
1 2.00 7364.71214 6766.99487 8921.79568 869.38833
2 4.00 4219.21820 297.97219 2186.37975 5053.55288
3 6.00 265.35970 1988.37651 6498.84438 5449.41481
4 8.00 2204.40622 5892.65684 8094.30457 64.98760
5 10.00 8058.19252 6981.39395 3402.50517 1554.79500
6 12.00 9572.13072 3365.94545 927.45843 967.16377
7 14.00 8474.94366 6037.26031 8071.28273 7297.31787
8 16.00 5362.28091 9731.15764 3785.34377 5520.40631
9 18.00 8294.04664 6185.19752 8617.06900 5773.52145
10 20.00 7045.71836 458.24384 2278.98276 2893.87964
11 22.00 797.91977 2327.90886 1010.01429 2779.73603
12 24.00 6356.84444 3648.32179 3701.80967 2095.07031
13 26.00 2669.77822 9366.54588 6480.35385 6091.31006
14 28.00 1711.38648 7291.26798 1634.02494 3794.55442
15 30.00 9895.23351 6399.99760 5569.49744 6846.14251
16 32.00 8428.51920 7759.99912 2290.48072 321.00244
17 34.00 3154.53048 2677.40876 2109.82844 9429.09714
18 36.00 8763.67626 3146.77881 6554.38665 3956.31901
19 38.00 9145.47590 4588.51853 2648.80166 2466.27508
20 40.00 5613.68134 2627.41609 5845.85990 8978.22884
21 42.00 3994.00505 2193.20759 9975.37606 5095.26294
22 44.00 909.09412 471.16375 1096.49130 6274.46042
23 46.00 7920.79364 4221.59967 635.27706 3816.19287
24 48.00 9961.21380 5291.14345 9710.78378 8607.79702
25 50.00 114.81022 7207.21819 6817.10369 5369.70330
26 52.00 2668.25190 6409.61799 1115.52174 4347.65251
27 54.00 4537.23706 9538.15928 8758.52940 2633.89051
28 56.00 5005.86113 1786.51881 9126.27839 8705.18570
29 58.00 2984.44791 6389.49495 6089.70211 1528.39269
30 60.00 7625.10800 5393.79030 7786.26479 5303.53672
31 62.00 5.71896 3241.56057 194.76742 9290.98616
32 64.00 8787.21878 8316.65529 3075.14125 579.25166
33 66.00 8780.09599 9469.49445 856.53452 4859.90463
34 68.00 692.12518 7606.02165 7658.34429 1283.91464
35 70.00 4752.82378 5498.03593 2650.56629 8724.33041
36 72.00 4231.37940 2117.98205 5392.96089 7299.31069
37 74.00 2011.51063 3117.16291 9951.49357 6498.78058
38 76.00 4381.00084 5175.75841 1210.04196 2246.97337
39 78.00 3380.85562 5883.08718 2301.14733 2202.17384
40 80.00 709.93086 6311.02957 2289.41784 9054.20013
41 82.00 8596.35400 708.57350 2380.04634 6689.77778
42 84.00 2142.36807 1323.11849 9355.14241 5710.43093
43 86.00 4726.71026 7846.19424 8074.96998 1904.09914
44 88.00 969.30814 4310.51182 4235.78623 4670.24668
45 90.00 7290.75849 6733.64547 9841.65211 984.17871
46 92.00 4026.21282 3393.02605 8616.72536 2486.56334
47 94.00 1902.08908 4486.13548 4218.81640 2785.45145
48 96.00 2498.06448 9232.65599 4431.30745 8613.49105
49 98.00 5503.25312 505.88330 9992.82468 8360.27585
50 100.00 9689.96257 9263.66983 8486.95734 1663.11111
51 102.00 4856.41125 2137.47299 4010.40293 586.35400
52 104.00 3789.73119 9853.08844 2652.03058 7840.70602
53 106.00 4550.08367 4230.07486 9573.17641 9954.22689
54 108.00 5557.68323 7184.08275 1547.96825 2967.07825
55 110.00 9687.09365 5791.80291 5421.95201 7479.75560
56 112.00 571.65273 5841.77594 5028.50383 8527.19892
57 114.00 1574.32728 9607.78903 801.11465 1858.24961
58 116.00 5950.35106 6752.12554 2352.03895 1198.86614
59 118.00 8902.87314 2462.15348 5945.19154 6193.81510
60 120.00 4192.24915 5836.72289 5227.82716 9347.06258
61 122.00 2042.59199 7161.91801 2386.85953 3957.85847
62 124.00 6716.90223 2999.97080 3161.77196 7518.64492
63 126.00 725.43114 4582.85523 9984.54441 9960.96448
64 128.00 732.60721 2131.54312 2652.00415 9332.59378
65 130.00 8808.64174 8792.70242 3695.27089 1577.46832
66 132.00 8337.44955 7035.39925 6116.77766 9872.33064
67 134.00 6539.76318 78.23107 8171.04135 2993.78752
68 136.00 6633.88715 9389.30004 1342.91114 1154.28670
69 138.00 1070.35978 5532.23641 2723.48212 6048.29827
70 140.00 7176.12187 2035.97312 6342.37959 2639.83902
71 142.00 4885.31852 9053.36491 8461.03713 922.98468
72 144.00 4235.75773 2766.80224 35.45689 7711.19223
73 146.00 6371.13377 2619.55262 7412.30908 5516.80421
74 148.00 4276.86919 96.69700 752.43860 8831.06393
75 150.00 9039.28572 5455.90289 8345.95020 5825.09566
76 152.00 1480.93786 1274.45519 3082.58350 8989.81489
77 154.00 7961.22305 8607.02582 8989.24637 2100.76538
78 156.00 2495.29739 1027.93622 7801.16242 8841.34701
79 158.00 4063.77390 6206.61510 1545.53338 9298.81016
80 160.00 8646.05696 9762.06033 8107.71720 8814.16205
81 162.00 247.86362 7365.64472 3321.85468 9308.15886
82 164.00 8022.35139 8640.64028 8107.49317 2668.05710
83 166.00 7873.74509 1080.95626 8721.66783 8585.93251
84 168.00 2224.33718 8165.86606 4603.03235 3051.90867
85 170.00 7953.45499 2275.95487 236.64435 1931.29788
86 172.00 3282.61951 8643.52942 9668.89104 2791.24993
87 174.00 6414.81739 3996.78384 9811.49687 5362.15732
88 176.00 9392.37140 1153.41752 9704.00611 1785.67816
89 178.00 9625.34316 2654.66363 1084.02547 4345.63759
90 180.00 7285.45061 3136.77314 6062.08853 5114.23060
91 182.00 3851.95433 5765.88043 2547.22506 7087.85284
92 184.00 16.91278 9255.75165 5384.51997 7194.29999
93 186.00 7419.50078 6706.28504 3642.21472 699.73811
94 188.00 6642.37685 3302.00036 3139.15645 8480.15280
95 190.00 7197.54263 3003.22268 3092.84662 4083.92909
96 192.00 4024.00387 2956.55203 1272.87799 4204.46334
97 194.00 9403.63671 6773.17945 9028.05546 6155.14916
98 196.00 3009.49875 5479.37213 4.05940 2869.13717
99 198.00 4298.88150 5799.84781 6547.05624 4649.88190
