3
50.0
97.12
1000.0
1500.0
0.6
100
0 0.00 7607.40488 5444.14574 8970.40534 2346.27529
1 2.00 9704.86580 5800.39435 6443.60764 2891.96190
2 4.00 7414.50778 8005.50718 4943.31461 182.84318
3 6.00 9575.68783 7519.44045 4784.18569 6660.79355
4 8.00 6735.73321 4773.40925 8028.06096 8537.00575
5 10.00 4700.21262 2057.77842 5311.30903 3216.29042
6 12.00 2741.85969 1480.15621 1115.14856 996.15811
7 14.00 5380.19705 1226.19312 1267.96669 5382.28822
8 16.00 4463.66931 4415.39909 8067.31347 4325.30570
9 18.00 6941.99979 4002.77836 573.71778 6106.15336
10 20.00 5883.27461 6013.88277 8941.27930 1636.81838
11 22.00 8386.03737 1261.79578 5768.65820 6486.43260
12 24.00 2105.94789 4483.24453 8646.71257 4962.17369
13 26.00 9283.49404 154.95423 7935.49809 4204.60274
14 28.00 8573.51880 3185.58883 1167.75960 6283.50715
15 30.00 8457.15125 4360.71223 7862.34418 7965.03558
16 32.00 7336.85341 6521.18546 8242.40357 4156.69721
17 34.00 464.08159 3030.10947 2774.72629 4453.32791
18 36.00 9659.72517 9167.02068 9943.57788 2716.91740
19 38.00 3554.37546 4502.81425 8474.49232 9446.40129
20 40.00 554.05119 9692.63318 9960.22060 7498.68110
21 42.00 6972.12101 3599.75259 9627.11105 2560.47455
22 44.00 2821.74282 6398.99513 7842.38924 6919.71538
23 46.00 8780.58281 3207.08770 8122.42473 1321.85447
24 48.00 3894.42697 6299.30341 4906.11473 9497.77625
25 50.00 2671.16546 7463.16057 2690.86773 3366.32131
26 52.00 3368.28826 6691.03918 4733.99389 9422.33211
27 54.00 9395.26802 6731.11144 2105.21692 8280.75441
28 56.00 6898.48202 9715.59317 32.24080 9046.82219
29 58.00 3339.64631 9996.86938 8984.97055 9520.14262
30 60.00 7803.46952 6858.25806 1605.48541 9285.35936
31 62.00 4701.49160 5279.72233 7067.74881 7746.40964
32 64.00 4748.02676 5717.84603 6722.51422 8807.32995
33 66.00 4979.79574 9467.56905 5553.22532 9909.77647
34 68.00 8414.95744 8633.51413 7353.81081 6451.14019
35 70.00 4263.78986 4030.82974 2347.55266 9251.25088
36 72.00 8109.56460 5403.06181 7879.59133 1874.00488
37 74.00 4646.83864 6813.43875 3062.32007 5409.57393
38 76.00 6414.24871 7702.74018 9624.15649 8039.76081
39 78.00 2854.70897 6919.63847 461.83266 9605.05579
40 80.00 6031.57199 3981.03228 1026.10480 3548.87107
41 82.00 4781.98979 8706.69959 4670.34442 5255.03004
42 84.00 1395.66483 4909.72542 4200.75081 2879.26641
43 86.00 9949.75739 5864.18972 3895.91181 9448.44072
44 88.00 4283.26969 3336.72889 8545.29871 6865.93812
45 90.00 8028.17175 3431.07310 1759.31941 360.75041
46 92.00 3881.97129 739.57774 4270.91722 4764.31955
47 94.00 619.78411 6248.82389 1419.23794 534.70809
48 96.00 6698.90695 211.34783 633.12197 2157.58896
49 98.00 8499.67493 3078.73903 7369.59946 183.82722
50 100.00 2085.00288 7707.87354 2996.51721 1778.49970
51 102.00 9872.25923 5742.18250 7161.09121 7578.93844
52 104.00 2787.08232 2814.06649 5522.00697 902.86931
53 106.00 3793.34775 5772.18329 3524.58193 6107.98468
54 108.00 1178.22968 6448.61390 1745.44309 8470.50095
55 110.00 4205.29961 2628.42425 2472.77275 9909.18786
56 112.00 5423.99579 5532.97896 9934.96549 9056.79979
57 114.00 2631.67660 9148.42832 5901.23477 958.88220
58 116.00 821.08994 1450.85201 8097.20629 8263.99686
59 118.00 5628.82437 9059.31113 9813.74689 9927.78580
60 120.00 6027.37575 3847.71787 4322.21492 4327.13297
61 122.00 5796.64374 1541.83009 5739.58225 9271.82043
62 124.00 8270.91964 5576.24412 2078.08150 4816.71172
63 126.00 8805.34447 6759.35676 8851.39346 2869.92117
64 128.00 1590.17589 5009.09033 3849.07270 4740.44775
65 130.00 4793.40890 3064.91126 5498.92922 7779.83273
66 132.00 537.10787 2436.40363 8162.94238 7310.30093
67 134.00 8742.00124 4748.98128 1366.41761 7928.89976
68 136.00 9954.43474 5754.54885 8140.21193 4010.31130
69 138.00 3577.49999 9487.89744 3300.06550 1978.67782
70 140.00 4245.18589 6173.89207 1456.89877 8619.15036
71 142.00 6546.33728 3052.32597 7740.25371 5110.26645
72 144.00 6909.73747 1435.82988 9541.69240 7186.96210
73 146.00 7622.96198 4874.16175 8850.52988 7338.01816
74 148.00 8796.86867 5264.99216 8321.14304 8606.14572
75 150.00 792.58165 1714.66700 5265.67630 4361.99974
76 152.00 1657.41641 4875.92932 2571.10935 7884.52689
77 154.00 3835.49883 6165.76516 520.09197 180.12005
78 156.00 3793.99797 8719.86552 7843.20393 5968.08310
79 158.00 8662.00079 9571.97724 3808.98441 1826.41028
80 160.00 7493.47741 1003.31938 3167.43564 2204.01690
81 162.00 6657.20400 501.95598 182.49573 201.87715
82 164.00 774.93010 8958.16922 4601.92239 1022.84540
83 166.00 690.61303 5951.41797 8044.73775 2493.52163
84 168.00 6884.76363 4563.90880 9883.78524 1800.32413
85 170.00 3644.12982 5291.08919 996.90492 6203.23847
86 172.00 2220.17518 3576.04528 299.64202 5824.39812
87 174.00 3700.31552 9026.39576 6617.22080 303.50491
88 176.00 1138.02453 3232.99591 3021.42861 3956.67072
89 178.00 8433.44407 9543.91881 916.28572 2188.99082
90 180.00 575.36823 463.21502 6973.53160 656.04553
91 182.00 6640.81258 4611.73298 5672.27261 922.75514
92 184.00 9510.88834 3594.60580 9515.74780 8019.09674
93 186.00 9989.25911 68.11747 9437.19947 7056.43251
94 188.00 7001.98196 9976.81624 9753.65173 2131.10011
95 190.00 2130.74552 8338.17941 4810.74146 6336.18270
96 192.00 442.89061 8414.59564 8747.51516 977.06643
97 194.00 8811.35128 2894.24573 1718.04774 1564.84731
98 196.00 8270.86082 9794.92624 6165.80545 1580.63240
99 198.00 8650.77080 9492.96867 6772.67200 2610.77091
