3
50.0
75.05
1000.0
1500.0
0.6
100
0 0.00 8564.34906 8739.56785 7781.85993 9399.09969
1 2.00 3017.35577 2818.41659 6988.50877 8531.87332
2 4.00 1737.30222 7056.13940 6370.99809 8895.47324
3 6.00 2452.23428 7136.33011 7738.68398 7871.75477
4 8.00 8869.98548 8919.37595 2019.93202 2132.67442
5 10.00 1689.81982 5348.75175 4718.71955 3592.00044
6 12.00 4053.83413 4919.42701 9935.46438 1246.94360
7 14.00 2081.18677 9183.03975 4145.56003 3257.11477
8 16.00 2739.18857 4563.44694 7109.75323 958.56308
9 18.00 827.87606 5176.52538 1298.94651 7287.59860
10 20.00 9845.98406 8357.91838 8653.04664 9601.33914
11 22.00 9597.85894 6751.35776 5217.40584 5945.17553
12 24.00 729.84322 7215.32888 20.29065 7277.21345
13 26.00 1208.21224 9888.45500 1192.60267 3006.96767
14 28.00 4013.28752 2545.78601 7125.63989 817.25888
15 30.00 1030.71108 5825.23583 5048.37306 603.50640
16 32.00 5765.62363 3632.40859 3034.31192 7314.54475
17 34.00 3019.73655 9183.12672 2128.85700 7316.69201
18 36.00 7696.17808 5161.80291 5466.20092 6515.34764
19 38.00 3364.81906 7104.48289 2411.75424 9999.88859
20 40.00 6691.05369 9704.88305 5595.67859 8387.82362
21 42.00 7280.09012 4584.91191 565.06101 5603.17483
22 44.00 8873.56103 6325.23016 3406.36948 1725.81869
23 46.00 9314.21474 1568.24127 7509.64341 7270.73787
24 48.00 5549.27176 307.94245 9689.12208 7549.51687
25 50.00 4061.78933 5717.51252 5855.55934 6145.04720
26 52.00 6658.44220 4119.34739 195.28696 5411.42608
27 54.00 3605.85778 7189.24462 2032.68435 9927.50818
28 56.00 8289.44747 6465.87223 3610.07105 631.77313
29 58.00 3074.38861 7579.80643 6686.36475 1335.97202
30 60.00 1084.17353 7172.79181 8291.08566 1889.11912
31 62.00 9930.24168 4723.86554 8319.66614 7492.63231
32 64.00 8427.80754 211.74978 466.43151 2459.67340
33 66.00 5201.87123 607.70739 6315.13652 7518.14252
34 68.00 4169.14924 7135.94285 7637.13505 7514.60126
35 70.00 9392.20463 2247.96229 365.84456 8005.48455
36 72.00 7944.75196 7063.01131 5706.39014 8893.01962
37 74.00 5148.49642 2729.62425 2713.19908 1545.50557
38 76.00 6952.44384 4351.94034 7225.36350 5408.24946
39 78.00 8652.31860 9338.69702 1760.02410 4098.45847
40 80.00 592.65180 4747.71945 2863.97060 8634.81986
41 82.00 8120.74098 3949.67588 4416.41779 4270.70502
42 84.00 3951.67227 6769.81734 898.12255 5980.82747
43 86.00 1601.59688 1029.62870 9979.35657 2714.46269
44 88.00 4766.29038 3500.24976 8591.04543 8064.65313
45 90.00 1938.30984 3338.44317 1323.76893 1491.65452
46 92.00 1859.02614 9749.68584 3972.01915 9916.95404
47 94.00 2257.68090 2167.06642 8451.56668 3889.40019
48 96.00 9520.35255 2556.89139 1718.30497 9264.05135
49 98.00 9524.46777 2226.80563 101.09101 9105.20484
50 100.00 7589.36517 9990.94702 4614.46485 7752.75408
51 102.00 2579.10421 7605.97855 7324.40780 2271.00293
52 104.00 865.41373 5149.40451 1466.37825 1484.85528
53 106.00 4649.84308 7446.31644 3680.95980 1251.44380
54 108.00 7080.90205 2001.05671 7600.56329 5747.55882
55 110.00 9834.44423 618.48772 7985.53462 8405.62357
56 112.00 8797.40888 3994.40443 9241.49579 4081.94636
57 114.00 9307.03589 1941.22539 4925.66939 2305.48160
58 116.00 9929.09411 1295.18473 5327.90213 3549.52400
59 118.00 4002.46837 7733.30569 7707.78123 2308.77828
60 120.00 1398.12849 7865.23140 8548.61474 2191.16125
61 122.00 6741.69408 1862.38537 7509.15204 2078.97649
62 124.00 353.45049 8099.13093 7174.60748 8245.52132
63 126.00 7333.49083 7143.80874 532.06645 5432.18283
64 128.00 5840.67377 1425.74926 2076.16309 9356.05644
65 130.00 340.29344 7430.63595 111.40550 1975.13679
66 132.00 2332.21567 7616.63282 6827.99810 6322.55738
67 134.00 5374.06153 8106.97798 2105.42117 2809.30760
68 136.00 3986.23672 7660.43573 824.89514 3600.47368
69 138.00 4868.65743 5474.25185 9219.20531 2693.82205
70 140.00 2191.20521 1010.27650 5237.64795 7108.64079
71 142.00 6262.99473 7527.41068 6870.83272 1136.71806
72 144.00 9494.77557 5713.66837 3856.42391 165.62521
73 146.00 9772.43480 6278.33593 2957.92396 8441.50586
74 148.00 3565.42232 3024.51735 8319.98763 1440.79455
75 150.00 3676.49089 6656.87797 5393.79364 2224.57867
76 152.00 6207.24057 1573.41960 2893.65657 3232.08833
77 154.00 7132.88465 6292.38984 4503.02207 6476.92963
78 156.00 9908.11087 6025.34789 5223.94743 3626.59541
79 158.00 2041.78216 7258.27709 1327.86501 9920.44773
80 160.00 2133.84693 8027.88880 380.16142 6032.30256
81 162.00 6136.09142 6071.88802 9137.05304 6769.38524
82 164.00 5178.81608 2176.92850 2112.26889 6933.85753
83 166.00 228.57258 1649.80852 5938.62902 3741.30925
84 168.00 5816.54138 6741.92655 9639.51993 7978.67815
85 170.00 7793.77409 6809.35336 7274.84226 1277.66776
86 172.00 116.83333 4359.11890 8769.50941 7364.41133
87 174.00 5240.08106 6378.96476 7674.13140 4032.72425
88 176.00 4577.42648 9904.66992 4942.12295 4710.31249
89 178.00 8708.32513 8288.38181 5770.06055 5318.92288
90 180.00 2466.13124 5595.13894 3583.74884 6156.37810
91 182.00 8905.77523 9.69672 5277.37151 1851.98496
92 184.00 1466.36373 4697.02761 1688.96326 1031.63371
93 186.00 3524.69665 7593.72483 2420.13446 6770.04609
94 188.00 2949.56388 5727.60974 9857.87752 2278.52133
95 190.00 6037.17433 6150.86722 9169.53836 2890.30373
96 192.00 2010.62609 5628.82202 3203.85089 7440.98904
97 194.00 4147.58141 4354.79759 6625.22515 3680.01179
98 196.00 744.86416 582.07806 4906.00304 313.11378
99 198.00 1496.17022 8521.72435 157.00181 1464.71357
