3
50.0
12.68
1000.0
1500.0
0.6
100
0 0.00 6473.79892 6776.95246 2690.83579 4095.07196
1 2.00 200.52357 7803.03664 7675.72728 88.97986
2 4.00 9115.15438 6473.71554 6011.41950 84.63727
3 6.00 2523.90441 8050.85569 3054.59698 9670.24443
4 8.00 6427.40311 4238.06801 3764.75452 3487.09199
5 10.00 2519.98709 4666.98015 6771.96156 8243.10821
6 12.00 3971.52540 1023.12103 5115.13717 6623.55453
7 14.00 8432.83950 3742.29763 6473.42120 6090.50105
8 16.00 2984.75926 1081.04531 638.37054 9883.60966
9 18.00 6405.94746 8614.91600 2611.46908 7110.93776
10 20.00 8923.73798 2987.91112 1499.29296 7654.74388
11 22.00 8996.87045 8054.29823 8023.63744 6000.33301
12 24.00 6605.30324 6807.55750 7212.83198 6554.00570
13 26.00 9974.69100 2594.26273 4185.65686 3882.74921
14 28.00 353.19005 7080.68959 5720.42434 1899.15160
15 30.00 7265.49877 2223.63194 5346.35102 7848.97055
16 32.00 9065.26506 6718.68476 5073.14856 8454.19244
17 34.00 8406.38695 8764.94784 1811.35858 976.03064
18 36.00 1279.44140 2586.51851 8083.43869 7629.18218
19 38.00 1830.68357 6797.12369 3356.32463 892.99822
20 40.00 3552.83396 7442.09929 3070.85271 7880.90437
21 42.00 3313.17137 2605.59235 2940.51122 8512.13888
22 44.00 4705.36568 8663.93370 5835.74620 9443.00984
23 46.00 712.15737 8894.26061 5004.77374 8674.97755
24 48.00 3816.69220 2983.55754 540.61971 8542.39770
25 50.00 1373.65259 2002.96591 4091.91847 5694.03588
26 52.00 9066.20935 4575.71433 3163.83458 7156.68456
27 54.00 7789.41177 4875.80846 6310.32772 1768.24267
28 56.00 6344.98969 47.13501 2735.27862 7611.93281
29 58.00 1686.05757 7644.83736 4895.77091 7635.69167
30 60.00 880.41344 6144.79739 6334.87541 4033.93480
31 62.00 9653.27840 3833.16420 377.25318 1994.14251
32 64.00 3731.01405 140.77119 3222.13134 8332.28667
33 66.00 1905.76710 6767.48142 6266.86929 2488.23123
34 68.00 6935.24747 3443.49774 1289.30800 3835.50476
35 70.00 5886.70688 1670.20187 8238.43830 2982.02253
36 72.00 2908.27792 7278.31911 5963.69919 3378.35151
37 74.00 8879.74044 9954.72410 3427.32839 9013.83776
38 76.00 3592.50886 1884.26034 9480.84354 9182.05409
39 78.00 4033.91645 2284.18285 7271.68828 1312.05776
40 80.00 7340.76619 5896.92835 1689.84742 3665.91451
41 82.00 6505.40380 373.63428 8765.44138 2557.89174
42 84.00 5347.33434 485.86962 9946.80234 6619.69916
43 86.00 6535.67618 197.41767 6897.49748 4167.75565
44 88.00 3802.53763 5472.82385 4743.96338 1531.27098
45 90.00 6951.92029 6303.11340 3011.16455 6616.64576
46 92.00 6624.82966 2699.77150 6056.34337 1371.63523
47 94.00 8306.52720 1049.14237 7187.66225 1177.34568
48 96.00 1140.12553 1062.63708 1986.46662 1997.49386
49 98.00 2629.93916 5231.46108 2016.73190 7034.36750
50 100.00 2953.51201 394.05708 4963.54713 2076.93984
51 102.00 9331.24345 3306.03616 27.37999 6716.33132
52 104.00 9068.80044 8352.32165 6690.21931 1491.44493
53 106.00 900.82674 5117.05347 7235.63617 1012.90479
54 108.00 2558.92103 2311.60286 9886.65931 2960.22179
55 110.00 4642.77357 998.08915 1747.01809 394.44520
56 112.00 2905.67177 8015.96103 3127.07107 7385.40196
57 114.00 949.98470 7582.04005 458.89087 8519.98725
58 116.00 6633.55027 1705.12276 3575.27404 4377.14517
59 118.00 6218.07033 8784.75537 929.51315 8149.64290
60 120.00 1828.69420 4007.77514 9623.09930 2718.33091
61 122.00 3857.15490 8506.71578 7998.99097 6488.46484
62 124.00 7969.09557 1130.56556 6961.69874 586.46396
63 126.00 9424.66988 1593.95397 4160.27717 5907.50303
64 128.00 8022.64784 6783.93136 1812.60561 3797.50779
65 130.00 3585.98915 288.16230 6844.64133 8385.36477
66 132.00 9734.44580 1306.55330 9203.97986 1129.37479
67 134.00 4112.84264 459.72325 2616.12867 3142.37945
68 136.00 7045.68176 6779.28921 7675.28718 5766.49008
69 138.00 5650.12226 9778.95558 6698.44358 3383.00642
70 140.00 5231.03175 7005.80184 952.42138 6617.13263
71 142.00 2485.76995 3457.49487 6762.95568 3848.76617
72 144.00 8390.33021 5583.44237 9877.91625 545.66115
73 146.00 6433.98717 1569.27373 8488.45575 8518.71151
74 148.00 8694.15635 748.65242 4916.47961 2408.91817
75 150.00 9701.45049 503.50715 2227.06523 6433.17315
76 152.00 4032.76993 2350.00000 4590.94595 8012.61288
77 154.00 4480.98586 8565.89224 4470.68120 1187.06852
78 156.00 4973.73348 6533.73003 1026.43321 4123.38548
79 158.00 5571.31011 1.69715 908.95547 6042.03276
80 160.00 6190.66154 3045.97958 5083.37740 2068.51249
81 162.00 6714.74371 9503.55130 3633.42478 542.75213
82 164.00 2229.18114 4544.59983 5601.50845 6197.57970
83 166.00 4731.33681 6571.67206 7159.13500 1140.23358
84 168.00 7593.19951 2217.47108 3413.57115 8298.83886
85 170.00 9644.33683 2919.83564 5219.85087 7020.96053
86 172.00 457.78110 1641.55368 1404.49187 7168.56113
87 174.00 7215.59095 1069.61506 6108.51766 1875.43401
88 176.00 9302.16259 3928.96490 4570.46008 7814.20404
89 178.00 7167.87914 1077.65747 4144.70345 9266.26531
90 180.00 8374.66237 5888.11108 7721.45174 4505.04597
91 182.00 6584.56695 9561.90322 1346.36014 4988.28642
92 184.00 5303.64348 485.71606 9353.08281 8388.16111
93 186.00 4829.31964 5083.32899 9211.62314 1772.02439
94 188.00 5785.54386 7304.94662 1283.81782 3874.05579
95 190.00 6005.46022 8826.95864 5041.10119 3846.62639
96 192.00 9795.00760 9159.10242 7623.74656 2735.95880
97 194.00 9635.93538 9704.91650 4528.45706 1333.71831
98 196.00 4127.45473 7000.14285 7484.26866 2989.13135
99 198.00 7014.94310 8607.07546 7118.74356 9355.12077
