3
50.0
85.61
1000.0
1500.0
0.6
100
0 0.00 8146.17650 4878.41623 6320.07263 3041.70159
1 2.00 8279.08813 4128.69505 5402.97231 7176.13903
2 4.00 7116.04462 4735.76627 548.52223 6820.23840
3 6.00 4675.24843 1924.36977 6719.74038 2409.63364
4 8.00 6380.33563 8752.38574 9781.41006 4161.87580
5 10.00 1053.55159 3534.38043 9373.41094 2982.62176
6 12.00 7288.67678 3863.35158 5468.46271 9803.20516
7 14.00 8700.88916 3958.55592 5021.53500 5488.97478
8 16.00 7577.51373 7462.09797 6953.96941 9557.28899
9 18.00 9426.46578 6160.73929 1694.10536 9718.63331
10 20.00 6040.70886 9849.79870 8894.93793 7539.11542
11 22.00 6801.80847 7963.14074 6500.10531 9090.77552
12 24.00 3602.26587 5201.41467 4272.44087 7072.76377
13 26.00 4170.87919 866.77590 6672.20997 2730.72683
14 28.00 8500.94360 9750.16896 2278.58124 6557.73947
15 30.00 8688.27001 5444.63331 5444.55514 1213.05118
16 32.00 5793.02145 1906.13987 4689.15980 5856.16991
17 34.00 8045.00968 6454.01380 7899.85671 2034.91066
18 36.00 9655.56156 6024.67812 7850.49247 6316.37782
19 38.00 6099.21325 8070.52962 910.58945 6734.48569
20 40.00 1577.52403 9303.79888 278.02960 3855.55746
21 42.00 958.00210 7643.82179 1803.80553 59.03867
22 44.00 1532.89640 5799.40201 3638.12425 2162.49094
23 46.00 9281.80651 2423.65910 8259.70131 6371.59733
24 48.00 6857.33283 6788.89290 2910.88781 48.70695
25 50.00 5533.13190 795.49485 4850.34116 1835.90980
26 52.00 1221.93206 5948.04316 4264.47157 1872.97754
27 54.00 8337.43849 1829.32463 3476.83777 181.67853
28 56.00 8481.69699 2448.84887 6630.86636 4564.99483
29 58.00 6356.03922 3988.52973 5752.95111 6892.58002
30 60.00 78.02551 57.03171 1051.98850 5818.34127
31 62.00 9976.84708 7486.80495 9512.17483 3762.18124
32 64.00 3427.53655 9594.84628 2125.65361 7577.60474
33 66.00 9390.11010 8499.35988 5295.99184 2571.78664
34 68.00 2187.18512 8638.68412 9096.70612 4809.59513
35 70.00 3727.18043 727.30506 2846.78204 4928.13038
36 72.00 4353.63178 1152.68924 4651.96110 6263.56118
37 74.00 8979.09267 6899.50344 4521.96062 1333.74337
38 76.00 1406.31590 9673.62331 9061.13602 8437.66095
39 78.00 532.28774 6232.44570 6567.88781 7327.76036
40 80.00 5196.74577 8610.47565 5453.15995 7270.90234
41 82.00 2830.32221 7133.96404 6415.12551 1787.21211
42 84.00 2048.95214 1132.55951 6660.65631 126.18855
43 86.00 3746.57891 6003.03448 7101.88793 1779.48447
44 88.00 6978.94000 5463.84463 1388.32358 7360.27448
45 90.00 3503.03204 7113.98843 3843.80416 3609.45956
46 92.00 6555.40607 429.31064 1640.25799 2202.42561
47 94.00 987.28168 4673.22451 3463.22400 2901.33403
48 96.00 5291.32157 9053.56636 2151.05133 8905.37377
49 98.00 4941.07438 265.72318 7492.99964 834.41223
50 100.00 4459.34121 1108.16703 8032.04726 9872.16062
51 102.00 4682.81253 8293.36492 5370.17602 7368.54875
52 104.00 9530.84950 70.59322 3198.58634 3330.92758
53 106.00 5072.01011 8746.72869 7540.12407 4323.10242
54 108.00 2338.61892 157.40455 1711.16472 6147.91725
55 110.00 2988.66377 4833.27446 8069.19760 9428.20671
56 112.00 2087.15719 8571.30043 2829.13260 6737.09035
57 114.00 3610.14007 1973.86340 6083.34374 2810.11893
58 116.00 742.59893 6647.43389 274.68655 3223.51924
59 118.00 3197.28903 5276.17747 5018.00592 1638.16642
60 120.00 2912.13404 9290.86860 4465.80977 2326.84879
61 122.00 4965.73340 2505.03357 4520.84248 4921.37485
62 124.00 7338.36554 5591.32529 7260.77059 9961.88678
63 126.00 6504.11594 3927.03371 6598.79359 8307.77861
64 128.00 3397.42496 5099.36908 3219.30694 7178.86171
65 130.00 77.78504 4975.50613 1634.20576 1669.97928
66 132.00 6412.40884 9819.00874 2423.74636 7250.84298
67 134.00 5484.97902 5647.07846 1178.04847 6896.04778
68 136.00 9077.74949 1304.36093 3610.06529 899.90905
69 138.00 1576.50136 8264.17038 2556.18923 4271.77652
70 140.00 1954.46922 3833.51688 310.34090 8857.94950
71 142.00 5965.37918 3638.76738 1787.70150 414.57410
72 144.00 3147.98102 661.43264 4690.63734 7132.57148
73 146.00 2731.65113 9509.63598 8019.72010 7190.15226
74 148.00 4608.88282 6682.93367 2715.16521 3516.43718
75 150.00 8119.96682 4399.33245 4356.30202 5102.15123
76 152.00 4055.38976 1952.42618 6573.63803 1635.27607
77 154.00 9553.26585 7931.67235 8294.58893 4478.30995
78 156.00 6602.44328 252.39842 6347.19948 5430.24746
79 158.00 802.49965 2464.52604 9826.63070 5212.15596
80 160.00 5775.49249 9139.13989 997.98441 7530.63619
81 162.00 8445.15966 8209.46089 3352.68212 4068.74377
82 164.00 7957.28309 4021.17107 4389.78116 9021.19197
83 166.00 5844.71441 3383.27997 2679.74336 3991.05875
84 168.00 289.87431 4839.39246 5682.44287 7901.48043
85 170.00 4498.50466 3064.23629 751.01420 8994.96671
86 172.00 8700.01681 4667.01230 7985.33991 1289.36320
87 174.00 1525.70409 2056.35723 41.96430 7039.68592
88 176.00 3500.06789 2300.02979 4521.16165 8739.75621
89 178.00 4404.27866 6571.18545 3225.95312 1895.96539
90 180.00 1487.68433 6172.68659 3533.13302 5880.56048
91 182.00 6897.20476 5321.15350 5241.34402 5556.28788
92 184.00 7838.40241 3607.60910 5020.31300 1746.51645
93 186.00 4585.79622 1713.97244 6076.83941 9496.09885
94 188.00 2149.60319 7247.53397 7005.87328 8917.49171
95 190.00 6270.15889 1634.09074 9011.41623 300.12860
96 192.00 8155.77407 2426.78490 5030.29171 6659.78204
97 194.00 1954.48195 6064.26699 5285.08561 7657.90763
98 196.00 2861.81811 2859.97668 1353.15170 4549.12538
99 198.00 5855.36156 2325.18668 7228.36455 3928.98625
