3
50.0
19.39
1000.0
1500.0
0.6
100
0 0.00 4195.14005 9121.04621 3559.84323 2898.56198
1 2.00 5296.12330 9363.17020 5138.66493 7664.42438
2 4.00 1832.47497 945.08652 7526.28506 5437.12335
3 6.00 8724.43134 8268.21997 6849.67151 3010.72309
4 8.00 6854.43719 6883.46642 958.33410 5800.46641
5 10.00 8233.14817 128.97664 5181.70746 3730.14195
6 12.00 4848.99025 3403.13091 9107.87978 1024.17858
7 14.00 1545.54915 2211.13502 1884.16785 8970.56733
8 16.00 6134.28359 8314.16182 5256.52825 5320.95654
9 18.00 5511.12828 7563.06744 1139.66736 4604.91359
10 20.00 764.00326 8188.44744 9234.09753 4795.18230
11 22.00 3115.73466 3625.68566 8170.38703 8897.26385
12 24.00 5976.48639 7635.89546 3420.45130 7098.94883
13 26.00 287.59537 8145.74108 2223.57848 8568.15209
14 28.00 1423.59336 2265.74431 1253.44181 1302.18252
15 30.00 786.04962 6908.18137 7840.29723 777.35298
16 32.00 7746.92308 7573.34034 425.16941 1078.17382
17 34.00 7930.55182 5134.79193 592.65237 1189.22218
18 36.00 2530.12471 662.47361 6675.86424 7545.50271
19 38.00 7823.70814 9200.98071 2054.01187 9011.74867
20 40.00 1847.81825 3515.33666 907.79313 8458.61522
21 42.00 9418.44980 9487.91605 3478.36542 1605.57336
22 44.00 5006.34415 7285.54089 2418.22522 5702.35357
23 46.00 991.05685 5781.33678 139.84312 2169.98076
24 48.00 1915.47520 2818.56791 9016.60292 5371.26489
25 50.00 9735.79904 986.85719 2140.15386 5041.95272
26 52.00 7077.56091 3664.63026 5893.80571 4396.65829
27 54.00 9577.47736 1808.48538 3548.22345 3796.15057
28 56.00 2142.74000 2275.54213 1128.45479 9846.12750
29 58.00 1236.15402 1103.16161 1359.12370 7622.73679
30 60.00 7047.30915 5571.32123 406.08563 3281.15407
31 62.00 1157.22607 2836.11443 6003.89508 3120.06911
32 64.00 9761.79047 4439.55870 5539.15891 2905.89325
33 66.00 8553.65667 1887.84986 696.09157 8410.58275
34 68.00 4756.76797 6791.31108 1792.97283 9987.23326
35 70.00 4916.48374 1051.71885 4380.58350 6585.48263
36 72.00 850.05910 1433.67562 4006.24288 5905.57232
37 74.00 1017.22157 9252.90316 9778.53329 647.10411
38 76.00 9752.07494 3386.31646 5949.60830 9906.61319
39 78.00 1227.62168 8381.09131 7252.00500 2785.18332
40 80.00 7134.93807 5819.18624 2729.72791 7894.92732
41 82.00 6438.31178 4002.35529 4758.26283 6031.65432
42 84.00 4044.43599 4845.32859 2788.90633 7679.99556
43 86.00 1080.36668 2506.89860 4972.73782 6283.71030
44 88.00 1346.08381 996.03390 528.52421 682.28673
45 90.00 6781.07441 9720.72550 3826.32983 6792.04362
46 92.00 1527.36651 6219.66762 963.33629 765.17259
47 94.00 7516.09747 7675.72109 7927.31415 2019.31754
48 96.00 6620.93233 4902.50360 2616.65274 3436.15650
49 98.00 8596.72312 5466.20034 9525.80495 315.98523
50 100.00 4304.06406 9149.39159 3836.29877 3145.59198
51 102.00 3763.36563 4596.56239 328.59796 5566.66550
52 104.00 8603.60703 3030.44572 7060.59204 4914.79609
53 106.00 1344.88242 7157.23190 4874.54927 1093.81993
54 108.00 6750.24580 6600.78589 6853.74167 5722.10233
55 110.00 4759.11055 8543.51470 5066.85049 3913.84820
56 112.00 4946.91130 9708.70758 6169.39676 3527.63770
57 114.00 9777.82944 3204.82783 281.46987 451.18452
58 116.00 8369.34152 3488.76788 7420.57134 268.99843
59 118.00 8913.42890 3412.56524 973.50049 3451.43028
60 120.00 3573.66081 3512.69260 6612.40006 2476.13931
61 122.00 6480.82825 5925.31667 9103.89019 655.00236
62 124.00 3049.12456 3375.94257 197.11990 3261.16838
63 126.00 4609.09386 8633.68522 5680.49405 9014.09845
64 128.00 2666.18885 6959.58476 5879.89234 9857.64782
65 130.00 3777.37593 3903.00790 5725.38645 8083.26568
66 132.00 1000.56683 6751.11295 3359.67462 5027.68523
67 134.00 7649.03901 3395.39425 6148.27874 3633.34305
68 136.00 4359.91132 4969.51711 8473.34094 7871.49609
69 138.00 8403.80489 5358.34023 2873.55559 475.31361
70 140.00 9962.27693 4020.27352 2258.85977 7428.88026
71 142.00 919.57835 8441.86884 947.33615 3368.38061
72 144.00 672.69777 8011.85671 4752.68367 2097.39159
73 146.00 7956.51749 6515.36814 3018.47015 8041.26712
74 148.00 4329.10485 5399.47579 2000.76985 4023.00956
75 150.00 6249.63876 4532.28605 7634.42215 1806.00851
76 152.00 186.03322 7033.31646 8627.09807 5768.43295
77 154.00 2129.52805 9621.17075 7422.08011 4672.95313
78 156.00 9371.62926 5327.19335 6144.22298 7691.19165
79 158.00 4337.24485 5661.16443 6267.58472 5222.69586
80 160.00 3642.74669 1477.43689 1504.72654 6853.06637
81 162.00 3002.75675 4353.88784 3186.53180 8302.14381
82 164.00 644.27530 2035.58041 4124.38380 8237.10704
83 166.00 6460.42654 2564.46635 6012.32270 4058.65939
84 168.00 1135.58577 1919.16011 2455.86610 8272.28824
85 170.00 4641.59701 5598.25011 4361.32911 6469.22051
86 172.00 370.03735 1593.58489 1364.30629 2583.96847
87 174.00 8035.38183 6586.70713 1759.85222 8525.21018
88 176.00 9637.86891 4858.41966 199.08742 8595.84003
89 178.00 839.29541 6015.99740 8671.71780 9005.74885
90 180.00 4070.06852 3634.34245 6574.30603 903.06292
91 182.00 9431.62142 7242.34453 1405.60152 1119.32364
92 184.00 7344.80407 9329.35447 5219.57559 8289.81583
93 186.00 9496.74500 9315.55625 2518.08058 8845.64862
94 188.00 2380.76855 1222.76833 8066.87246 3292.85911
95 190.00 5843.26221 3899.50669 7483.74229 2359.38079
96 192.00 4228.68998 1442.77909 1751.54255 9699.23476
97 194.00 4394.75413 2543.05920 5894.80944 4903.58580
98 196.00 3747.04985 9487.10889 3164.89946 4237.81317
99 198.00 6827.38448 9633.15340 8794.33541 9369.72291
