3
50.0
63.54
1000.0
1500.0
0.6
100
0 0.00 6406.96460 4015.64559 2270.13176 8429.39295
1 2.00 7655.07835 5766.53138 1811.24983 9520.88603
2 4.00 7794.64356 7069.46872 9480.40020 1136.14803
3 6.00 6438.49076 4825.54256 576.51090 3298.30554
4 8.00 2230.54202 644.13928 9078.42839 498.79576
5 10.00 7428.26797 6855.91244 5790.09422 819.56011
6 12.00 4516.62616 1282.82476 1568.78190 4798.14240
7 14.00 5185.93886 204.22251 5364.73558 4463.50028
8 16.00 5833.88938 9889.01428 4004.78554 534.28313
9 18.00 8273.83358 3346.65810 4481.99589 6128.21979
10 20.00 7900.58656 7271.78913 6561.68887 8326.30758
11 22.00 4770.64311 2848.59468 6143.00418 6242.82126
12 24.00 568.80223 1612.29923 8682.48799 1064.55561
13 26.00 1242.38820 2791.59349 8536.67307 7905.27436
14 28.00 9878.44753 3559.46150 7377.69366 5528.91944
15 30.00 5345.37156 1020.05482 9404.85812 9679.00597
16 32.00 4326.68560 4925.16013 6318.42560 6847.11351
17 34.00 9575.68808 7065.65867 4063.82284 2432.53984
18 36.00 9931.53426 2001.16261 941.18380 5963.77682
19 38.00 9810.69825 3665.23354 3523.99099 8179.76096
20 40.00 7448.46418 7532.94471 1033.55746 5966.83490
21 42.00 6088.02426 2179.18601 9138.55952 5071.16572
22 44.00 886.79959 8391.80200 2112.59153 8529.45601
23 46.00 7105.27342 6482.70254 8870.59455 535.51967
24 48.00 5304.01274 9477.59540 6976.99391 1138.28650
25 50.00 2071.81488 8232.98186 4995.91083 4260.18245
26 52.00 4937.51625 1885.25131 6832.67792 1717.40540
27 54.00 3890.17472 8024.75728 6910.53116 4215.91699
28 56.00 1205.34337 8375.78567 768.81740 6139.20233
29 58.00 5268.83403 2677.60877 366.30964 8478.84722
30 60.00 3104.72292 6020.51294 562.82328 4762.21626
31 62.00 1633.42197 3572.57148 2958.53536 5158.88525
32 64.00 3329.08276 2249.07453 6948.44592 9038.05367
33 66.00 8203.28898 2344.20014 5977.01951 5859.96595
34 68.00 7585.04412 1236.62354 4818.29091 2784.51659
35 70.00 7325.17877 6037.56641 1541.27152 9107.76051
36 72.00 7771.95714 8919.76136 1058.41394 8087.21977
37 74.00 697.39847 6001.98885 7397.66666 3226.71261
38 76.00 8805.84612 667.68867 7390.53971 9814.54834
39 78.00 9486.80102 2540.60789 4935.31025 4209.71840
40 80.00 1795.04148 9350.58319 8189.00486 9914.57710
41 82.00 7066.68416 4058.16069 373.22656 6962.13503
42 84.00 3951.64968 5714.48323 2611.20151 2582.08000
43 86.00 8248.14604 7233.27888 5548.58724 3183.39029
44 88.00 938.16022 3896.11797 7759.80868 6031.07745
45 90.00 86.76960 7718.12467 4702.93362 3999.42819
46 92.00 6614.77527 3376.74907 9579.33162 461.41458
47 94.00 5871.43283 6957.63518 3058.53846 8819.29284
48 96.00 5792.94849 4648.13904 6296.37750 9146.66449
49 98.00 321.10449 9852.71489 6112.78956 8662.43654
50 100.00 7026.18205 4609.02255 6360.51161 8920.35314
51 102.00 3286.22041 9457.08050 9257.29283 4185.37046
52 104.00 5082.22275 665.42557 2061.95751 9629.91101
53 106.00 4704.68537 9343.05544 4528.21262 4782.19052
54 108.00 1360.85437 4788.21797 2263.62912 2937.34260
55 110.00 112.05164 9198.81636 3056.29910 6504.56244
56 112.00 6463.39321 7349.75285 9450.96428 940.57617
57 114.00 6167.29375 8795.59046 8394.85897 2295.34125
58 116.00 8093.78088 4117.94697 9123.62719 1848.27497
59 118.00 2346.88479 3126.71254 9017.87415 941.44552
60 120.00 5442.78138 6488.13514 3100.03886 2684.55477
61 122.00 2965.30886 9720.24005 8726.15157 2707.51157
62 124.00 6694.02063 6681.53212 1573.41918 2795.10589
63 126.00 8085.09840 7539.37709 73.22868 6009.22974
64 128.00 4392.18249 3510.37284 8944.45590 908.61336
65 130.00 6683.07660 5147.53844 6573.70009 9798.74725
66 132.00 4165.28433 2739.64435 6126.88600 5759.58135
67 134.00 1030.50152 4949.92795 1924.05512 5391.51703
68 136.00 7066.81274 8972.54871 4674.58099 3199.18992
69 138.00 8308.18025 1342.35131 8387.70705 9901.18281
70 140.00 6843.77198 6235.89188 5085.70872 8246.51861
71 142.00 3855.43502 760.93291 9018.17887 7799.01527
72 144.00 271.61365 1996.34003 3833.30854 6165.02898
73 146.00 1812.38597 5779.07202 9900.76573 352.32646
74 148.00 9568.10230 2418.61928 3822.31055 3816.04675
75 150.00 5830.86019 9365.41446 4234.26536 1732.69062
76 152.00 1678.80957 3469.74106 2317.12807 3837.23364
77 154.00 5686.81138 928.65160 654.24998 8227.20137
78 156.00 7824.35549 1918.74583 6768.07292 8357.74650
79 158.00 7930.49538 7834.41646 3055.43751 2804.42690
80 160.00 6309.26101 1487.96285 22.00606 4246.39856
81 162.00 1776.74670 7446.79840 2701.58905 1913.15451
82 164.00 8059.53423 6745.45821 5387.97957 2300.72163
83 166.00 2381.29983 2086.86951 3709.27014 9390.70850
84 168.00 7375.77636 3812.48939 9025.29870 2544.01816
85 170.00 372.82493 4346.57743 8083.72947 8119.35382
86 172.00 1757.27869 2490.89366 5620.19998 3837.19034
87 174.00 6202.22166 1335.50782 3297.69435 208.23557
88 176.00 2689.88566 3400.25819 8328.63845 5776.17734
89 178.00 3473.96122 9740.81216 8525.64756 6336.01575
90 180.00 9359.46781 8069.60654 9886.96198 6087.78605
91 182.00 8791.37941 9211.63250 8435.28000 8656.28809
92 184.00 2487.38673 4269.20003 9043.07154 8736.24511
93 186.00 4219.49433 3267.59161 3227.15935 961.26131
94 188.00 8618.87086 4048.57601 448.01572 4579.06821
95 190.00 8025.67762 5230.33680 45.30222 7620.22120
96 192.00 7981.69707 3402.22957 1363.74239 5086.58744
97 194.00 4553.29271 9345.61463 9859.55099 7395.71890
98 196.00 6105.20614 4019.65154 3772.91318 9628.71480
99 198.00 4296.99484 5890.42854 6112.90534 2582.14105
