3
50.0
56.82
1000.0
1500.0
0.6
100
0 0.00 5336.67451 6509.16517 6605.32891 9102.29505
1 2.00 3295.44303 2883.16641 9327.85625 2279.78433
2 4.00 162.83639 6998.03249 1824.52498 4504.30024
3 6.00 7413.12509 9877.10244 8756.77676 1374.70669
4 8.00 1931.08557 5915.78379 5310.54539 9154.20214
5 10.00 9390.46826 3001.71213 8267.10894 9291.43955
6 12.00 1616.15404 3976.91672 4610.95152 5040.15719
7 14.00 4916.95174 8472.44743 7743.51243 5263.55499
8 16.00 9089.93430 1287.67864 4502.51226 6429.60023
9 18.00 6489.31544 578.08573 6572.64483 9725.31124
10 20.00 2901.23098 3879.32841 494.75896 6975.28460
11 22.00 9874.49629 1999.28512 7233.36646 5755.34550
12 24.00 3700.77881 3059.47345 7475.93403 5749.54402
13 26.00 5364.80151 8698.40421 2710.18620 245.01419
14 28.00 6794.48145 5153.13897 6866.98529 6235.32141
15 30.00 5673.69012 7967.79762 1927.97749 6782.70754
16 32.00 2414.41875 37.07304 6208.95489 9183.28758
17 34.00 1541.65292 3949.71466 1193.30198 8394.10696
18 36.00 593.53974 8800.56949 4171.80837 3841.91084
19 38.00 1324.08470 989.56454 3226.51523 9008.68366
20 40.00 7324.54899 6843.83821 4063.52035 2777.83054
21 42.00 4992.62241 9267.89049 9470.21934 3224.73700
22 44.00 7516.07878 3584.73926 4935.32459 998.76106
23 46.00 9660.62704 2547.65700 4309.53393 57.20869
24 48.00 523.03116 5237.74895 3375.78487 7868.96496
25 50.00 4149.24903 5309.54487 1327.92415 6832.93350
26 52.00 3574.13315 4147.23183 3529.00224 3250.96109
27 54.00 1539.06250 8917.74112 8615.74853 2600.12106
28 56.00 7698.40229 5887.28418 4723.09432 2961.06100
29 58.00 1437.20298 8480.30089 2017.16484 5292.83668
30 60.00 9121.49344 9981.11549 169.88564 7755.31502
31 62.00 8364.97399 8205.82237 8672.62975 7301.89763
32 64.00 4526.35296 9583.31482 4082.09258 455.81869
33 66.00 6222.10944 8098.90307 2677.81162 9163.06967
34 68.00 5126.94542 4112.12236 1733.58471 7973.13613
35 70.00 3327.84546 485.11345 6114.63522 5346.74110
36 72.00 303.96797 6087.13327 8726.50312 7467.07581
37 74.00 2125.91166 6679.73426 121.15990 7701.57996
38 76.00 6379.70046 8236.72500 4756.30392 4847.90935
39 78.00 8446.33735 8212.69109 5758.56402 4869.78666
40 80.00 8406.99637 3366.35359 1528.56570 2687.26163
41 82.00 2097.44918 3892.40597 2703.01800 131.82516
42 84.00 3177.73178 422.37360 2046.43960 7535.11010
43 86.00 3776.40819 6913.01603 2991.55123 5094.39423
44 88.00 9836.69736 5730.36904 4982.65361 6391.58286
45 90.00 2227.72014 2512.14778 188.38524 3367.82378
46 92.00 8283.87027 7612.68359 451.57389 6578.61091
47 94.00 4321.96394 1685.85783 6169.91254 2702.64850
48 96.00 6506.73612 8087.42194 442.95079 2332.68283
49 98.00 900.23274 9113.47572 6004.64612 7627.06303
50 100.00 3321.23544 2803.66671 8415.31686 175.62236
51 102.00 1912.09799 3121.78903 408.69022 963.69040
52 104.00 7441.01781 6649.87895 4711.64989 5325.90393
53 106.00 4602.75869 6096.62468 9556.67510 1136.78788
54 108.00 3087.62566 5134.85304 4253.60722 2673.04800
55 110.00 9090.53413 5226.80832 1589.66908 36.93547
56 112.00 5219.82236 7239.08783 8390.99062 3200.00006
57 114.00 6413.87817 8737.91943 6963.31371 8059.80905
58 116.00 2764.53704 5705.51540 1591.73505 6467.02839
59 118.00 2197.83099 9710.74044 4293.62901 7368.28667
60 120.00 3605.94509 5486.36193 7164.31511 7567.44007
61 122.00 1657.46350 4199.90002 4805.65558 9280.91791
62 124.00 2097.86967 8493.06531 4434.52568 6997.93853
63 126.00 3839.49082 1817.93301 5903.55487 6572.03242
64 128.00 6422.41544 6813.82158 3715.30466 9817.26012
65 130.00 5296.31063 8935.22529 7643.56241 4687.39037
66 132.00 5006.52732 2949.01049 1466.81412 3814.84805
67 134.00 3618.13820 3398.85738 3124.09270 6228.57545
68 136.00 5937.19802 234.03577 4204.08472 1527.62549
69 138.00 1335.17559 7249.32716 2200.63594 4737.57186
70 140.00 4503.09974 5025.86908 5792.71518 9806.96024
71 142.00 8839.03467 2279.98990 6793.09657 5732.08861
72 144.00 359.11565 8125.51393 7629.10262 4284.13282
73 146.00 8239.22062 8729.21100 7144.67358 6276.87384
74 148.00 4480.20995 6710.98820 5521.89226 8099.19808
75 150.00 9844.30734 5809.24968 7032.66943 706.01319
76 152.00 7910.61680 4207.19270 3139.60197 2025.25046
77 154.00 5248.31318 9888.32919 8785.27685 5446.46066
78 156.00 6243.15230 397.91546 4524.33025 2101.30941
79 158.00 5141.88335 3527.42363 648.01964 4941.12504
80 160.00 580.78137 5810.30885 3695.93885 9875.66215
81 162.00 7621.05597 6271.87516 1676.48266 8267.74229
82 164.00 2100.97883 2635.74545 5117.26435 4110.24915
83 166.00 5251.23626 8612.44553 9594.84823 6852.47842
84 168.00 3985.93680 1509.37678 5936.77822 6812.58761
85 170.00 1804.06705 9356.54183 7863.51268 6026.27240
86 172.00 6320.34837 3337.39636 882.15765 8784.93978
87 174.00 5468.22809 1546.86301 5670.72434 7891.11626
88 176.00 5229.94747 3869.66555 6556.63265 7624.17943
89 178.00 5107.43557 1338.15101 8084.21463 6488.56005
90 180.00 4884.54327 9154.08376 3880.23970 7604.25119
91 182.00 9657.24041 366.47930 1184.21696 4546.81595
92 184.00 1319.55171 4810.47636 1467.34570 5548.36945
93 186.00 3876.22234 6066.95383 2309.67769 2749.00957
94 188.00 7064.40102 6627.53619 8495.37353 6613.52942
95 190.00 6074.71942 4541.21418 462.20170 7138.48116
96 192.00 442.38719 4908.29798 4602.41664 6141.83429
97 194.00 8622.52202 7829.40594 8650.31251 9965.43720
98 196.00 1910.08921 3543.13237 4460.91056 8003.66003
99 198.00 4422.59187 7397.35075 7659.42158 8398.64342
