3
50.0
11.72
1000.0
1500.0
0.6
100
0 0.00 3083.07718 2650.07927 1199.13556 1576.15377
1 2.00 6860.54843 8263.86688 6968.77983 403.29808
2 4.00 8359.24751 3277.93659 912.12904 2482.18789
3 6.00 3557.42756 5134.59675 6771.83377 2601.66793
4 8.00 9906.76620 310.82093 4043.92226 4522.01169
5 10.00 7480.78447 2498.52628 4620.43249 8038.96753
6 12.00 1397.93039 119.56923 8303.72332 9825.67237
7 14.00 1307.15238 8236.73415 3722.39744 6302.97549
8 16.00 6446.85016 5823.23801 2588.20652 8127.47092
9 18.00 218.00183 644.72036 9024.96082 4434.31324
10 20.00 1287.91549 9050.77970 8293.56177 3315.49891
11 22.00 426.96319 4609.94922 1679.89209 5738.84200
12 24.00 8216.85402 3949.98688 294.82293 6832.12917
13 26.00 1728.07212 2147.16106 1871.51114 2798.54554
14 28.00 8834.23799 346.49444 6191.76549 2457.84779
15 30.00 2951.05163 4119.92206 5506.88665 609.79069
16 32.00 2797.75987 1372.36017 1994.57807 8846.52516
17 34.00 5258.14058 6307.54389 8021.68083 7948.46244
18 36.00 9894.03616 7819.15767 3591.12110 5445.17806
19 38.00 4846.79485 9126.77017 5023.93256 3883.81275
20 40.00 1798.15874 3188.77567 2190.20188 8957.64782
21 42.00 7785.38281 585.91230 9915.31323 5294.32292
22 44.00 7668.42168 9996.05747 9739.79862 1001.34337
23 46.00 6568.64421 2665.27001 8162.85162 9172.59483
24 48.00 559.08656 9963.92049 2194.11586 8465.05090
25 50.00 7973.90687 3548.04635 8392.22252 8452.20902
26 52.00 1761.00368 5925.19509 8062.10225 6976.26564
27 54.00 9139.80004 282.06570 7005.60803 9475.58735
28 56.00 5636.06487 5631.08891 1882.33665 9880.06210
29 58.00 8816.26360 4922.26724 3090.53072 4904.36420
30 60.00 902.57377 2326.23358 2188.08942 5264.48514
31 62.00 6.83496 9178.96186 2014.64383 1304.89546
32 64.00 7169.37633 9187.80787 8442.84086 3235.88811
33 66.00 219.12896 5866.09175 9172.24147 7743.66499
34 68.00 8464.80888 8606.69467 9605.58750 3735.90780
35 70.00 9419.23213 3955.95562 1010.32170 3017.65154
36 72.00 1364.51669 1575.03886 9486.93532 7918.42525
37 74.00 9606.62100 6491.80266 1742.02671 9687.42896
38 76.00 6935.60398 9288.45209 7869.91793 2232.37214
39 78.00 5889.50156 1753.51630 3068.23229 6884.98440
40 80.00 1273.48365 7288.30956 9487.88104 9486.98160
41 82.00 3916.01427 9942.83131 9651.83940 323.82743
42 84.00 6023.88667 9210.38216 9675.31686 2208.95250
43 86.00 5655.50246 9366.87794 1406.43368 7453.43328
44 88.00 2379.95925 9823.79655 1678.87417 8853.20253
45 90.00 887.26013 7089.65813 6391.02688 8866.53515
46 92.00 4466.29934 2652.12441 2495.40863 677.94780
47 94.00 2566.57942 1080.34601 12.81157 3859.37098
48 96.00 7325.84494 9691.01825 8845.51998 4930.81993
49 98.00 3787.12575 5460.23968 1014.28560 4794.89250
50 100.00 8640.50720 6509.69563 6871.60404 1626.56512
51 102.00 737.09390 8457.62484 2949.08613 3187.16908
52 104.00 9516.62131 742.00402 1701.05203 3754.57884
53 106.00 7319.85085 5470.46259 8981.24173 931.04685
54 108.00 5940.30544 6136.44726 4827.36786 309.93204
55 110.00 9424.42258 1649.97195 8897.53270 1571.03777
56 112.00 1012.57811 2055.50477 1899.84258 6971.96704
57 114.00 7220.38105 7299.74006 2652.64769 2815.23073
58 116.00 2375.48285 496.35443 5717.69808 8398.54505
59 118.00 1535.89935 3608.28921 4276.05957 2945.49449
60 120.00 6620.20226 6002.15528 1996.74801 257.35693
61 122.00 1708.32192 2918.11466 819.36095 8437.69074
62 124.00 3083.53400 3974.67349 4890.96812 6610.40055
63 126.00 911.36878 5441.26029 1848.81221 8854.92693
64 128.00 3694.01665 4457.75271 2632.95967 4650.57956
65 130.00 2262.42280 2685.61993 616.39370 7522.35142
66 132.00 6674.68459 857.07312 3437.91387 5414.49006
67 134.00 9707.05537 5897.26442 5536.01906 8407.97166
68 136.00 8184.05215 4186.32075 5355.14412 8668.94014
69 138.00 4748.24388 8816.53869 4762.62281 789.55050
70 140.00 9027.77201 7143.05699 5021.01470 9004.55061
71 142.00 8004.50337 6775.34886 6202.73114 1202.81875
72 144.00 7571.88756 1728.78973 9843.67990 9721.64878
73 146.00 8084.60721 1261.85999 4233.74899 9882.79936
74 148.00 4353.93246 9972.69227 6272.26212 8341.08119
75 150.00 2578.86360 9108.04486 9141.73937 670.11953
76 152.00 3880.99153 3973.54994 3261.26805 2762.00820
77 154.00 4581.57181 8734.66253 7865.50639 6230.57929
78 156.00 5225.62010 4195.93834 4144.42399 1481.99741
79 158.00 5879.34133 7583.77388 9396.49985 9249.28167
80 160.00 5626.83759 1009.90443 2860.92854 5356.33481
81 162.00 3438.69179 4108.90037 3830.43473 4855.84792
82 164.00 6089.62152 374.65670 2754.14142 1438.52671
83 166.00 6086.55264 6936.61253 387.82532 8895.74214
84 168.00 3314.94076 2375.79294 7457.49820 9208.34983
85 170.00 8970.31362 202.32889 8173.85925 3030.54953
86 172.00 2803.46653 4916.19213 6961.82845 982.17390
87 174.00 8689.00025 1343.85521 9742.19425 4431.10613
88 176.00 8258.23332 2694.19981 4167.72728 6455.54811
89 178.00 1879.35691 2113.90502 8239.69434 7409.44799
90 180.00 7594.93295 8671.88971 8210.17392 5152.69703
91 182.00 1589.72443 3111.23093 5067.95275 1356.49821
92 184.00 8512.95341 8793.32591 289.48159 1927.63447
93 186.00 8329.29933 8369.76678 2494.90261 4564.48667
94 188.00 9180.31069 7046.33945 2739.77498 8235.06292
95 190.00 5051.26375 6354.09809 1238.72859 305.63192
96 192.00 3724.66762 5940.43593 1775.83694 8704.80772
97 194.00 5868.80248 3497.59902 1635.13615 8944.91920
98 196.00 7489.61134 6888.50538 2850.69376 3865.65671
99 198.00 1629.07406 5722.58061 9649.17609 8571.11187
