3
50.0
91.36
1000.0
1500.0
0.6
100
0 0.00 6947.87196 3632.31607 8659.99122 2007.56136
1 2.00 8774.94645 2504.64041 3345.75476 669.17023
2 4.00 9792.57495 4543.42446 1978.85515 7652.31228
3 6.00 2511.78122 8681.20598 5299.60384 198.93942
4 8.00 661.37356 9935.84696 4231.10416 1595.03602
5 10.00 1973.59718 2688.44421 7632.94221 3967.11083
6 12.00 6832.43166 769.45128 1486.96996 6999.12584
7 14.00 9159.42218 7700.21329 2482.61088 8124.07852
8 16.00 1275.06411 6751.47845 2617.09987 8787.46173
9 18.00 4496.52180 7414.62020 5100.57964 9802.24870
10 20.00 24.11091 2697.71587 6909.88154 1678.23766
11 22.00 7205.41242 723.01713 5583.70043 2724.69573
12 24.00 7743.93870 5555.56473 8797.21708 6582.95969
13 26.00 2462.58545 7680.54104 9484.01647 5538.03322
14 28.00 7643.09100 8645.32319 7274.07059 7332.72052
15 30.00 1193.85859 1357.59845 4018.49982 1099.65656
16 32.00 7540.76078 6014.73907 82.85975 142.05035
17 34.00 8516.77314 3236.30523 5418.39844 5927.69903
18 36.00 8726.23272 3297.00461 6543.84456 9892.51968
19 38.00 418.00503 1207.38233 160.78906 2166.30386
20 40.00 7123.98371 251.62178 9939.69158 5528.66189
21 42.00 7410.75070 6948.78159 8931.84357 3391.03120
22 44.00 9809.28398 7102.03761 3412.74291 6415.72658
23 46.00 7206.58174 6572.91252 8103.58731 5913.08926
24 48.00 380.36485 1843.77804 1056.61324 2359.13657
25 50.00 684.87198 4109.32136 4148.41142 3034.60691
26 52.00 220.40381 1370.96755 6363.71285 1607.63293
27 54.00 9560.09797 2906.12153 4301.64501 4480.17134
28 56.00 4220.25411 2582.78766 5057.20139 1490.32419
29 58.00 6854.21889 7272.30425 5659.82018 8639.50038
30 60.00 3965.38979 1586.92614 4570.37164 8087.25761
31 62.00 6218.94021 8235.84479 7834.21299 2634.59813
32 64.00 9014.53612 7243.80548 5988.18288 8472.35085
33 66.00 3887.92835 8619.79526 1486.35447 2446.91448
34 68.00 790.34952 8434.28830 7450.87083 3694.44195
35 70.00 9686.18338 3539.51547 7154.33925 8717.02963
36 72.00 7590.12501 3907.43117 4909.68651 8606.20990
37 74.00 5122.90728 965.51077 226.99589 9799.73477
38 76.00 6236.21690 8493.64654 3032.06341 9271.17664
39 78.00 5698.09621 7538.01595 2907.01737 1004.26967
40 80.00 2706.70029 394.64701 3856.19239 8756.38163
41 82.00 7064.42490 5635.38990 3229.61928 7943.06806
42 84.00 1301.83561 1270.78152 2261.09870 4717.63700
43 86.00 1477.48791 2712.15863 7274.67924 9820.83451
44 88.00 9174.59156 3855.48132 940.25157 1863.49246
45 90.00 987.37306 2175.70198 8664.07086 3640.74504
46 92.00 8397.82118 7792.79764 4900.07440 3205.94889
47 94.00 3968.60779 5039.85373 133.21122 3229.12021
48 96.00 5039.99287 5766.08727 3122.92068 9643.63620
49 98.00 5180.78172 3689.93061 6334.89257 9255.08963
50 100.00 8403.99259 6753.28908 4738.26107 5304.00666
51 102.00 5645.98490 9278.76014 1249.84358 1719.84621
52 104.00 4333.70617 3830.73772 3808.90486 1961.44530
53 106.00 3704.55911 9153.67131 4147.86844 1420.71664
54 108.00 4584.83990 6883.39384 1388.56338 4143.18081
55 110.00 2359.56349 8062.00483 4700.10887 2306.95947
56 112.00 2543.16838 5324.23334 6130.21968 6073.36631
57 114.00 7525.93681 3443.87494 3392.14441 9901.22307
58 116.00 8350.27654 8211.90981 7790.80040 327.16119
59 118.00 9050.85154 7834.24660 8219.02497 8444.02866
60 120.00 8940.17022 177.47917 8608.93678 4971.33516
61 122.00 6779.43915 267.35771 1299.44150 2962.00561
62 124.00 8675.46938 177.30118 7489.00320 6605.40206
63 126.00 5713.91860 2674.56326 2232.09826 3647.54317
64 128.00 2135.47083 954.82416 8802.15837 6425.38393
65 130.00 6965.17305 6212.84895 306.50763 2169.62354
66 132.00 9497.80533 7359.56004 1236.96274 5285.88082
67 134.00 8379.79165 7484.14706 9663.32119 8567.45061
68 136.00 6371.48485 8884.35613 4220.28770 4863.52384
69 138.00 7446.89601 4706.94285 6458.99636 1357.43370
70 140.00 517.40078 9267.17632 794.73061 8724.82710
71 142.00 2952.75435 5513.04230 5092.96874 2468.99610
72 144.00 4682.75106 5578.09101 3942.80635 7923.55367
73 146.00 6424.10960 4469.65452 7115.70021 7858.48093
74 148.00 7529.35136 6443.50143 1883.89293 9331.94933
75 150.00 9324.22022 1424.67030 3245.02440 5914.72851
76 152.00 9411.75793 1296.71783 2636.77695 3600.83415
77 154.00 7641.76186 4768.93160 7699.62618 4559.88001
78 156.00 2522.54116 4459.01287 3390.76981 1648.55510
79 158.00 1066.50730 8045.25394 5255.40254 3442.74939
80 160.00 932.34465 9356.84740 2819.74081 3090.11857
81 162.00 9952.80765 2272.74289 3784.61780 5312.44809
82 164.00 5824.35815 3962.36067 7658.62201 4891.86298
83 166.00 8321.85093 8731.81412 1763.45995 7837.70785
84 168.00 7581.20304 7958.21575 2853.62009 3312.25625
85 170.00 6880.61197 6919.44434 5878.46538 5604.45854
86 172.00 3685.06213 5029.68571 5940.58941 4470.73950
87 174.00 4748.03947 8804.60012 5762.28281 9521.79542
88 176.00 8293.91973 6824.69462 1776.58241 3403.33024
89 178.00 1308.02271 6389.68900 1502.13443 9733.49019
90 180.00 3172.32499 4073.02343 8521.74024 7126.88242
91 182.00 7040.77204 4742.00812 9502.55076 4115.09393
92 184.00 9871.58391 6448.44699 5253.39199 7931.06199
93 186.00 5198.17479 7617.14284 5167.80621 4345.18279
94 188.00 7175.79323 7462.92255 784.28692 2248.25143
95 190.00 5741.91267 6184.00221 2905.76345 6372.13650
96 192.00 9781.42007 5857.75294 7042.63128 646.43168
97 194.00 7123.42199 3353.15978 4382.27536 2296.56368
98 196.00 6325.57179 9612.33166 516.59063 6187.72762
99 198.00 4606.26283 4943.29300 5709.47300 1376.39362
