3
50.0
6.92
1000.0
1500.0
0.6
100
0 0.00 2828.38983 2985.55850 5869.37722 9989.02333
1 2.00 4896.40347 1485.95418 5385.80578 3451.23942
2 4.00 5519.17417 5434.30063 4553.44617 3217.77350
3 6.00 1886.52374 6974.98428 5717.97642 2335.62446
4 8.00 7755.44475 436.47299 7447.05152 7052.27881
5 10.00 8114.08903 3860.78752 6636.88829 8207.47552
6 12.00 9808.18139 4953.28650 370.19611 5022.91150
7 14.00 5901.80429 8697.00313 8741.90374 4403.06210
8 16.00 5259.51087 4569.28074 7224.43828 4099.78620
9 18.00 6547.81326 1543.61219 4694.90601 9692.03631
10 20.00 3385.61234 6927.04599 6498.36653 8517.65292
11 22.00 8523.41337 8593.42184 3800.09398 3166.61154
12 24.00 7187.17425 7594.01809 8723.83017 358.99100
13 26.00 684.20747 6311.61017 9209.29099 9974.25923
14 28.00 7467.66367 4339.71472 984.43126 6337.47829
15 30.00 8725.79233 4436.78552 6940.01163 9034.24062
16 32.00 459.90969 7961.43465 2933.67776 3748.41090
17 34.00 1455.69796 5311.66318 5659.28062 7925.19474
18 36.00 1699.83649 789.68351 8708.39599 6197.10369
19 38.00 2408.29792 9128.29016 1431.17720 4611.49913
20 40.00 2539.77339 2553.26708 93.97431 8046.33077
21 42.00 9012.09424 6776.10886 1579.75622 4417.29784
22 44.00 3455.65624 5875.71705 6389.38702 4243.08938
23 46.00 2500.98224 8453.03925 1992.16999 3846.93249
24 48.00 4832.08061 2372.05702 5719.22692 5748.11930
25 50.00 9926.92044 2952.30754 9779.44485 6582.29816
26 52.00 2744.80380 5659.29017 6857.99493 7446.68841
27 54.00 490.44251 6064.06493 4967.27287 9041.55291
28 56.00 2861.94151 7988.60120 6070.64998 3523.20956
29 58.00 6366.17878 6208.91163 6777.64459 7209.28377
30 60.00 6591.81540 8383.37117 6282.48104 9034.03704
31 62.00 6463.40609 3089.32884 4408.23190 5795.73805
32 64.00 7323.59768 901.33376 2951.10452 7474.80865
33 66.00 1756.40070 1321.59798 5394.07759 9714.89581
34 68.00 5308.52374 9134.86974 8304.72620 2569.70085
35 70.00 8246.89813 4818.47830 8064.88494 7465.59351
36 72.00 3387.15254 1151.69707 9628.93293 1407.57015
37 74.00 9665.00209 8601.40597 7242.16712 9799.42243
38 76.00 9672.69747 8045.87644 3657.75049 7906.81969
39 78.00 139.18655 5365.72308 4547.86028 6728.28382
40 80.00 6723.40797 5845.60092 8224.17301 9402.91892
41 82.00 1083.46102 2338.21902 250.24650 8842.34845
42 84.00 5614.07382 9152.55909 2213.67200 632.17041
43 86.00 8238.55351 9093.87638 3021.90175 4082.95856
44 88.00 1397.77013 9462.61533 3043.64584 4926.24619
45 90.00 971.91999 8872.59309 1356.64049 4536.43757
46 92.00 6704.86219 7431.40122 9459.74086 4191.26753
47 94.00 7422.69015 1545.22902 4148.84527 990.21635
48 96.00 4893.47038 4081.15886 9515.21525 327.16287
49 98.00 3705.29959 4433.83086 9505.55170 8554.50193
50 100.00 993.54625 6856.80265 5444.65861 9778.42529
51 102.00 3586.73841 3981.39643 1898.08562 1221.59719
52 104.00 8480.33188 4547.17369 6627.68738 6417.04467
53 106.00 5971.45960 213.57455 7867.94590 2435.68897
54 108.00 1259.23885 5645.77976 686.10153 7651.57376
55 110.00 2071.57370 2159.51352 8696.95427 3285.59553
56 112.00 1475.54180 9005.31036 28.35551 8584.06126
57 114.00 1446.87980 1299.92131 2506.54197 1744.97121
58 116.00 6610.57643 257.80150 148.60327 7899.84664
59 118.00 2379.31606 3237.71462 1742.46201 523.99018
60 120.00 7417.18057 5260.85527 7456.65275 4762.45965
61 122.00 7780.17039 5132.37958 1090.54010 5038.38690
62 124.00 9454.15643 433.65037 7832.26996 8669.80908
63 126.00 5214.51215 4580.42522 9640.26183 608.25407
64 128.00 4789.81911 4016.17255 6860.97496 4902.68854
65 130.00 9097.00829 734.90716 807.90477 6082.97424
66 132.00 656.82233 2750.16000 6330.76724 5483.56434
67 134.00 3251.85443 9946.27756 5305.56837 4537.15418
68 136.00 6054.26792 991.78462 7017.79419 8527.92737
69 138.00 6509.16665 7689.62730 7208.39917 2150.23066
70 140.00 4515.54916 2284.93574 3389.31619 4534.98903
71 142.00 4159.89650 950.85839 4267.64006 6651.07863
72 144.00 3743.01023 1526.38925 9229.85036 671.33308
73 146.00 8317.71888 932.30102 965.64433 7387.95998
74 148.00 8117.69285 5563.70736 5864.65083 5615.86414
75 150.00 3296.45981 1222.31285 3535.98080 6653.40520
76 152.00 7502.84250 8680.92149 7210.60679 9683.98625
77 154.00 6004.10091 3516.46186 5779.18518 2127.38806
78 156.00 6567.36303 2242.44869 1082.18382 8453.73419
79 158.00 3675.61051 7626.05632 5741.00004 8072.21371
80 160.00 8451.55161 9745.46602 8184.26860 6135.73281
81 162.00 6426.99164 262.53831 9290.84291 8294.60790
82 164.00 2674.47725 1804.16072 7026.98773 3089.84689
83 166.00 3398.24657 61.05789 8698.62707 5663.21095
84 168.00 4007.84344 1418.74654 6331.72013 306.57098
85 170.00 7461.11762 2151.32880 4198.32494 3408.95982
86 172.00 3700.53092 7215.95968 7768.35620 5675.93557
87 174.00 849.57040 526.08826 1574.09897 6178.38182
88 176.00 6739.68711 2721.02844 6619.38693 4856.61705
89 178.00 4420.44187 2731.66844 7549.43144 1138.17508
90 180.00 4299.13633 2832.46470 6784.86255 4866.32753
91 182.00 6671.32559 454.17363 3952.63396 5993.24957
92 184.00 76.87086 3014.19362 2112.33979 1372.34805
93 186.00 2555.19504 3281.22356 77.29907 7470.14123
94 188.00 1756.94802 3802.07446 7036.71263 5002.62347
95 190.00 8333.54202 8062.00187 720.75497 8617.64362
96 192.00 423.02262 187.41537 9211.62435 8621.10014
97 194.00 5757.59161 5733.99681 7094.98962 4176.93960
98 196.00 1151.73373 208.56559 3247.68179 8013.22154
99 198.00 6181.25263 8320.25913 9197.69752 881.29881
