3
50.0
50.10
1000.0
1500.0
0.6
100
0 0.00 653.04406 3103.91636 2099.00147 3960.53777
1 2.00 5876.60772 5755.91760 8886.58809 6291.04985
2 4.00 4300.11625 9716.68787 3414.55050 6095.91384
3 6.00 5751.15566 7902.96614 6894.93731 1121.65533
4 8.00 5322.65981 5541.03586 4796.90561 5774.39442
5 10.00 5312.91715 2339.52543 9311.23716 7088.70242
6 12.00 1637.25831 7042.71742 5403.02579 4095.98750
7 14.00 5220.67221 9046.02105 1702.01187 2948.09046
8 16.00 2769.35352 9378.83008 7764.78987 2975.40803
9 18.00 7510.82576 9009.44008 6699.91945 7241.97145
10 20.00 5828.38926 4380.40422 5610.40006 8768.41712
11 22.00 8238.85216 8898.32940 3285.93415 7099.78756
12 24.00 3485.29479 5198.99287 9454.47859 7418.97256
13 26.00 8425.87021 513.42131 1434.59224 4411.07383
14 28.00 5838.06988 7311.28078 6092.02710 8971.94025
15 30.00 8457.28350 8385.91643 8200.01685 2992.39729
16 32.00 5404.47907 6392.97751 9073.03913 4518.53215
17 34.00 819.49290 143.88710 3281.66200 5805.99498
18 36.00 2992.48702 9654.86253 9254.40537 8108.85184
19 38.00 7899.07562 7948.05034 2061.10682 4963.39744
20 40.00 8738.48633 5230.72287 3912.18610 5233.70066
21 42.00 830.00177 7261.19453 6381.95321 2099.20045
22 44.00 5027.77490 7519.85501 8489.21281 1140.76941
23 46.00 819.16031 2457.61690 9860.71497 4916.84108
24 48.00 5387.70587 2751.02242 9164.35594 5764.37742
25 50.00 8875.07966 226.63919 7949.26819 6566.91171
26 52.00 8664.66336 8437.10040 5728.58651 8459.23157
27 54.00 8333.94513 4452.94890 5770.92193 3704.06526
28 56.00 1478.06962 8614.43061 9246.11668 5852.01116
29 58.00 2210.11160 7893.18639 894.30270 8290.58913
30 60.00 3130.80972 5045.92564 7508.57979 7545.44167
31 62.00 4646.79450 7490.02256 7688.02202 6689.35957
32 64.00 1951.58870 6733.34549 199.75191 7444.13205
33 66.00 1218.60538 2411.31118 5844.93027 104.35233
34 68.00 9585.25947 5326.38260 8528.31279 9847.58872
35 70.00 3073.73771 6463.18308 3151.49116 1212.62582
36 72.00 7235.06946 422.62536 590.70808 5311.18790
37 74.00 8263.51781 7976.01097 8555.85258 7171.78860
38 76.00 427.16498 3277.40275 8793.19609 2993.36860
39 78.00 7146.33647 2065.84077 696.78798 3432.51027
40 80.00 6971.59997 7870.17796 4961.89350 3791.14648
41 82.00 4020.56986 9150.12609 788.65895 6902.07119
42 84.00 5096.57001 5995.83852 5683.49937 2089.85793
43 86.00 2419.94491 6186.81953 7043.14508 6266.31329
44 88.00 5445.52671 9754.27738 9765.72191 8415.54157
45 90.00 4302.01807 3667.18051 9556.26378 4503.62762
46 92.00 2463.10257 6506.61523 8607.74177 8204.11357
47 94.00 2394.08788 4873.43412 1859.37392 3467.17356
48 96.00 8772.20743 1012.61991 2901.77317 3928.87383
49 98.00 6788.42668 425.87337 1340.23926 5080.58100
50 100.00 2399.84195 4861.59050 4569.35734 8552.60314
51 102.00 5447.02274 4218.24209 7657.09323 3782.10317
52 104.00 46.85986 9141.12592 2949.85266 5212.40011
53 106.00 3777.10989 2548.87419 686.88004 7047.95381
54 108.00 4122.08662 349.61923 1048.43107 9991.75978
55 110.00 4618.27188 9487.89688 6346.05996 2047.37710
56 112.00 5354.13212 8181.35281 9190.46114 4095.94743
57 114.00 2656.00980 9753.12899 9633.34561 374.73412
58 116.00 6692.78820 5468.62938 1353.68917 9801.29214
59 118.00 82.72560 1427.09922 4196.98426 4222.20678
60 120.00 9336.26926 5091.10129 1024.48592 6337.60007
61 122.00 6764.32209 4532.87640 5288.68547 5790.11613
62 124.00 5919.77673 7942.46928 9265.65007 5753.44469
63 126.00 5751.32704 449.03602 4952.97107 2601.27728
64 128.00 7561.71464 9174.42729 8602.67063 6266.96177
65 130.00 6920.55411 35.93784 1737.00401 5056.56313
66 132.00 7635.31371 2782.19617 6136.66091 4543.44748
67 134.00 2696.22422 3199.01055 9609.16328 1118.85830
68 136.00 7069.11864 8311.58152 7669.19235 5376.37575
69 138.00 8927.56652 1357.84781 4909.59981 4535.12753
70 140.00 8882.65984 212.72984 9678.35228 8060.44098
71 142.00 9598.55538 9851.19306 7888.36182 7575.58960
72 144.00 8391.43722 8207.60930 7756.59663 7656.66610
73 146.00 351.14789 3050.66876 2082.64586 5038.76796
74 148.00 5227.17453 650.05768 4934.17667 5483.76713
75 150.00 4431.87465 7474.12893 9618.00579 2224.44696
76 152.00 2340.36425 4047.02978 7609.80937 4495.07125
77 154.00 8294.00094 942.93089 7174.60126 6050.42853
78 156.00 6226.88658 1127.17084 9515.13911 1930.01386
79 158.00 8259.04657 8733.47658 9693.24626 1862.89709
80 160.00 1277.16291 1332.40263 2645.07374 1668.58747
81 162.00 395.19227 2619.66073 6552.08780 1703.85688
82 164.00 8698.90721 8944.38677 6112.13103 7241.61175
83 166.00 3560.99482 4618.25290 73.22805 7579.61916
84 168.00 662.84754 565.97104 6901.41279 6894.67047
85 170.00 8388.65658 2721.11394 5650.26151 1595.61033
86 172.00 3712.31414 7807.83111 8401.88694 6432.46547
87 174.00 594.97234 4827.21185 6161.25638 987.90683
88 176.00 6342.91782 1444.42857 7506.52852 5439.86141
89 178.00 4656.16092 5873.81711 7353.78709 4746.69443
90 180.00 7444.08804 9829.63579 8655.50152 5743.36256
91 182.00 2046.86099 1774.56069 781.28621 4960.08917
92 184.00 2985.47311 1441.53075 2896.12606 2650.14729
93 186.00 8900.73901 6456.86177 2139.84923 4192.16015
94 188.00 1078.82295 8284.37221 516.17697 1924.18905
95 190.00 3825.71910 4316.21157 6875.42270 2151.12232
96 192.00 4748.91141 1493.09289 3993.56294 6944.58571
97 194.00 1698.35218 9342.50116 1514.46430 351.47913
98 196.00 5945.56818 7794.32794 2364.45698 8932.62512
99 198.00 4141.04579 1355.41954 5712.41240 1965.93876
