3
50.0
82.73
1000.0
1500.0
0.6
100
0 0.00 6793.16506 7547.62688 6390.87228 570.47034
1 2.00 7980.94861 2275.79694 9826.12223 8027.99020
2 4.00 4423.10487 5948.01149 7406.86264 9334.98663
3 6.00 5734.15638 2611.21790 8414.80870 1608.43851
4 8.00 4671.16036 2825.09885 5273.96374 1052.82105
5 10.00 9348.95252 1916.49311 932.44534 4260.05019
6 12.00 9775.96740 2450.61011 2474.60537 8140.71568
7 14.00 9223.26821 6893.39752 8155.90638 968.97360
8 16.00 7871.41585 1660.51116 3672.03739 806.73761
9 18.00 8168.79581 568.69500 2457.30499 2420.32944
10 20.00 7589.29167 2708.11827 7288.37250 1545.57022
11 22.00 8882.99416 8060.65319 4689.96147 283.34431
12 24.00 8125.17992 9675.02347 6888.25774 2099.84939
13 26.00 1380.72351 914.09593 6494.03614 1548.35814
14 28.00 1234.72170 8216.19029 2578.34465 6369.87478
15 30.00 1135.42643 8359.67272 9009.79512 6400.77711
16 32.00 277.67967 115.80300 1024.60751 7370.05356
17 34.00 6496.15233 2039.02819 7840.59361 3604.80844
18 36.00 1285.94787 753.87381 6748.96809 2647.78369
19 38.00 6467.28977 4238.31603 9274.54877 6539.85836
20 40.00 9462.31672 7482.62784 3655.37404 2001.66364
21 42.00 2655.14185 1360.89171 7749.54814 1199.19107
22 44.00 8325.19288 1086.67776 6854.19413 6680.75470
23 46.00 6211.73841 7154.22724 3110.83021 7345.58241
24 48.00 4130.87098 7017.76498 5339.38432 8510.18502
25 50.00 3294.50416 2096.54185 7631.88688 9967.59891
26 52.00 3167.30332 9712.26254 4014.76082 1272.52405
27 54.00 6411.55650 3687.44001 5338.57555 2697.11516
28 56.00 6120.40837 8170.27575 6569.08626 9674.87030
29 58.00 1829.72422 1915.03869 1948.53621 5551.60466
30 60.00 5931.61875 8254.77126 5111.76080 6936.64441
31 62.00 9490.06168 7368.09648 6285.81251 8758.95147
32 64.00 1713.94829 5178.71566 3360.63251 9260.57307
33 66.00 4958.37356 455.71147 4970.74311 6656.52741
34 68.00 880.29948 6861.25717 8917.30060 8212.79231
35 70.00 8082.95214 3607.12202 7883.62569 8224.44136
36 72.00 9120.68882 3581.28534 2804.98756 7012.31893
37 74.00 4923.40650 4824.23665 2852.74228 9097.47044
38 76.00 5654.93751 2645.43316 5873.00489 339.23874
39 78.00 4271.38003 8067.32491 488.08839 87.09113
40 80.00 5683.00043 8737.89717 9239.28456 3901.74615
41 82.00 5463.36699 1259.05938 7417.15578 4574.74465
42 84.00 8062.27426 8023.26830 4968.39087 5936.92759
43 86.00 7851.57352 8155.74698 5624.72011 9032.12262
44 88.00 8653.43685 6532.24675 3798.39108 5828.09576
45 90.00 1397.13556 221.39310 8464.43946 243.57315
46 92.00 1571.60005 3604.61446 8098.26188 3542.27772
47 94.00 1981.15487 4350.63884 925.79855 4341.40206
48 96.00 5735.04678 9916.42316 8544.34378 8142.59337
49 98.00 1413.35449 6322.33186 2528.72314 310.82052
50 100.00 5636.66263 3971.38893 1360.75924 6684.28823
51 102.00 8927.55812 1041.52856 4769.24109 2012.91823
52 104.00 6856.37663 7738.51477 2176.06620 3717.32958
53 106.00 6490.84813 2311.39204 6803.97481 6925.44153
54 108.00 5844.88126 2465.25285 6346.21416 5085.15529
55 110.00 5311.63754 9477.35312 9378.30956 4599.29180
56 112.00 5732.07262 1552.94103 9246.47154 4273.79735
57 114.00 7863.58177 4993.75467 9103.27369 5699.08816
58 116.00 7259.08714 3361.23287 7984.38425 6044.96946
59 118.00 7484.56686 3543.44209 6231.79207 8427.23418
60 120.00 7330.45969 8758.46581 1733.00724 7251.36557
61 122.00 7256.47815 4930.11510 8740.81860 6810.53987
62 124.00 8631.67209 8010.20154 4394.48884 1064.70395
63 126.00 2285.81780 8500.06485 9317.75165 2798.59609
64 128.00 236.68462 2132.77262 9649.90833 3941.38290
65 130.00 6656.60507 1293.41755 3874.62892 4616.69709
66 132.00 9181.21970 2706.23734 303.99239 6663.14194
67 134.00 9784.94034 2781.64944 9230.15612 3363.56414
68 136.00 3665.83132 807.68884 5524.31445 2314.06268
69 138.00 794.55100 1227.69624 159.08222 65.49760
70 140.00 1358.57282 8694.48735 1312.56964 7184.58523
71 142.00 1619.35255 4768.27895 6498.49402 6791.70941
72 144.00 3385.09981 3565.07161 7931.41588 9320.60059
73 146.00 9773.02735 9473.72855 4423.53389 9312.52673
74 148.00 4199.98977 4815.19169 2729.07504 2062.78023
75 150.00 2101.95760 6992.11897 2170.22962 7520.08492
76 152.00 8199.19569 9947.79571 4568.06594 7314.08945
77 154.00 1331.93804 4404.65924 9633.89957 6079.11217
78 156.00 7697.36594 5784.67862 798.11743 9585.16854
79 158.00 1196.93697 119.19507 3793.55431 4897.17107
80 160.00 7565.90338 677.12234 1937.10043 6280.32018
81 162.00 2513.81032 9966.71764 5219.25042 9564.13276
82 164.00 5692.50834 7872.97386 9712.50682 9264.44783
83 166.00 3432.66258 8745.86362 682.83188 9026.03919
84 168.00 4764.02665 1113.98704 263.45576 1815.15157
85 170.00 5603.15032 5594.32255 654.93342 4531.76008
86 172.00 303.21201 8098.99960 9881.43506 517.39592
87 174.00 6226.96789 8412.96608 4670.72662 8499.91022
88 176.00 9045.58921 1054.50339 1301.78806 4763.34229
89 178.00 1927.70056 9465.03634 9413.41490 7420.76816
90 180.00 5171.94266 516.71296 9787.04861 1599.09045
91 182.00 6903.28877 6698.41646 9976.83550 6065.37198
92 184.00 8294.56455 6967.21852 5254.85397 4119.74889
93 186.00 7161.81800 2.58704 587.92155 1507.43329
94 188.00 275.19193 6552.08898 4775.89086 8714.11019
95 190.00 9437.67352 1212.38623 5843.43224 7525.84532
96 192.00 2792.76612 1799.87686 5962.08975 6431.80480
97 194.00 3233.49003 4135.26757 378.02638 2345.77210
98 196.00 753.86247 3278.52516 6206.81375 7797.65143
99 198.00 6238.37229 7215.81202 9460.76232 1149.87801
