3
50.0
47.22
1000.0
1500.0
0.6
100
0 0.00 6934.92739 8944.01951 8315.96652 7818.58700
1 2.00 2255.01844 2266.37173 4268.21478 5072.75904
2 4.00 9719.92873 4695.42432 916.38035 489.54931
3 6.00 9761.23172 455.61675 1874.37552 6071.34294
4 8.00 7879.12197 1207.93169 5056.66389 1583.94924
5 10.00 8535.40146 3811.32983 986.70289 4913.92196
6 12.00 1559.70919 997.76680 6448.06160 9521.50202
7 14.00 9804.84058 2222.61376 9627.45849 6777.70909
8 16.00 6321.20013 1828.85004 896.40565 8590.30146
9 18.00 6662.20641 8418.14515 4347.41802 7074.51468
10 20.00 2621.38371 8595.29289 7793.50701 4784.76369
11 22.00 3243.11848 7537.51652 1310.24131 2098.20188
12 24.00 9698.64569 2166.90943 6908.51673 1527.66266
13 26.00 9522.84039 9196.42647 5083.58270 6347.40435
14 28.00 7543.81318 2920.36923 9971.38278 3461.06116
15 30.00 9903.89531 8580.64337 5660.73523 7173.54907
16 32.00 6650.04052 6853.28079 8602.32369 1786.38210
17 34.00 9583.54312 4050.27375 3770.26939 8210.52886
18 36.00 6179.32431 9930.58081 2110.63537 6560.89716
19 38.00 9002.18177 2422.43169 8970.88838 7903.55792
20 40.00 4787.88457 7987.38034 666.69098 6477.54290
21 42.00 5315.72640 2715.56023 6836.74207 4917.76305
22 44.00 1045.41390 2363.14759 4855.66830 3152.55308
23 46.00 8567.71853 9497.77896 7721.70209 6532.01160
24 48.00 3239.58867 135.52054 6599.91339 2197.51543
25 50.00 3853.66784 4012.92634 573.31923 7845.45081
26 52.00 6639.70198 2292.38604 8281.71937 4735.26587
27 54.00 3653.75015 632.57548 7304.97571 7907.54158
28 56.00 450.32929 3184.20442 5686.76971 7992.82165
29 58.00 9367.83490 6596.88235 3682.87437 4281.19063
30 60.00 7203.79884 720.20881 5662.26436 9183.11996
31 62.00 3422.20912 4282.65209 169.06988 9333.45219
32 64.00 913.23983 7208.96523 5924.25071 2115.19961
33 66.00 3210.40552 5471.21752 3577.52702 1848.62763
34 68.00 4771.60378 5.27939 1370.87859 2536.20939
35 70.00 4345.96792 1582.95711 149.08933 6227.49357
36 72.00 6520.28974 960.93983 7289.64140 898.05388
37 74.00 3074.80999 9408.00765 5715.73624 7518.97765
38 76.00 4299.96467 9466.34916 4035.33671 5319.80303
39 78.00 6472.66280 4059.83441 5663.94694 5232.19842
40 80.00 2156.19438 1649.73687 4905.49497 4838.72728
41 82.00 799.02923 6019.42122 7704.91236 1318.51609
42 84.00 6520.34315 6749.50084 283.18371 9591.43827
43 86.00 6954.52873 9638.34729 5347.65159 4751.54323
44 88.00 5446.96625 3524.16875 8406.60070 9359.69384
45 90.00 9407.04619 6849.37794 9001.09223 6982.83588
46 92.00 3087.67387 1152.88135 916.95515 7699.63394
47 94.00 3288.15671 1883.76099 9538.12923 6721.13491
48 96.00 7856.37711 6369.34193 1816.89003 1246.89215
49 98.00 456.80688 1210.51383 692.53082 8421.64904
50 100.00 7745.95740 4862.89954 3781.35929 9931.87318
51 102.00 5630.40358 4560.94807 9216.60820 4799.37941
52 104.00 7109.66446 11.90611 4208.64895 5612.62402
53 106.00 3956.43222 3091.86828 6653.81281 4352.58437
54 108.00 4009.13695 5723.95857 5930.85859 9233.57243
55 110.00 8848.13517 890.26886 8162.15740 3856.56922
56 112.00 3475.58733 6906.26211 337.74721 8579.00950
57 114.00 330.26248 4067.06044 3530.03325 6990.31593
58 116.00 4702.59772 376.35055 7391.14779 9750.51494
59 118.00 5650.46306 6164.58700 9628.86054 4413.79428
60 120.00 1099.09958 6349.89735 6500.73859 1373.53186
61 122.00 6959.45437 2227.40161 2058.88652 6947.21493
62 124.00 5935.64454 7190.15844 1792.46257 3497.64571
63 126.00 1615.11999 1611.02276 4135.25467 2063.70066
64 128.00 2997.09665 9874.48142 8533.25369 6140.81519
65 130.00 9161.65140 6207.64925 5595.91113 5699.16776
66 132.00 3353.99193 3934.70923 9226.03244 4139.47505
67 134.00 4346.24532 2985.37105 3304.07580 2617.25224
68 136.00 9011.26571 9233.45762 7453.29039 3073.91552
69 138.00 2573.97866 729.93933 8966.87853 6119.86713
70 140.00 3955.21928 9280.03033 5890.88263 7529.81496
71 142.00 2424.58059 7056.87202 8577.24847 2757.87946
72 144.00 4508.90402 2264.14953 8809.17529 8770.73425
73 146.00 2637.94355 5258.24538 6760.21634 6573.82665
74 148.00 5613.57239 1461.04144 477.44234 3281.88006
75 150.00 4201.28242 6054.38752 4770.28040 9351.79258
76 152.00 9883.27172 6690.07859 5331.78602 7705.37025
77 154.00 5223.84961 8581.33591 2696.08722 2491.77219
78 156.00 1036.11342 79.76100 8942.16223 5710.06950
79 158.00 1290.88760 6912.71947 1151.43529 4787.37196
80 160.00 433.51728 3268.23483 8992.37781 5185.72117
81 162.00 1927.16392 6302.97256 7843.69010 3705.44026
82 164.00 4726.17632 5856.05116 8591.43509 1256.60941
83 166.00 2444.33850 429.10735 2781.37666 4328.37306
84 168.00 3043.86671 9289.00391 1483.81701 6109.38417
85 170.00 5665.73531 8229.60511 1414.35146 7372.96714
86 172.00 3557.71498 1363.60420 1147.98741 7338.38863
87 174.00 4614.70934 8584.71680 8643.19148 5287.65013
88 176.00 5949.05595 1903.14586 5823.50279 6280.04444
89 178.00 8395.82886 9638.42362 5553.77237 4302.44118
90 180.00 8061.64429 9226.97876 6094.83944 9443.81834
91 182.00 2610.91461 3604.96212 2983.44636 2593.74907
92 184.00 3272.56079 3878.86295 846.42068 2228.22286
93 186.00 5420.39756 3709.86611 8850.18007 2966.23408
94 188.00 1835.67175 8288.13571 1575.71330 6707.48508
95 190.00 1357.31861 8579.75261 1949.02802 4575.19295
96 192.00 1831.11595 4065.77469 6560.23280 187.16569
97 194.00 2319.90700 4507.62247 5794.45566 5044.34695
98 196.00 6931.46435 8009.96249 3962.45061 8215.54404
99 198.00 8311.95109 326.69541 7914.69730 9885.76583
