3
50.0
26.11
1000.0
1500.0
0.6
100
0 0.00 9121.66962 240.00870 4271.35433 1473.76510
1 2.00 6553.64597 2258.84392 8789.90104 3847.43807
2 4.00 8842.23914 8227.84870 1124.08671 1695.59061
3 6.00 1101.35654 1017.36255 9558.49068 3573.07904
4 8.00 6156.96768 1183.50970 9233.19607 9198.73603
5 10.00 8955.86491 6045.06382 1780.67777 5304.80641
6 12.00 5996.11485 6794.33312 1502.20036 6672.73385
7 14.00 3015.63767 8175.62545 3483.85683 1039.22563
8 16.00 9162.34355 6617.31715 9328.81834 8107.19415
9 18.00 7113.06682 763.69493 21.78765 9330.94948
10 20.00 1486.42948 6558.54122 3202.56003 3905.99574
11 22.00 7213.43464 7855.46094 4784.32013 673.13635
12 24.00 5778.42879 9595.85314 2784.76142 904.47018
13 26.00 9947.71683 1818.72336 3850.17398 3193.15780
14 28.00 4238.32070 6934.20835 4139.44346 7935.01590
15 30.00 3334.65145 8021.40928 6539.54222 2459.08122
16 32.00 4186.59632 4971.02294 5337.70647 5324.74432
17 34.00 8214.04198 3846.27253 5809.63937 4218.40761
18 36.00 5778.76440 6934.98953 7482.83500 7030.93313
19 38.00 2351.93069 28.66106 9939.05312 171.54652
20 40.00 5583.74468 9576.15771 9209.04101 595.77390
21 42.00 3493.47534 8487.51499 8667.72508 8190.10452
22 44.00 2946.97288 1441.40242 8533.12206 9718.19601
23 46.00 9129.53909 2424.97408 8278.21808 558.65666
24 48.00 1378.01313 9620.51985 7039.62856 3774.60783
25 50.00 263.46882 9649.13193 3716.84231 7014.01763
26 52.00 6627.47320 737.70296 8374.37195 8704.76977
27 54.00 301.85730 3652.44218 789.93292 770.65297
28 56.00 5691.83155 8137.11259 1497.17225 1824.24512
29 58.00 7435.57938 7481.07124 6985.63926 2995.07696
30 60.00 4115.22483 3373.36991 7813.96908 6952.47024
31 62.00 2867.69071 1558.87336 8811.57142 321.19107
32 64.00 7511.32929 5032.95423 108.67576 8326.80094
33 66.00 6799.03544 8759.76514 5541.55921 8295.18231
34 68.00 9191.50230 5018.72437 7093.52815 4236.70262
35 70.00 1568.00637 9731.22329 5215.01045 9779.26284
36 72.00 1251.33356 2118.64243 6190.43760 2189.06413
37 74.00 1836.93773 7459.95737 5592.94288 8417.12989
38 76.00 8165.58836 4684.36096 3131.89660 6418.90834
39 78.00 8272.53680 1648.24360 8033.39261 6466.47196
40 80.00 1947.30589 1084.00882 778.08577 6031.90167
41 82.00 8466.09275 280.48860 2822.06931 5415.67915
42 84.00 653.19167 5971.10756 7565.21440 3091.20113
43 86.00 5516.91377 6383.88961 323.66792 2691.68012
44 88.00 9766.63147 5647.96813 5637.39322 7902.25703
45 90.00 456.80613 3145.80292 9435.09141 84.78731
46 92.00 3566.49144 2824.02180 3981.36389 1948.83707
47 94.00 7518.42271 7256.88125 9738.50743 7026.56811
48 96.00 973.79836 4072.86561 7414.51342 1010.02883
49 98.00 8074.94333 1501.86658 5871.75509 3821.11732
50 100.00 5863.58204 8520.27096 2901.19381 1515.37811
51 102.00 4631.06223 8852.03873 932.90865 7184.62707
52 104.00 8844.02068 8074.76034 6542.20150 7688.25715
53 106.00 1610.47026 9636.67359 5163.00797 7287.20640
54 108.00 6513.94915 9302.27203 3414.15289 7853.51859
55 110.00 3390.20709 3603.16356 8559.52553 4309.01446
56 112.00 8906.79931 7741.75001 3876.34272 2088.20641
57 114.00 6103.87233 749.98289 1524.01407 6277.89646
58 116.00 4975.22824 8047.26444 1426.22521 8704.57480
59 118.00 5471.36052 9689.47119 7814.45517 871.67684
60 120.00 941.13994 3137.18700 9340.55971 1614.72485
61 122.00 2801.17322 3633.28266 892.29242 1791.86253
62 124.00 7719.40510 2579.44100 4732.60954 2560.26303
63 126.00 8766.57869 6502.92083 1404.47244 1239.66224
64 128.00 5687.33450 395.92641 8590.03255 4009.39214
65 130.00 8570.00959 9171.40116 1289.84239 3667.32266
66 132.00 8448.35644 9520.44959 3736.83096 6822.00897
67 134.00 5059.42430 2628.27433 8755.36457 6825.55586
68 136.00 6206.13724 6438.66785 7410.42560 2448.16785
69 138.00 8212.35035 79.42946 8530.59784 2906.60600
70 140.00 1582.05804 3992.80420 729.78677 3882.22999
71 142.00 4622.78572 935.03120 4658.77596 6424.84483
72 144.00 9001.26515 4648.52997 858.22546 7317.78123
73 146.00 9174.60352 9224.90749 7682.16650 1994.71000
74 148.00 3287.20637 3172.84862 9964.38232 4862.95016
75 150.00 7022.90839 4762.19469 2783.75063 382.82339
76 152.00 1557.41118 4699.67545 6402.16382 3201.86619
77 154.00 313.23254 6010.77413 3802.84824 9364.59667
78 156.00 3614.92759 4301.09739 4734.09639 540.77515
79 158.00 8680.20602 9526.45009 6836.71440 2698.48110
80 160.00 6356.87293 835.91283 692.59050 4050.68480
81 162.00 2983.36803 7122.06702 8712.89130 5247.77943
82 164.00 6696.44400 2594.47226 8305.49092 924.41260
83 166.00 9016.41737 3420.19148 7531.76051 1645.33281
84 168.00 3492.76259 4191.01078 4754.99418 6888.30493
85 170.00 1606.89160 6966.90086 3546.92376 6929.01437
86 172.00 3891.37967 99.31509 7830.72374 5971.28639
87 174.00 778.08713 6679.62488 6165.12374 3237.32575
88 176.00 9863.67947 9389.69059 7428.36347 7367.19286
89 178.00 3165.15289 1505.06280 4586.59067 1474.86586
90 180.00 8643.01349 1136.06876 9699.76125 4063.86638
91 182.00 5206.91698 36.76891 4505.58967 8325.10828
92 184.00 1257.17205 4493.28651 9694.57511 974.46054
93 186.00 2186.22772 9790.31989 4201.76109 5460.86228
94 188.00 1661.01028 3775.56571 3480.85554 9523.76881
95 190.00 9717.44505 5768.36429 143.71018 8137.79349
96 192.00 161.91269 8966.54914 5020.85200 8677.58148
97 194.00 6993.17146 6489.11677 4559.97485 4103.86811
98 196.00 3522.11221 5424.67016 5231.69823 7650.81140
99 198.00 1133.79999 1758.13805 4283.83614 1768.95161
