3
50.0
73.13
1000.0
1500.0
0.6
100
0 0.00 9951.15378 7220.43685 5812.44647 6919.20712
1 2.00 2130.28784 9947.20980 9169.39221 6912.55818
2 4.00 9625.60993 4349.64211 6953.79484 3328.71345
3 6.00 9910.46347 9878.71190 5814.26846 2511.67881
4 8.00 8958.12625 5159.32490 272.15362 1531.91208
5 10.00 2788.00010 9774.53966 2863.42761 2946.05966
6 12.00 6040.42822 4219.32323 7883.23780 3494.72652
7 14.00 1188.28445 8870.86869 9811.88382 4095.89511
8 16.00 8033.17431 1361.03144 1323.12907 9215.95829
9 18.00 8678.11374 621.02467 9418.93368 4653.33969
10 20.00 6572.30872 3352.87874 2523.23192 302.55995
11 22.00 3160.72806 2320.65589 3787.67364 1313.19670
12 24.00 1305.36329 6356.65640 2995.09065 2480.75784
13 26.00 2131.79826 4399.92629 6751.87269 8084.26275
14 28.00 9135.90451 7154.73277 9084.39767 674.05779
15 30.00 4138.56370 6487.00164 2842.68814 4565.68263
16 32.00 8743.37765 4183.69809 8615.77429 7998.00745
17 34.00 1051.39838 6255.43334 2097.06921 6985.28506
18 36.00 4915.42731 8474.35938 5576.00661 4882.70033
19 38.00 7582.96138 474.86074 3950.92826 775.74263
20 40.00 6969.54473 2988.07668 6225.82897 5106.57067
21 42.00 5135.99436 3767.08979 3536.39405 3261.03462
22 44.00 8333.80701 799.04873 9300.92305 1652.47348
23 46.00 8545.14394 6806.61995 1760.20588 1395.09827
24 48.00 9381.41630 9148.70200 5233.11576 5402.94486
25 50.00 4327.91282 415.03622 9253.26074 8341.81107
26 52.00 6134.52757 3901.13276 9223.42470 6057.20651
27 54.00 7611.79844 1756.03118 5015.01530 1563.19104
28 56.00 6926.79054 5326.15662 2865.58475 8834.28328
29 58.00 3283.38565 444.56014 792.42465 2202.19291
30 60.00 6745.11784 8144.91291 5403.94035 8670.47719
31 62.00 4602.71568 7926.69384 7546.35624 1675.87014
32 64.00 7457.92152 9179.64168 2079.85162 4325.90775
33 66.00 3816.35282 4364.78793 2929.79897 7876.48033
34 68.00 9294.67431 7489.72084 5451.40061 1361.84025
35 70.00 9447.41074 7024.23436 7777.95973 1861.52603
36 72.00 1440.25143 4627.68426 3787.19047 290.60250
37 74.00 2432.00929 62.92168 9939.41366 4831.17122
38 76.00 5610.38131 8311.61836 4376.31525 799.93561
39 78.00 7433.79638 4066.99897 6658.38082 2275.55989
40 80.00 2218.64233 6377.26774 3469.58733 8700.86027
41 82.00 7567.45711 9559.57663 7042.32882 4803.38657
42 84.00 3421.23128 4252.82830 1928.77821 6503.74078
43 86.00 8587.78393 8513.69469 4529.16119 6443.16671
44 88.00 7671.03449 559.34669 3305.91658 3396.56886
45 90.00 3564.52865 5840.11253 2183.24014 9415.18300
46 92.00 7759.49131 2206.26360 6360.28362 8249.14173
47 94.00 1702.15276 3443.90927 9244.67778 4481.62220
48 96.00 9115.99763 3121.72463 1632.17007 2545.73748
49 98.00 7633.02183 9709.58621 3310.67378 3377.51152
50 100.00 9082.41804 5212.07561 7264.45264 7003.57897
51 102.00 2229.31720 5788.47265 4498.68164 9155.02742
52 104.00 4581.53364 386.77516 1042.61176 4155.69041
53 106.00 9710.65987 5374.37028 9543.40347 3596.85114
54 108.00 5837.81313 6376.31810 8642.26887 3997.30912
55 110.00 6449.23467 2328.46674 3909.74170 7867.70806
56 112.00 8737.53543 3801.13636 101.59204 9639.09611
57 114.00 2785.37478 6712.03203 8977.76859 7461.27901
58 116.00 4312.34319 7461.10836 2072.29094 7116.75496
59 118.00 6235.99677 705.53109 6897.83641 2834.23480
60 120.00 6022.87660 3522.49276 4652.44948 6894.71785
61 122.00 290.07420 6592.35461 4232.40616 1616.80886
62 124.00 6773.90207 2617.70390 3127.85742 8403.05243
63 126.00 6774.89168 2790.47422 1596.59866 2745.86909
64 128.00 4881.89700 240.29446 5551.58567 3230.30950
65 130.00 591.56895 1287.73525 7184.10805 2253.88928
66 132.00 9552.15203 5759.20630 289.35855 1173.28251
67 134.00 7213.40671 5045.54544 911.17411 7592.06797
68 136.00 1437.80750 2238.45648 3558.53710 5497.23786
69 138.00 533.41041 8910.92523 5481.14425 9982.11586
70 140.00 381.90928 6736.58550 9466.45760 3659.75319
71 142.00 2184.59667 4570.34292 8377.05194 1977.27161
72 144.00 4037.00184 211.75840 6358.87948 4498.51785
73 146.00 1657.00775 7669.46595 708.77761 3187.70132
74 148.00 3809.71606 6081.52937 6600.50248 3680.90886
75 150.00 6968.37589 5813.66045 8979.73942 3534.53226
76 152.00 4946.37417 5683.45967 6116.05410 3708.53558
77 154.00 3678.44552 8910.32303 3242.10144 6485.38286
78 156.00 6883.28934 3867.22692 5631.45017 6315.41260
79 158.00 4431.10445 3003.62501 3645.49874 8900.91613
80 160.00 8398.41025 8975.70603 5591.50772 6242.65629
81 162.00 9420.59749 6896.78805 1309.81458 8532.40361
82 164.00 8968.84586 1434.12179 9330.28579 9424.04214
83 166.00 8942.20074 7736.40122 6452.37729 5006.23667
84 168.00 7748.42037 743.05910 6501.11335 962.80693
85 170.00 671.01081 6291.52341 1849.74038 2993.69416
86 172.00 9076.77579 4914.26031 7105.32541 3196.69441
87 174.00 600.42238 2045.09482 7894.91987 6648.11068
88 176.00 4735.84284 3857.17293 6229.61163 2620.77067
89 178.00 2024.81188 5128.90873 7746.10196 1414.96549
90 180.00 9510.71419 1885.52848 7287.81815 6832.01997
91 182.00 2419.72388 7234.95438 915.61919 1685.31349
92 184.00 9920.16437 8780.53330 2857.30884 7367.84612
93 186.00 1728.72510 2002.75019 7729.03714 2335.51586
94 188.00 6439.85747 7942.98871 220.51994 2505.14493
95 190.00 1760.27438 7165.49494 8227.40686 9011.78234
96 192.00 3616.97411 8304.53095 1647.65979 4781.95202
97 194.00 3169.84494 5681.83095 7074.02051 2823.13123
98 196.00 8172.99444 6077.82140 2528.80656 1362.95474
99 198.00 9108.96917 2366.66828 1538.63276 3024.86743
