3
50.0
83.69
1000.0
1500.0
0.6
100
0 0.00 3607.78432 7895.59868 295.56105 1673.49929
1 2.00 137.60603 9359.46662 5257.74818 566.87115
2 4.00 4339.48769 30.25233 6050.08723 9389.58996
3 6.00 4648.56962 117.87237 9547.43615 7342.45146
4 8.00 1217.64034 2210.35078 240.18728 4437.01845
5 10.00 6252.73448 4231.96908 6496.25937 5156.74343
6 12.00 7813.70055 3245.41907 6827.71776 3380.84399
7 14.00 9908.91762 5877.00988 5750.40368 969.66001
8 16.00 3352.57978 2966.76000 8288.45053 4377.38107
9 18.00 9012.56928 3908.26541 6220.24561 6771.54604
10 20.00 1279.36061 1779.81395 4292.48549 3391.16708
11 22.00 5401.76719 1248.39979 7671.72059 1343.33454
12 24.00 3084.64496 9676.46315 2259.65363 5534.42361
13 26.00 7654.32966 3239.52704 459.84929 9544.30332
14 28.00 2592.50335 4013.66078 1060.45533 8767.41755
15 30.00 2607.90331 1933.78828 2958.94121 8698.19300
16 32.00 8583.14094 9042.51816 1066.19182 7841.11611
17 34.00 9214.52127 7148.61935 8866.52264 4491.32482
18 36.00 9686.52077 4416.19788 8944.06719 5597.44207
19 38.00 8770.12973 4194.65203 5107.43035 8339.52262
20 40.00 9360.00807 8983.71420 9469.13625 5328.98436
21 42.00 4465.18639 6205.94204 9577.36103 860.43090
22 44.00 3952.91661 8110.46332 4367.54334 6411.06413
23 46.00 9783.37090 2896.96909 916.48046 4475.99259
24 48.00 2361.50068 5790.63709 5379.75063 8927.67573
25 50.00 2166.26335 4727.09597 724.79270 1601.07644
26 52.00 5749.91004 8788.14577 1095.14664 7405.35164
27 54.00 3563.74112 6699.94731 5215.37028 1472.19806
28 56.00 8938.53175 9821.76619 9865.66133 4385.39785
29 58.00 145.89960 4403.95869 2927.25422 4824.72857
30 60.00 5891.80531 3889.78268 682.72194 5089.60849
31 62.00 4470.56423 3939.12247 5799.04990 9857.50284
32 64.00 8999.35064 9027.66560 1395.61771 501.74220
33 66.00 9707.63518 7774.34192 9598.85591 6682.30317
34 68.00 9485.49403 1590.35440 9528.29184 9638.99958
35 70.00 7763.14449 1178.09818 3642.05870 8910.25860
36 72.00 9902.24877 9890.07369 1542.99213 2491.68091
37 74.00 268.63929 7804.28487 4578.34807 5059.47440
38 76.00 5761.07251 7876.71652 1151.38913 2341.28491
39 78.00 7056.39327 1816.28692 7755.93120 3806.57450
40 80.00 69.07214 5396.52115 7239.77125 8.40141
41 82.00 8723.20200 9168.73369 8111.97635 2128.57398
42 84.00 6533.63441 461.77735 9537.31047 308.26153
43 86.00 9018.74154 2686.67766 8211.53655 9755.37324
44 88.00 8218.14356 4056.62316 6542.35931 1250.09869
45 90.00 5155.82758 4336.82976 9362.11165 2669.67592
46 92.00 8900.25174 6020.63522 8591.15418 8657.42860
47 94.00 8027.01126 8163.67082 276.13124 4983.35017
48 96.00 435.09501 439.76605 4987.19672 9386.41357
49 98.00 993.13161 2779.96471 2396.13386 8718.79514
50 100.00 313.86815 508.81719 2777.78579 5912.53110
51 102.00 7295.71863 6604.76204 9918.32981 8917.37178
52 104.00 2837.11733 3875.19297 4376.82897 6603.17538
53 106.00 6369.29719 8475.99819 3815.76592 5037.33962
54 108.00 7025.34239 4366.62958 8749.86329 9065.45344
55 110.00 8920.35115 7078.72886 7999.90731 8324.49116
56 112.00 7390.53341 2549.66698 3746.56296 5015.93131
57 114.00 4290.82536 5235.23019 2904.69972 5392.13886
58 116.00 4994.72360 670.68594 1703.39923 5059.04513
59 118.00 8823.78684 6277.67325 2506.92547 7257.92995
60 120.00 6043.62045 5005.69884 1731.20956 2072.39901
61 122.00 2582.38947 5719.53440 821.57751 1610.33222
62 124.00 2049.54346 2188.02762 8695.18918 8344.97949
63 126.00 5241.52874 8407.98555 9183.06091 1226.72970
64 128.00 5631.86920 238.10409 4610.25973 8222.00828
65 130.00 2116.21798 9698.39313 6618.17131 67.20955
66 132.00 7183.74619 9480.75276 2585.67489 7805.66196
67 134.00 4199.09503 9236.61163 4829.77585 3633.78561
68 136.00 8276.28305 2659.18569 7340.88190 4646.59375
69 138.00 6957.30004 3905.87777 2967.00890 4176.89760
70 140.00 5890.96500 2306.73250 845.18968 987.30567
71 142.00 6856.22199 7385.87955 3705.83113 6529.07948
72 144.00 4915.50169 7869.10376 6673.61959 4501.19538
73 146.00 8145.88796 9322.13384 8164.21579 7195.76682
74 148.00 3848.66881 8613.27725 4806.57935 3940.48900
75 150.00 5621.38776 1257.22267 5001.33937 7373.91941
76 152.00 3420.22932 6407.60654 5861.15520 3108.51107
77 154.00 8804.63796 9265.73546 706.09640 3637.56776
78 156.00 2875.18126 6232.05070 5194.07507 5292.19740
79 158.00 5932.84641 5012.79246 9960.68121 4680.19667
80 160.00 2990.86256 2758.73953 1666.11277 4311.24710
81 162.00 6869.39044 5540.10550 6923.41648 4141.54082
82 164.00 6073.24244 5949.11798 5362.09758 7836.36337
83 166.00 2321.59537 5261.86529 7851.22079 2756.29267
84 168.00 617.03469 8004.06355 1396.92629 4148.85580
85 170.00 9600.92652 2021.69251 374.23009 1622.27100
86 172.00 8667.20655 2569.43131 556.09712 889.62023
87 174.00 6962.97677 9998.24610 8207.61136 2390.65381
88 176.00 8207.97369 8968.37757 1084.94222 1120.38305
89 178.00 8688.55428 2628.45119 214.52236 3536.41743
90 180.00 5017.67475 3233.83274 5230.70205 3197.82565
91 182.00 1334.29734 2895.49666 1534.79707 3926.95383
92 184.00 3436.02807 2764.80110 4120.68148 4574.59077
93 186.00 2529.51587 4548.22747 9536.98632 2111.20928
94 188.00 728.57961 4530.66751 5718.70147 5462.07102
95 190.00 6501.66918 4562.76586 9254.28272 6567.30818
96 192.00 3281.78505 9688.79345 9552.40372 9138.67374
97 194.00 4320.26177 8767.67980 6570.50088 2033.33719
98 196.00 8409.71660 7120.48194 5751.67763 7105.90839
99 198.00 7445.49733 4373.63101 2503.36029 4639.75270
