36.29 814.55 2 6675.78 9878.92 5954.52 9500.40
55.97 2298.62 2 4144.41 6297.65 1944.35 6963.54
60.50 2125.08 2 2491.98 8483.36 4564.62 8014.17
62.63 2031.58 2 8914.26 6126.52 7192.74 5047.78
62.67 733.37 2 4043.17 1650.45 4673.90 1276.28
65.36 2068.14 2 8305.69 5478.72 8972.08 7436.55
69.44 1971.82 2 774.83 2857.28 2717.15 3197.10
69.62 2880.87 2 4943.77 2439.84 6560.58 55.45
84.64 2831.98 2 7658.14 5213.00 6267.48 2745.97
87.93 1696.26 2 502.85 3791.04 2116.60 3268.46
94.22 2111.23 2 271.02 6427.50 1356.99 4616.98
94.30 2815.13 2 5840.79 6955.23 8567.32 7655.95
95.09 4554.32 2 6329.41 3351.88 8184.23 7511.38
96.59 829.45 2 4283.78 3705.71 5059.61 3412.31
108.85 5142.43 2 6727.96 2246.41 1991.30 244.25
114.31 4415.50 2 4746.74 2591.92 2472.40 6376.61
119.92 696.02 2 5815.56 4732.60 5309.22 4255.04
121.77 588.30 2 2514.04 1206.56 1925.84 1195.55
122.75 737.63 2 7459.35 3307.91 7028.55 2709.16
126.49 1524.61 2 2121.20 7978.32 3403.39 8803.20
137.64 6881.79 2 4421.60 2137.01 4731.86 9011.81
138.15 4807.57 2 8534.48 9534.30 4190.21 7475.16
138.66 832.94 2 8684.61 4908.79 8727.20 5740.64
141.59 2679.49 2 5381.73 4834.98 4355.74 7310.26
144.67 5033.26 2 5461.32 6032.53 2205.39 2194.22
146.58 4528.92 2 7612.30 3791.26 7520.10 8319.24
146.81 5640.42 2 7064.19 642.29 4075.99 5426.11
147.00 1549.77 2 2829.99 1005.26 1941.18 2274.83
151.61 2480.59 2 6906.09 6459.03 4908.21 7929.33
153.29 7264.64 2 2448.43 4751.36 8497.38 728.28
154.34 1417.07 2 9410.64 4777.29 8221.16 4007.07
159.13 6356.71 2 5401.52 1383.74 2312.61 6939.50
160.16 7908.21 2 7960.25 1696.91 847.96 5154.52
160.17 7308.75 2 7509.64 7700.46 1065.87 4251.46
160.68 5133.76 2 2522.72 819.06 193.83 5394.19
163.94 3997.08 2 6355.85 8287.07 7073.09 4354.87
166.78 5838.82 2 6222.57 269.66 3940.20 5643.92
169.56 5277.98 2 203.80 1523.82 1262.21 6694.59
171.06 5552.75 2 9999.08 3499.60 6501.44 7812.33
175.60 6980.18 2 4157.74 2068.34 4201.44 9048.38
177.54 6577.18 2 4358.36 290.25 3361.30 6791.42
179.08 5654.09 2 5639.70 2179.65 6994.65 7668.98
180.95 4047.61 2 856.13 7200.75 4885.78 7581.65
183.93 4896.58 2 7337.95 9654.74 2700.82 8081.99
184.36 5517.86 2 7150.15 759.96 6906.14 6272.42
187.95 6297.64 2 6517.55 7542.33 9496.12 1993.61
189.63 7481.27 2 3803.81 58.96 3517.59 7534.75
193.24 4961.87 2 3789.89 287.00 8509.53 1818.40
203.02 5550.89 2 8816.31 2438.63 4647.08 6103.32
205.98 4398.78 2 1794.42 141.48 5341.35 2743.11
208.31 3815.38 2 7644.43 6063.18 7907.41 2256.87
209.06 3152.81 2 6873.85 9239.11 7878.28 6250.58
210.01 9700.61 2 1758.87 9579.66 5179.58 502.18
212.91 7045.45 2 3119.57 6773.47 9581.73 3966.54
213.20 1160.16 2 8321.43 4983.76 7166.03 5088.72
217.47 4173.62 2 5225.73 4505.14 4427.21 8601.67
220.23 7611.35 2 1677.89 6072.47 7479.26 1145.33
220.29 5314.56 2 4841.99 7245.85 9766.07 5246.37
220.46 4823.24 2 4693.97 4404.69 1843.64 513.77
221.80 5089.77 2 9742.95 5533.59 6974.17 1262.79
223.85 4692.50 2 5628.40 3038.36 9939.18 1184.52
224.14 4806.84 2 740.82 6294.46 536.09 1491.98
224.31 2815.39 2 4917.26 912.42 3479.61 3333.08
224.94 6046.83 2 930.53 2215.96 6917.87 3062.06
225.17 3358.34 2 398.61 4320.29 3223.22 2503.68
227.35 1467.60 2 4149.42 9342.48 5077.38 8205.49
229.58 7679.18 2 1019.01 7724.81 8502.93 6004.12
231.65 4782.60 2 9900.31 3053.80 6210.27 6096.31
232.98 2549.09 2 5492.20 9276.73 4381.16 6982.50
233.36 7568.10 2 8495.76 8223.31 1055.39 9607.88
238.69 4934.74 2 6604.28 1570.57 1738.14 750.65
239.02 4551.05 2 6611.83 9336.68 4251.39 5445.62
241.75 6487.71 2 5358.64 7621.90 1851.50 2163.85
245.56 3778.09 2 6701.34 8577.33 3298.04 6936.74
249.74 3587.22 2 5425.94 4132.48 1875.83 3617.79
251.01 5350.64 2 2314.76 7069.56 7029.88 4540.31
252.57 4428.39 2 402.32 7562.69 4705.01 6515.09
261.63 9181.50 2 1210.55 9838.44 7826.35 3472.04
264.37 4218.65 2 7564.43 6254.09 7599.91 2035.58
264.44 6122.09 2 26.76 4505.04 5938.11 2912.59
272.20 3910.06 2 5512.65 3835.86 9218.68 5082.41
278.23 5611.31 2 9160.73 1814.89 5853.30 6347.85
278.95 6147.52 2 9426.76 5004.72 4937.95 804.42
279.81 6390.32 2 1659.23 3076.12 7489.58 5692.07
279.90 9494.86 2 2683.96 8517.13 8307.31 866.63
290.75 9637.60 2 7011.84 2762.69 101.51 9480.63
294.16 7007.97 2 2886.11 1243.54 6886.78 6997.34
296.24 6012.14 2 4041.75 5145.96 9881.19 6576.60
303.47 6573.37 2 2882.18 9451.94 8135.66 5500.97
305.59 11779.68 2 8193.01 9647.21 1080.99 256.78
306.76 6037.89 2 1583.78 5508.39 5522.51 932.09
307.75 6687.35 2 4548.26 3145.17 3232.74 9701.85
317.52 6076.04 2 8793.26 8640.27 2762.47 7900.06
318.28 7813.80 2 9507.86 9995.72 6722.82 2695.11
319.76 9087.75 2 7400.89 9475.90 2077.88 2110.25
321.19 8559.27 2 6476.35 9084.11 8266.31 714.10
327.81 8390.61 2 913.27 9619.11 8359.59 5751.99
360.20 8809.87 2 1214.26 9731.47 6088.72 2392.97
376.27 9213.40 2 2734.25 8347.24 9802.45 2437.31
379.26 9563.06 2 9922.57 9129.30 4614.48 1174.66
