11.00 449.78 2 6051.39 8425.30 5636.18 8252.36
39.64 1081.82 2 3705.40 5616.51 3191.16 4664.73
45.15 1557.65 2 2040.23 6066.60 3125.82 7183.63
55.16 1758.22 2 2674.72 2479.19 968.12 2902.12
56.30 1114.93 2 5366.91 8471.72 4309.28 8824.56
59.44 2671.82 2 6511.30 7669.59 4165.87 6389.91
62.46 1223.19 2 5702.82 1946.55 5532.23 735.32
75.68 2483.97 2 7631.21 4982.66 5147.25 4987.60
78.90 2844.79 2 3841.50 6153.77 2482.70 8653.08
85.97 3898.43 2 4980.38 6271.64 2896.72 9566.50
87.53 1576.36 2 2997.91 8157.49 3683.58 6738.06
95.80 290.22 2 9801.61 8183.77 9546.09 8046.16
99.91 2295.54 2 3363.73 8282.89 5323.40 7087.40
103.53 3176.48 2 5042.56 7644.04 2797.21 9890.91
104.30 2315.13 2 9798.98 5837.02 7967.55 7253.24
104.49 2124.49 2 7829.04 7761.62 5776.34 7214.00
105.62 1981.03 2 8411.67 1477.76 6807.27 315.71
107.12 656.04 2 4423.76 2564.44 4790.79 2020.68
107.65 4182.47 2 1597.00 3274.36 5776.87 3127.15
108.98 2949.01 2 6062.61 5155.06 3279.66 6130.68
118.20 309.93 2 9132.30 1750.65 8822.45 1757.89
119.20 5460.12 2 4829.45 8046.88 6849.91 2974.34
119.76 3587.97 2 1370.36 3330.41 4737.44 4569.89
120.30 4415.17 2 4948.94 8823.39 6542.60 4705.87
122.63 4031.31 2 6803.99 1188.11 9750.83 3939.04
123.86 1093.01 2 7173.58 1005.45 7707.66 51.81
124.16 5607.87 2 729.73 599.13 4396.06 4842.51
124.48 2723.76 2 1514.31 6905.00 4103.77 7749.72
126.63 6331.43 2 9416.07 1541.94 6587.33 7206.33
132.02 4401.21 2 7948.97 3390.85 9389.49 7549.65
132.71 1435.68 2 5503.53 9291.00 4069.07 9350.32
133.21 860.40 2 9366.09 9621.31 9260.40 8767.43
138.51 5125.45 2 7275.08 7638.57 3659.37 4005.82
154.30 4515.22 2 5835.23 1705.12 6290.25 6197.36
156.59 5529.39 2 1990.58 5091.23 5000.78 453.03
157.10 6354.80 2 9666.87 2151.44 3528.95 505.40
165.08 4153.89 2 2465.19 5580.87 2248.67 9729.11
166.25 8112.69 2 283.73 454.62 6414.54 5767.71
169.14 4256.80 2 2976.15 2890.04 2072.78 7049.88
169.76 7688.18 2 7342.00 8607.77 9753.74 1307.66
172.36 4918.10 2 1380.82 2073.42 3250.50 6622.27
174.47 3823.38 2 6156.77 5868.30 2424.58 6698.34
175.46 372.93 2 9345.83 690.19 9337.76 317.35
177.55 4277.40 2 2904.53 2876.30 7141.41 3463.64
180.43 5021.50 2 6433.09 6933.13 6100.77 1922.64
183.71 4785.53 2 2734.58 1218.74 6766.22 3796.94
185.13 1356.35 2 2054.01 5831.48 909.42 5103.75
187.74 7987.24 2 3085.40 231.76 9452.33 5054.44
190.97 5648.30 2 3423.27 3542.87 7719.90 7209.25
195.65 4282.67 2 5741.33 5351.52 7231.18 9366.69
195.73 2986.38 2 3019.46 7228.83 114.36 6536.83
203.29 4264.53 2 92.67 5679.62 1073.01 9829.94
205.73 5286.54 2 5310.41 6379.45 524.91 4133.01
213.33 3366.65 2 7477.35 6057.39 4158.46 5492.35
214.34 1917.08 2 6617.93 5393.00 6535.34 3477.70
214.88 6943.77 2 5254.77 3137.53 1731.82 9121.24
219.09 2954.63 2 8086.92 4534.32 5132.48 4567.98
222.61 3730.69 2 4708.28 5375.18 6640.94 2184.12
225.79 5089.28 4 1126.47 1624.94 1847.81 1406.12 4589.14 2572.65 3236.02 2480.47
230.84 3941.91 2 4467.48 7037.66 781.03 5641.69
231.74 5587.09 2 2845.62 9890.99 5433.00 4939.12
232.08 9004.03 2 1625.02 9906.16 7393.19 2992.34
238.26 8313.11 2 9205.21 8728.18 7358.37 622.81
238.28 7613.95 2 3170.41 3488.03 9337.00 7954.05
241.11 4855.55 2 6146.25 2191.29 1335.69 1531.86
241.36 4267.95 2 1498.52 3281.18 5203.42 1162.40
241.81 3490.38 2 6458.81 4203.62 9928.57 3824.80
242.89 4444.36 2 617.58 5476.49 5054.87 5727.02
244.56 3127.85 2 6735.00 5444.45 5319.34 8233.60
245.87 5293.61 2 4054.17 5025.20 8951.18 7035.57
248.64 4232.15 2 3959.49 8164.53 7458.04 5783.11
249.56 3178.22 2 7250.24 1128.45 8094.78 4192.41
251.26 3562.89 2 2226.90 34.73 227.35 2983.63
251.54 6277.01 2 1861.99 7366.18 7907.68 5677.81
252.77 4138.27 2 4088.67 7689.72 7658.28 9783.33
252.87 9643.44 2 6880.44 266.47 4745.90 9670.71
257.77 3988.57 2 1784.74 5372.58 5288.43 7278.58
258.24 8112.06 2 5385.78 9330.24 6961.71 1372.73
258.27 9513.53 2 9482.05 1098.96 189.37 3136.92
258.91 7245.30 2 9196.35 9971.72 3969.95 4953.84
262.90 6244.76 2 6927.69 621.24 1182.25 3068.06
268.14 6306.81 2 3109.78 1174.16 9161.30 2950.38
269.73 8086.54 2 3211.68 6458.98 9079.37 894.61
272.83 3941.39 2 2172.69 8637.30 564.44 5038.96
273.05 8352.32 2 8784.00 4774.49 1994.56 9639.14
273.66 7282.89 2 7572.83 1754.95 8561.47 8970.43
281.22 7560.96 2 8269.90 5152.81 867.38 6692.56
282.48 5424.05 2 8696.20 9067.67 3756.46 6827.30
283.83 8091.34 2 9385.61 8510.60 4680.21 1928.11
290.59 4629.66 2 5979.18 6725.32 3206.65 3017.64
295.97 6498.57 2 452.90 3445.29 637.60 9941.24
302.38 5919.20 2 2475.12 3461.60 2756.50 9374.10
308.27 8713.68 2 2607.85 2355.21 7537.57 9540.35
315.49 6174.67 2 486.76 7405.41 4022.65 2343.39
320.66 7933.08 2 577.37 4623.78 8069.15 7232.80
329.04 6651.92 2 2892.63 8157.86 7315.17 3189.04
333.76 9188.12 2 2474.65 7547.40 8731.35 818.70
356.78 8339.12 2 1008.97 335.76 5977.85 7032.86
390.22 10111.16 2 7660.53 8837.57 156.46 2060.82
