49.69 1084.61 2 6794.48 5153.14 6866.99 6235.32
57.74 2886.83 2 5336.67 6509.17 6605.33 9102.30
63.93 2996.65 2 162.84 6998.03 1824.52 4504.30
69.95 897.41 2 3574.13 4147.23 3529.00 3250.96
75.56 3177.94 2 1616.15 3976.92 4610.95 5040.16
81.10 954.85 2 8364.97 8205.82 8672.63 7301.90
98.42 3921.23 2 2901.23 3879.33 494.76 6975.28
99.53 4276.26 2 4916.95 8472.45 7743.51 5263.55
101.61 4680.61 2 1931.09 5915.78 5310.55 9154.20
108.57 3928.72 2 5673.69 7967.80 1927.98 6782.71
113.83 4591.68 2 9874.50 1999.29 7233.37 5755.35
114.13 3206.34 2 4149.25 5309.54 1327.92 6832.93
116.71 4635.54 2 3700.78 3059.47 7475.93 5749.54
117.07 3653.43 2 7516.08 3584.74 4935.32 998.76
119.00 2250.16 2 2125.91 6679.73 121.16 7701.58
122.80 3239.80 2 1437.20 8480.30 2017.16 5292.84
123.16 4458.02 2 1541.65 3949.71 1193.30 8394.11
123.25 6062.51 2 3295.44 2883.17 9327.86 2279.78
125.62 1980.75 2 3776.41 6913.02 2991.55 5094.39
125.62 3880.92 2 523.03 5237.75 3375.78 7868.96
131.46 872.76 2 6413.88 8737.92 6963.31 8059.81
134.23 2211.58 2 2227.72 2512.15 188.39 3367.82
136.18 2109.21 2 4321.96 1685.86 6169.91 2702.65
137.79 6389.26 2 9390.47 3001.71 8267.11 9291.44
139.46 4173.16 2 7698.40 5887.28 4723.09 2961.06
140.01 3700.61 2 6222.11 8098.90 2677.81 9163.07
143.97 1398.34 2 2764.54 5705.52 1591.74 6467.03
144.24 5212.17 2 7324.55 6843.84 4063.52 2777.83
151.15 3757.59 2 6379.70 8236.73 4756.30 4847.91
153.82 6890.85 2 9089.93 1287.68 4502.51 6429.60
154.60 2630.14 2 1912.10 3121.79 408.69 963.69
158.18 3809.03 2 2097.45 3892.41 2703.02 131.83
158.30 6114.92 2 593.54 8800.57 4171.81 3841.91
162.48 2723.97 2 3087.63 5134.85 4253.61 2673.05
163.79 4289.42 2 8446.34 8212.69 5758.56 4869.79
164.04 5902.25 2 9660.63 2547.66 4309.53 57.21
164.67 3033.54 2 7441.02 6649.88 4711.65 5325.90
170.81 5140.26 2 5126.95 4112.12 1733.58 7973.14
178.16 8607.91 2 7413.13 9877.10 8756.78 1374.71
179.48 2774.05 2 2097.87 8493.07 4434.53 6997.94
180.86 3143.16 2 2197.83 9710.74 4293.63 7368.29
182.07 5603.71 2 3327.85 485.11 6114.64 5346.74
182.71 1735.58 2 4480.21 6710.99 5521.89 8099.20
185.98 4898.87 2 9836.70 5730.37 4982.65 6391.58
191.13 2656.68 2 1335.18 7249.33 2200.64 4737.57
191.45 2872.52 2 3618.14 3398.86 3124.09 6228.58
192.42 7521.21 2 4992.62 9267.89 9470.22 3224.74
199.05 752.55 2 1319.55 4810.48 1467.35 5548.37
199.71 2685.51 2 8239.22 8729.21 7144.67 6276.87
200.95 9147.61 2 6489.32 578.09 6572.64 9725.31
202.44 4122.24 2 3605.95 5486.36 7164.32 7567.44
202.70 3335.20 4 5937.20 234.04 6243.15 397.92 4204.08 1527.63 4524.33 2101.31
202.83 8241.69 2 1324.08 989.56 3226.52 9008.68
203.21 8860.41 2 5364.80 8698.40 2710.19 245.01
204.33 5316.43 2 900.23 9113.48 6004.65 7627.06
208.87 4043.40 2 6422.42 6813.82 3715.30 9817.26
214.64 5732.04 2 3321.24 2803.67 8415.32 175.62
214.70 5135.23 2 5219.82 7239.09 8390.99 3200.00
216.62 1431.04 2 7064.40 6627.54 8495.37 6613.53
216.94 1846.78 2 4884.54 9154.08 3880.24 7604.25
218.24 6911.87 2 8407.00 3366.35 1528.57 2687.26
222.26 4012.84 2 8839.03 2279.99 6793.10 5732.09
228.04 7202.14 2 3177.73 422.37 2046.44 7535.11
230.04 9902.11 2 2414.42 37.07 6208.95 9183.29
231.15 3357.40 2 2100.98 2635.75 5117.26 4110.25
236.72 2136.21 2 8622.52 7829.41 8650.31 9965.44
239.04 4951.96 2 4503.10 5025.87 5792.72 9806.96
241.55 5977.28 2 1657.46 4199.90 4805.66 9280.92
242.70 8534.83 2 303.97 6087.13 8726.50 7467.08
243.73 9486.40 2 1539.06 8917.74 8615.75 2600.12
244.48 9224.18 2 9121.49 9981.12 169.89 7755.32
245.46 5672.78 4 5006.53 2949.01 5141.88 3527.42 1466.81 3814.85 648.02 4941.13
245.96 5998.05 4 3839.49 1817.93 3985.94 1509.38 5903.55 6572.03 5936.78 6812.59
246.20 7010.08 2 4602.76 6096.62 9556.68 1136.79
246.77 9138.30 2 4526.35 9583.31 4082.09 455.82
250.01 7900.26 2 8283.87 7612.68 451.57 6578.61
255.64 3982.02 2 5229.95 3869.67 6556.63 7624.18
256.93 5246.28 2 7910.62 4207.19 3139.60 2025.25
259.38 3669.17 2 3876.22 6066.95 2309.68 2749.01
259.73 4686.62 2 5251.24 8612.45 9594.85 6852.48
262.43 5121.65 2 580.78 5810.31 3695.94 9875.66
263.20 8359.82 2 6506.74 8087.42 442.95 2332.68
265.76 3388.16 2 4422.59 7397.35 7659.42 8398.64
266.53 5826.52 2 9844.31 5809.25 7032.67 706.01
278.78 4339.06 2 442.39 4908.30 4602.42 6141.83
287.41 6270.68 2 7621.06 6271.88 1676.48 8267.74
291.03 8051.32 4 5296.31 8935.23 5248.31 9888.33 7643.56 4687.39 8785.28 5446.46
292.43 9121.28 2 9090.53 5226.81 1589.67 36.94
296.98 5948.78 2 5107.44 1338.15 8084.21 6488.56
298.77 5138.38 2 1910.09 3543.13 4460.91 8003.66
300.95 6347.48 2 5468.23 1546.86 5670.72 7891.12
308.29 6914.30 2 1804.07 9356.54 7863.51 6026.27
308.45 8222.46 2 359.12 8125.51 7629.10 4284.13
313.69 6184.35 2 6074.72 4541.21 462.20 7138.48
325.95 7697.38 2 6320.35 3337.40 882.16 8784.94
370.96 9448.14 2 9657.24 366.48 1184.22 4546.82
