24.38 1219.09 2 1175.16 4822.41 1303.29 6034.75
37.33 1266.25 2 8590.53 2832.67 8767.66 4086.47
43.64 1781.85 2 5890.48 7413.94 7615.39 6967.08
52.65 2532.70 2 8275.22 8969.69 7748.70 6492.32
54.34 1316.84 2 7357.82 8549.99 6592.83 7478.14
74.94 1847.06 2 640.80 2217.70 800.40 377.55
84.23 3311.48 2 3159.02 3622.70 1547.79 6515.76
88.41 3920.34 2 977.17 1338.83 4771.41 2325.13
94.20 3010.23 2 7067.90 1607.38 9645.70 52.91
96.23 1611.34 2 8029.42 9567.09 8761.13 8131.47
104.89 5044.65 2 5220.44 3703.77 434.38 5298.17
106.63 3231.53 2 7116.06 5974.73 9457.16 8202.29
107.80 4089.98 2 2537.78 3066.53 3443.56 7054.95
107.97 4198.72 2 7837.88 4824.68 3702.13 5549.11
109.75 3887.32 2 4005.61 3384.38 5505.76 6970.57
119.57 1878.27 2 9471.18 6831.07 9099.27 4989.99
119.61 680.63 2 6127.78 2597.01 5485.63 2371.39
123.60 5179.98 2 2536.33 8549.77 4235.62 3656.44
127.55 3977.54 2 5158.14 2316.71 1694.83 360.61
131.24 3662.19 2 9632.88 2765.08 6063.63 1945.25
131.79 5489.32 2 2755.61 6806.06 7549.72 4132.28
136.91 6145.61 2 1890.21 7091.49 7894.22 5779.87
138.93 3546.29 2 7699.67 7574.73 9612.39 4588.48
139.10 1555.03 2 4713.45 6130.84 3659.24 4987.70
141.92 4495.89 2 7796.73 3531.28 3951.43 5860.80
141.95 4897.36 2 6402.91 4389.72 2017.07 6568.84
142.42 1420.95 2 2285.67 998.70 2699.49 2358.05
142.46 5623.11 2 4465.95 6993.11 1617.95 2144.58
143.44 5172.17 2 3843.26 9844.48 6139.66 5210.06
146.14 7006.94 2 2294.86 8023.00 7895.56 3812.36
148.50 4125.22 2 5748.94 6941.92 9660.55 5631.69
154.62 2230.90 2 2105.32 7007.13 3723.10 8543.26
157.18 2858.85 2 5024.75 3937.17 6863.39 1748.00
164.97 3648.32 2 4822.92 6206.67 4923.40 9853.61
165.24 4262.13 2 4765.55 3535.38 8943.16 2690.76
171.25 4262.56 2 2027.67 2496.95 6185.97 1559.96
173.13 1056.40 2 800.65 1669.10 1030.09 637.92
178.47 4223.31 2 8970.00 8687.69 4908.05 9843.95
179.45 3072.64 2 1495.48 8056.68 1766.07 4995.98
183.44 772.13 2 5975.84 6310.48 6358.51 5639.84
185.28 2964.09 2 4765.39 6298.62 4498.55 3346.57
186.09 2204.47 2 713.44 1619.99 2282.18 3168.78
189.35 8667.44 2 1178.29 71.94 6545.46 6877.67
193.23 2161.53 2 7277.72 6620.23 9404.37 7006.97
196.02 3601.22 2 3984.02 6905.43 600.36 8138.18
196.59 4229.28 2 2796.30 1798.89 1311.39 5758.93
197.35 4967.34 2 541.48 7992.70 4783.20 5407.68
197.87 6893.34 2 9297.14 5749.07 2611.08 4071.35
197.94 6397.14 2 4607.20 5868.27 273.51 1162.68
199.55 6077.66 2 6736.98 8210.75 760.29 9313.96
203.55 2877.39 2 4448.98 8628.06 3631.65 5869.20
203.95 3197.41 2 3373.88 6312.73 5716.38 8489.01
205.30 5165.16 2 9765.07 6982.45 4600.71 6892.11
211.48 7874.08 2 5177.43 7369.26 686.17 901.66
212.28 2614.15 2 2841.75 6264.81 1312.77 8385.18
212.33 8316.55 2 8039.10 2860.07 336.09 5995.15
212.75 8837.28 2 910.89 1453.28 9258.62 4353.77
212.87 6243.63 2 1066.89 9201.88 6758.12 6634.24
214.66 3533.08 2 2913.56 2674.72 6446.44 2712.48
214.69 7934.45 2 2844.94 8297.65 9150.09 3480.95
219.12 4955.92 2 9955.62 8493.90 5170.07 7205.60
219.54 1876.81 2 3736.44 4117.36 5605.54 3947.52
220.13 5806.27 2 118.20 2107.52 5810.08 3254.36
221.42 4970.86 4 7853.33 3000.34 7803.09 3551.09 5621.38 5678.35 6731.93 4874.94
224.56 7527.83 2 2299.30 3157.31 9554.46 5165.04
231.34 7767.03 2 97.23 8321.77 2482.58 930.09
235.12 7255.97 2 6138.27 7642.44 5414.74 422.63
240.91 8945.62 2 1064.65 723.86 2942.52 9470.15
242.44 3621.93 2 5234.60 6395.28 3096.61 3471.68
245.06 6452.91 2 4322.19 3808.83 1458.44 9591.48
246.91 7545.65 2 9160.07 2802.67 2220.93 5766.65
249.66 3483.04 2 4304.35 2929.23 2312.15 72.18
249.98 9998.82 2 2392.57 2.87 1574.45 9968.17
252.62 6031.10 2 1989.58 5758.94 6491.31 1745.39
254.62 3430.99 2 2629.80 4222.39 2395.62 7645.38
255.17 8558.64 2 1996.67 7354.29 8727.42 2067.79
256.61 3330.33 2 7429.27 8088.09 4129.04 8534.82
257.23 6461.39 2 3609.62 5603.50 9318.45 2577.15
257.53 9276.53 2 675.54 6336.62 9941.98 6769.13
257.54 5076.79 2 7649.96 832.51 2624.52 1552.74
261.94 4496.90 2 5396.68 8047.08 4418.60 3657.83
268.85 4242.52 2 1632.69 7371.18 3897.23 3783.58
276.01 7000.63 2 7365.26 8896.32 3810.71 2865.24
277.20 5060.20 2 8479.46 3438.85 4691.98 83.17
286.73 4536.59 2 496.32 5349.71 1859.38 1022.73
288.79 5739.32 2 2598.07 3035.73 0.92 8153.80
299.84 8092.08 2 6317.12 1448.48 1675.76 8077.17
301.88 5693.76 2 9099.54 8075.75 6846.40 2846.77
303.12 7255.92 2 6548.33 8854.71 3093.71 2473.97
304.11 5605.61 2 1824.07 2895.95 6368.93 6177.29
305.10 7055.15 2 4761.55 9749.82 5405.84 2724.14
315.85 6092.25 2 2721.34 6227.54 1877.89 193.95
322.79 8739.30 2 9655.26 4139.89 1838.86 231.01
327.13 8656.72 2 8786.91 5484.34 263.65 3970.13
331.02 6651.16 2 2691.95 7151.96 7271.07 2328.10
332.37 8318.42 2 4448.45 9695.42 6976.23 1770.37
341.60 8979.79 2 285.71 6635.49 8603.69 3252.01
368.92 11946.02 2 198.35 1212.37 8673.69 9631.17
385.61 10380.56 2 9220.88 9469.58 4770.67 91.33
