45.98 1499.15 2 9162.34 6617.32 9328.82 8107.19
48.11 1005.68 2 4238.32 6934.21 4139.44 7935.02
56.08 1204.23 2 4186.60 4971.02 5337.71 5324.74
56.86 2743.08 2 6553.65 2258.84 8789.90 3847.44
70.14 1706.77 2 5778.76 6934.99 7482.84 7030.93
82.66 2433.03 2 8214.04 3846.27 5809.64 4218.41
83.19 3159.29 2 1486.43 6558.54 3202.56 3906.00
87.03 2051.31 2 9129.54 2424.97 8278.22 558.66
92.81 1340.55 2 6799.04 8759.77 5541.56 8295.18
100.10 5004.77 2 9121.67 240.01 4271.35 1473.77
101.91 4495.56 2 5996.11 6794.33 1502.20 6672.73
111.37 968.54 2 3566.49 2824.02 3981.36 1948.84
112.46 2922.83 2 301.86 3652.44 789.93 770.65
112.78 2238.98 2 9191.50 5018.72 7093.53 4236.70
136.88 4343.92 2 263.47 9649.13 3716.84 7014.02
138.64 2232.00 2 7518.42 7256.88 9738.51 7026.57
142.95 3647.32 2 1568.01 9731.22 5215.01 9779.26
145.66 5182.79 2 3493.48 8487.51 8667.73 8190.10
148.17 4508.50 2 7435.58 7481.07 6985.64 2995.08
150.68 2334.04 2 8844.02 8074.76 6542.20 7688.26
151.01 6250.53 2 9947.72 1818.72 3850.17 3193.16
151.52 3876.05 2 1836.94 7459.96 5592.94 8417.13
154.27 7213.27 2 8955.86 6045.06 1780.68 5304.81
157.03 7151.74 2 3015.64 8175.63 3483.86 1039.23
157.19 859.41 2 1582.06 3992.80 729.79 3882.23
158.39 6419.57 2 3334.65 8021.41 6539.54 2459.08
161.98 3198.90 2 8074.94 1501.87 5871.76 3821.12
162.94 5146.91 2 4115.22 3373.37 7813.97 6952.47
170.79 4939.61 2 1251.33 2118.64 6190.44 2189.06
173.64 7581.98 2 7213.43 7855.46 4784.32 673.14
174.48 4824.16 2 8272.54 1648.24 8033.39 6466.47
175.05 2652.29 2 2801.17 3633.28 892.29 1791.86
176.43 3421.64 2 6513.95 9302.27 3414.15 7853.52
179.71 8585.28 2 6156.97 1183.51 9233.20 9198.74
181.68 5084.16 2 1947.31 1084.01 778.09 6031.90
182.09 4704.51 2 9766.63 5647.97 5637.39 7902.26
182.48 5324.16 2 8165.59 4684.36 3131.90 6418.91
182.70 8834.86 2 1101.36 1017.36 9558.49 3573.08
183.13 4056.67 2 4631.06 8852.04 932.91 7184.63
183.43 6071.37 2 2867.69 1558.87 8811.57 321.19
183.74 2986.86 2 7719.41 2579.44 4732.61 2560.26
188.19 3609.36 2 4975.23 8047.26 1426.23 8704.57
189.77 7588.47 2 2351.93 28.66 9939.05 171.55
191.18 4259.17 2 1610.47 9636.67 5163.01 7287.21
194.90 2845.03 2 8212.35 79.43 8530.60 2906.61
206.23 10111.39 2 8842.24 8227.85 1124.09 1695.59
206.44 1421.76 2 3165.15 1505.06 4586.59 1474.87
207.59 7579.41 2 5691.83 8137.11 1497.17 1824.25
207.85 9192.51 2 5778.43 9595.85 2784.76 904.47
208.81 1940.40 2 1606.89 6966.90 3546.92 6929.01
210.38 2319.08 2 6696.44 2594.47 8305.49 924.41
210.76 8138.09 2 1378.01 9620.52 7039.63 3774.61
212.28 2313.94 2 9016.42 3420.19 7531.76 1645.33
213.44 6371.99 2 5516.91 6383.89 323.67 2691.68
214.35 5217.29 2 3390.21 3603.16 8559.53 4309.01
215.13 8156.34 2 6627.47 737.70 8374.37 8704.77
219.37 4168.26 2 6206.14 6438.67 7410.43 2448.17
220.70 4634.95 2 5687.33 395.93 8590.03 4009.39
226.05 8102.39 2 7511.33 5032.95 108.68 8326.80
227.56 2978.02 2 3492.76 4191.01 4754.99 6888.30
233.69 9684.53 2 5583.74 9576.16 9209.04 595.77
233.76 7487.98 2 653.19 5971.11 7565.21 3091.20
234.47 3923.34 2 3614.93 4301.10 4734.10 540.78
234.61 7630.54 2 8466.09 280.49 2822.07 5415.68
238.64 7131.88 2 973.80 4072.87 7414.51 1010.03
239.31 3165.64 2 9863.68 9389.69 7428.36 7367.19
240.43 11121.33 2 7113.07 763.69 21.79 9330.95
240.59 5429.55 2 8448.36 9520.45 3736.83 6822.01
242.25 3112.67 2 8643.01 1136.07 9699.76 4063.87
243.71 9985.51 2 2946.97 1441.40 8533.12 9718.20
245.85 5592.60 2 5059.42 2628.27 8755.36 6825.56
250.80 4839.99 2 313.23 6010.77 3802.85 9364.60
251.80 5489.93 2 4622.79 935.03 4658.78 6424.84
252.11 7605.54 2 5863.58 8520.27 2901.19 1515.38
252.14 2806.85 2 3522.11 5424.67 5231.70 7650.81
253.42 5071.00 2 1557.41 4699.68 6402.16 3201.87
257.57 7178.64 2 6103.87 749.98 1524.01 6277.90
261.00 3150.05 2 1133.80 1758.14 4283.84 1768.95
262.15 3407.32 2 6993.17 6489.12 4559.97 4103.87
263.35 7567.57 2 8906.80 7741.75 3876.34 2088.21
271.90 6095.03 2 7022.91 4762.19 2783.75 382.82
279.71 9485.75 2 456.81 3145.80 9435.09 84.79
281.51 4775.62 2 2186.23 9790.32 4201.76 5460.86
282.57 6028.30 2 2983.37 7122.07 8712.89 5247.78
285.76 6887.75 2 3287.21 3172.85 9964.38 4862.95
289.35 4867.52 2 161.91 8966.55 5020.85 8677.58
290.26 6512.98 2 6356.87 835.91 692.59 4050.68
290.73 8536.28 2 941.14 3137.19 9340.56 1614.72
300.48 9123.79 2 5471.36 9689.47 7814.46 871.68
301.86 6392.93 2 778.09 6679.62 6165.12 3237.33
307.00 9050.00 2 8766.58 6502.92 1404.47 1239.66
308.59 6029.40 2 1661.01 3775.57 3480.86 9523.77
312.53 9126.65 2 8570.01 9171.40 1289.84 3667.32
313.42 7070.96 2 3891.38 99.32 7830.72 5971.29
315.39 8569.36 2 9001.27 4648.53 858.23 7317.78
331.53 9276.72 4 9174.60 9224.91 8680.21 9526.45 7682.17 1994.71 6836.71 2698.48
348.36 8317.96 2 5206.92 36.77 4505.59 8325.11
366.84 9141.77 2 1257.17 4493.29 9694.58 974.46
387.25 9862.59 2 9717.45 5768.36 143.71 8137.79
