51.00 2350.00 2 4358.94 2639.03 4643.08 306.28
58.87 543.47 2 1780.91 9916.54 2201.85 9572.78
60.23 511.60 2 3284.77 6921.36 2950.17 7308.37
61.39 2469.67 2 35.93 1295.94 958.93 3586.65
67.06 1953.13 2 8508.33 3060.63 9950.58 1743.57
70.50 3224.84 2 5465.96 2901.50 7343.81 5523.19
72.34 3216.88 2 998.52 7288.68 949.84 4072.17
79.57 3178.74 2 6152.74 9782.25 4157.02 7308.08
84.03 701.45 2 1815.34 7765.88 2014.18 7093.20
84.12 405.88 2 5075.87 5777.67 5162.15 6174.28
88.89 2244.63 4 7592.32 4708.88 7585.96 4677.36 8367.70 4317.66 9715.66 4421.52
93.29 1964.74 2 5635.31 4429.55 4449.17 5995.84
93.97 1298.39 2 7565.13 8781.95 6592.98 9642.61
96.43 3621.32 2 5482.48 9841.06 6479.22 6359.61
110.52 5526.07 2 3055.49 2487.29 8581.28 2542.39
111.02 1551.22 2 9025.04 7404.74 7477.01 7305.23
113.78 1588.77 2 5722.45 7551.01 4791.64 8838.57
127.25 5062.62 2 2350.12 9212.34 7401.70 9546.47
135.12 5256.07 2 3398.62 8703.66 1984.77 3641.32
137.67 6783.59 2 2784.48 2527.21 9428.67 3895.35
140.39 5319.29 2 8170.71 3193.41 6858.23 8348.24
141.95 1997.47 2 9802.18 8496.53 9426.39 6534.73
142.89 5344.45 2 4630.07 7041.24 5521.63 1771.68
144.50 4924.79 2 7992.73 8495.46 3094.98 9010.91
147.34 5266.76 2 8023.42 5336.47 7975.31 69.93
150.24 6512.01 2 3724.78 6981.31 6963.14 1331.59
158.91 6045.64 2 403.77 824.56 4451.42 5315.24
161.38 469.03 2 1188.81 6230.69 1558.75 5942.36
161.63 1881.59 2 3142.26 5073.83 2229.68 6719.31
167.15 3557.34 2 2582.03 2348.52 5753.80 3959.26
170.72 7636.15 4 7728.36 1221.69 7715.88 869.40 8364.57 7083.48 9146.35 7762.93
171.37 7468.29 2 7931.83 5526.74 479.94 5032.14
172.89 5344.50 2 9679.80 5704.40 9115.64 389.76
178.53 2826.67 2 7040.43 5723.02 4291.93 5062.82
181.65 1882.39 2 3400.68 9539.35 3330.31 7658.28
181.86 4792.91 2 3283.60 3939.47 486.39 7831.46
182.05 8402.60 2 3178.51 181.58 6098.40 8060.54
183.64 1481.75 2 536.30 1396.54 1279.59 2678.38
183.66 2283.21 2 26.14 5078.61 2179.12 5838.68
185.88 6693.93 2 5962.57 1810.47 3259.85 7934.52
186.83 5641.38 2 2722.95 4326.23 7483.33 1299.05
188.20 3509.82 4 2092.98 6112.24 1601.17 5510.12 3293.90 6266.75 2492.82 6626.72
190.67 4833.54 2 5121.02 5125.30 1049.13 7729.68
192.66 7632.96 2 186.81 2379.60 2547.27 9638.41
192.67 6033.57 2 5951.13 3759.61 77.62 5140.18
196.22 5310.93 2 8819.28 6766.26 8825.15 1455.34
200.77 5638.65 2 8489.66 2112.44 6767.59 7481.68
207.92 7595.80 2 9825.54 882.63 6806.19 7852.54
208.68 3933.95 2 6771.90 4888.06 9552.45 2105.16
208.76 3737.98 2 4659.71 9573.02 939.19 9212.06
212.21 7710.74 2 9894.39 7974.81 2235.00 7086.41
215.19 5359.42 2 9630.11 4518.99 5815.30 8283.39
217.25 10362.59 2 1427.01 9453.71 8301.36 1699.56
218.98 3448.97 4 4586.01 3135.62 4872.99 2920.19 6709.72 3310.15 7922.11 3297.39
220.15 7807.41 4 3890.55 5494.92 3654.95 6427.08 9789.06 8488.68 9433.85 8607.80
223.08 8054.06 2 2501.14 7670.54 6828.29 877.63
223.50 1274.84 2 5628.06 1837.42 6856.52 1496.67
225.40 2070.19 2 4078.90 7056.93 4287.04 4997.22
225.82 4490.94 2 6368.21 1933.05 6575.89 6419.19
227.38 3469.04 2 333.80 2430.26 3569.35 3681.44
233.10 6455.03 2 2971.89 2766.93 4625.55 9006.55
238.71 8035.66 2 2272.81 6868.59 9206.82 2807.63
239.04 6952.25 2 40.73 2372.12 5873.86 6154.77
240.53 3226.46 2 9784.25 6491.07 6562.15 6323.20
243.23 5061.62 2 136.54 9041.90 4088.00 5878.69
249.31 3965.51 2 932.44 6348.68 4776.09 7324.19
253.09 3654.41 2 2483.32 43.71 2566.70 3697.17
253.51 6875.60 2 7336.26 2494.86 5797.39 9196.03
255.30 5765.19 2 1486.12 1973.71 7115.99 3215.47
258.53 4026.50 2 3646.78 2960.40 4192.46 6949.75
260.11 7005.67 2 7106.38 5676.92 541.90 8123.75
263.65 3882.32 2 4872.89 5389.34 8020.10 3116.13
265.85 7692.54 2 2848.09 2322.60 7685.92 8303.45
271.87 5493.59 2 367.48 4110.73 4702.64 736.43
273.18 8359.11 2 6594.48 8695.48 3097.07 1103.19
280.95 7647.39 2 4769.51 3094.30 8238.11 9909.83
286.80 5240.18 2 8112.79 3401.09 3329.67 1260.69
289.41 4970.57 2 9861.64 5765.58 6006.06 2628.53
290.60 6529.76 2 6948.61 9866.95 419.02 9819.57
293.11 7255.64 2 9296.97 6833.77 3925.88 1955.67
294.71 6135.51 2 7856.96 8427.39 3249.28 4375.99
295.49 9274.26 4 7438.17 1354.38 7280.45 2242.08 6402.50 9262.52 7649.79 9620.05
297.60 5179.83 2 8248.10 4003.07 3770.30 6606.89
299.06 10753.19 2 8456.41 1266.46 1051.33 9063.63
305.89 7094.65 2 4180.97 3091.68 9370.18 7929.67
311.47 7273.75 2 5636.01 7993.21 7991.95 1111.57
311.78 8988.81 2 9960.79 6521.55 978.62 6867.08
314.83 10841.59 4 2427.13 7117.64 3298.66 6659.93 8965.45 85.53 7973.68 720.43
318.73 10236.58 2 9935.14 1091.25 3909.99 9366.83
324.07 6803.46 2 7935.86 2320.87 1368.98 4099.43
332.55 7927.55 2 4052.21 9061.27 1688.60 1494.27
337.13 7256.34 2 8234.81 353.66 5195.49 6942.81
348.14 7607.20 2 8196.17 1421.17 9598.91 8897.92
