33.76 1188.13 2 3148.10 9247.30 4333.78 9323.68
51.23 2261.29 2 7273.62 3271.16 5070.60 2761.08
56.61 2430.27 2 6306.24 5128.44 7770.46 7068.10
62.93 2446.46 2 8775.74 356.36 6344.97 79.71
69.12 956.17 2 7281.87 3398.42 8185.25 3085.11
81.37 3468.35 2 7941.97 3175.27 8414.31 6611.30
84.65 2232.48 2 7048.19 7736.82 4837.39 8047.21
87.06 2752.92 2 3922.10 3571.28 4809.59 965.33
92.24 4411.87 2 1164.63 3537.21 790.67 7933.20
97.72 4886.09 2 7063.22 8447.44 4444.05 4322.66
98.33 2816.64 2 4891.74 4120.03 2348.60 2909.30
108.27 4113.35 2 2630.74 3802.90 5838.99 6377.15
109.49 1974.48 2 4849.00 1569.46 3014.66 2300.05
110.33 3716.68 2 9693.62 3253.97 6624.18 1158.19
110.73 4336.48 2 5577.37 2085.47 1781.15 4181.59
118.97 2948.29 2 5528.94 6549.32 5186.49 3620.98
121.78 4688.86 2 4842.33 6569.41 1800.64 3001.01
131.42 1970.77 2 4970.35 3936.45 3727.38 5465.81
138.34 1616.80 2 3114.55 3378.68 1506.12 3214.43
139.95 4397.30 2 4098.12 5725.06 1665.35 2062.01
140.47 4723.57 2 7717.99 2616.05 3176.18 3913.78
141.20 5160.16 2 4647.36 3189.06 1135.36 6969.69
142.92 5645.75 2 2318.93 2921.16 4850.60 7967.46
143.12 3056.24 2 1942.84 6056.92 3121.90 3237.27
143.64 2981.86 2 5123.56 234.32 2740.50 2026.67
144.34 2017.23 2 5666.39 2324.30 7674.08 2520.24
145.63 4881.46 2 4419.52 3986.80 9123.69 2683.17
150.40 7420.14 2 2630.57 8645.03 9930.77 7316.34
152.16 2008.11 2 6520.09 3218.38 7088.68 5144.31
156.34 1417.15 2 6502.21 1415.18 5232.51 2044.62
158.59 1629.34 2 6766.83 5224.80 6151.00 3716.32
160.25 2212.31 2 6992.56 3756.86 7568.87 1620.93
169.90 4195.13 2 2642.70 6560.51 4714.00 2912.39
171.77 3488.52 2 1413.31 6164.88 4735.15 7230.32
175.00 5150.21 2 7724.12 2473.09 2724.58 1236.43
177.66 6183.10 2 6252.87 9478.78 6133.04 3296.84
177.73 5486.55 2 200.28 9403.55 1025.21 3979.37
177.98 7998.85 2 2652.86 1514.33 8138.69 7335.61
181.82 4290.84 2 2321.16 3698.22 5631.53 6428.19
185.55 877.42 2 3855.30 4744.78 3117.62 5219.86
187.86 8592.97 2 1368.75 3762.09 9431.62 6733.48
192.94 3546.81 2 4871.93 7489.93 5470.85 3994.06
200.24 4011.90 2 390.62 4241.82 1707.22 8031.54
202.02 1900.78 2 5117.05 4396.89 6648.42 3270.89
205.68 6584.03 2 7840.54 6552.76 1311.93 7405.26
206.42 2620.77 2 7660.54 3301.60 7719.79 5921.70
208.96 8748.23 2 1123.67 8808.95 7549.61 2872.71
209.34 6666.92 2 2699.99 849.17 738.90 7221.13
210.81 6540.27 2 6048.72 1518.48 7358.73 7926.20
211.29 3764.67 2 98.21 4163.03 1503.49 670.48
211.61 9580.49 2 2826.00 1985.73 8758.64 9508.33
214.25 7912.31 2 6049.61 199.20 7222.29 8024.13
215.05 5252.47 2 7550.38 7946.96 5455.89 3130.16
216.40 2719.87 2 8746.14 3233.38 8959.53 521.89
217.89 7794.70 2 1984.40 1569.93 5356.99 8597.23
218.02 3700.85 2 6288.22 9278.79 2745.81 8207.54
218.71 8735.36 2 5074.87 8898.11 7828.28 608.03
218.85 2342.26 2 9454.90 8336.05 7113.48 8398.76
219.36 2667.94 2 5003.75 1172.96 5601.45 3773.10
221.30 4864.97 2 2967.51 4354.79 2942.24 9219.70
222.01 1500.74 2 9711.41 8233.26 8631.85 9275.75
222.58 6728.82 2 930.62 9668.86 5609.96 4833.50
222.86 8243.19 2 902.53 7047.31 9122.29 7668.42
224.56 4728.00 2 6140.00 7144.75 5193.80 2512.39
226.30 4214.87 2 1564.53 3504.53 5591.56 2260.30
229.52 8275.82 2 2293.34 8012.85 9106.54 3315.02
233.48 4274.23 2 4032.68 2547.49 5410.17 6593.68
233.52 6276.05 2 5653.12 4065.34 55.72 6903.97
233.95 3197.35 2 5306.86 8832.86 8421.91 9553.60
234.11 3005.57 2 5604.86 4900.94 7889.65 6853.68
234.12 2205.98 2 439.17 6954.99 2530.38 6252.70
234.40 5120.24 2 4628.80 9362.02 9270.80 7201.30
238.22 2011.22 2 288.37 8942.65 1531.92 7361.96
238.68 6934.03 2 1692.56 8648.28 4898.11 2499.69
239.22 4961.05 2 5377.31 3310.35 611.08 4686.94
240.60 10929.88 2 8571.57 7494.46 31.98 672.61
249.01 8550.38 2 7623.86 4153.80 147.42 8302.52
258.03 8401.69 2 9076.66 5332.04 2446.14 172.13
258.37 4018.61 2 3656.87 4660.76 6700.39 7284.92
258.75 5637.66 2 8680.93 5844.68 3057.50 6245.01
262.42 4021.02 2 3824.57 1790.06 7476.28 106.72
267.09 10054.47 2 2156.15 7333.34 9400.14 360.75
268.13 4606.31 2 5579.05 4354.13 3481.80 252.96
270.81 8840.36 2 1083.04 2240.61 9751.91 3973.49
278.02 6100.98 2 2772.38 8073.00 8713.37 6684.97
281.36 4868.17 2 4420.81 5260.03 56.15 3103.91
283.10 6655.22 2 774.76 1524.22 7306.58 2799.86
287.54 7676.76 2 8523.96 1353.39 5243.78 8294.08
288.18 6409.13 2 913.38 8033.54 1464.92 1648.18
290.27 9613.29 2 3324.35 8096.81 9758.17 953.89
290.70 8634.95 2 7481.49 1661.97 4376.01 9719.16
296.27 7213.32 2 2629.38 1023.22 7968.84 5873.17
299.05 5552.62 2 6067.74 335.28 2749.51 4787.35
300.24 5312.19 2 9972.32 6322.40 4903.00 4734.48
301.06 5752.93 2 941.08 3688.67 2537.60 9215.64
313.39 8769.71 2 9769.76 3118.41 1876.74 6940.45
333.51 8775.51 2 4734.07 1680.99 7833.65 9890.87
339.12 7155.84 2 8749.37 7505.86 8074.31 381.94
349.97 11798.73 2 8586.53 9927.55 814.34 1050.44
354.24 8711.78 2 2137.80 5597.94 9979.00 9394.07
