44.02 1200.86 2 7589.29 2708.12 7288.37 1545.57
45.44 1871.99 2 4671.16 2825.10 5273.96 1052.82
63.24 2862.07 2 5734.16 2611.22 8414.81 1608.44
73.67 2283.46 2 1234.72 8216.19 2578.34 6369.87
75.28 2063.78 2 6496.15 2039.03 7840.59 3604.81
83.20 1460.15 2 6411.56 3687.44 5338.58 2697.12
86.41 1920.37 2 4130.87 7017.76 5339.38 8510.19
87.40 1570.07 2 6120.41 8170.28 6569.09 9674.87
91.05 1552.30 2 5931.62 8254.77 5111.76 6936.64
94.28 4513.80 2 4423.10 5948.01 7406.86 9334.99
101.71 4285.29 2 7871.42 1660.51 3672.04 806.74
108.14 3106.81 2 6211.74 7154.23 3110.83 7345.58
110.60 3630.12 2 6467.29 4238.32 9274.55 6539.86
115.11 1055.40 2 1981.15 4350.64 925.80 4341.40
122.33 2316.48 2 5654.94 2645.43 5873.00 339.24
122.82 6040.89 2 7980.95 2275.80 9826.12 8027.99
130.77 3638.51 2 1829.72 1915.04 1948.54 5551.60
131.86 3493.09 2 9490.06 7368.10 6285.81 8758.95
133.86 2393.10 2 7851.57 8155.75 5624.72 9032.12
134.40 6019.81 2 9223.27 6893.40 8155.91 968.97
138.08 6004.14 2 8168.80 568.70 2457.30 2420.33
139.77 6988.74 2 6793.17 7547.63 6390.87 570.47
143.94 5096.97 2 2655.14 1360.89 7749.55 1199.19
150.08 804.00 2 9784.94 2781.65 9230.16 3363.56
152.03 4401.49 2 1713.95 5178.72 3360.63 9260.57
157.66 6583.09 4 1380.72 914.10 1285.95 753.87 6494.04 1548.36 6748.97 2647.78
158.63 3731.61 2 8062.27 8023.27 4968.39 5936.93
158.97 3848.51 2 5463.37 1259.06 7417.16 4574.74
159.68 5784.25 2 8325.19 1086.68 6854.19 6680.75
160.65 532.36 2 2101.96 6992.12 2170.23 7520.08
161.35 2667.44 2 5844.88 2465.25 6346.21 5085.16
162.43 4621.62 2 8082.95 3607.12 7883.63 8224.44
162.45 3322.44 2 5735.05 9916.42 8544.34 8142.59
164.49 1324.59 2 794.55 1227.70 159.08 65.50
168.97 4748.49 2 4923.41 4824.24 2852.74 9097.47
170.21 1510.60 2 1358.57 8694.49 1312.57 7184.59
171.60 2780.02 2 7259.09 3361.23 7984.38 6044.97
177.51 7675.50 2 8125.18 9675.02 6888.26 2099.85
177.85 7292.60 2 277.68 115.80 1024.61 7370.05
183.85 2392.30 2 3665.83 807.69 5524.31 2314.06
184.73 8736.70 2 9348.95 1916.49 932.45 4260.05
186.12 4905.84 2 8653.44 6532.25 3798.39 5828.10
187.41 4270.27 2 8927.56 1041.53 4769.24 2012.92
189.60 3779.98 4 7863.58 4993.75 7256.48 4930.12 9103.27 5699.09 8740.82 6810.54
190.02 6200.83 2 4958.37 455.71 4970.74 6656.53
192.29 8114.37 2 1135.43 8359.67 9009.80 6400.78
197.13 9256.74 2 9775.97 2450.61 2474.61 8140.72
198.49 4624.66 2 6490.85 2311.39 6803.97 6925.44
198.71 8835.61 2 8882.99 8060.65 4689.96 283.34
199.70 7985.08 2 9462.32 7482.63 3655.37 2001.66
200.89 4444.55 2 5732.07 1552.94 9246.47 4273.80
201.28 5063.91 2 5636.66 3971.39 1360.76 6684.29
205.17 1558.67 2 6226.97 8412.97 4670.73 8499.91
210.42 3120.79 2 4199.99 4815.19 2729.08 2062.78
215.75 7187.49 2 9120.69 3581.29 2804.99 7012.32
216.68 4334.00 2 6656.61 1293.42 3874.63 4616.70
216.70 2735.23 2 2513.81 9966.72 5219.25 9564.13
218.84 5041.91 2 7484.57 3543.44 6231.79 8427.23
220.28 6114.11 2 1413.35 6322.33 2528.72 310.82
221.28 2764.07 2 3432.66 8745.86 682.83 9026.04
221.64 8482.18 2 3167.30 9712.26 4014.76 1272.52
222.54 6526.96 2 1571.60 3604.61 8098.26 3542.28
227.41 6170.51 2 6856.38 7738.51 2176.07 3717.33
229.74 8987.01 2 3294.50 2096.54 7631.89 9967.60
231.00 8149.85 2 880.30 6861.26 8917.30 8212.79
231.35 7067.34 2 1397.14 221.39 8464.44 243.57
235.94 5796.79 2 7330.46 8758.47 1733.01 7251.37
241.71 4485.70 2 8199.20 9947.80 4568.07 7314.09
244.76 3138.06 2 6903.29 6698.42 9976.84 6065.37
247.18 8358.84 4 5683.00 8737.90 5311.64 9477.35 9239.28 3901.75 9378.31 4599.29
247.64 5282.07 2 1619.35 4768.28 6498.49 6791.71
249.08 4254.01 2 5692.51 7872.97 9712.51 9264.45
253.04 5351.92 2 9773.03 9473.73 4423.53 9312.53
254.63 8831.62 2 4271.38 8067.32 488.09 87.09
259.10 4554.86 2 4764.03 1113.99 263.46 1815.15
261.40 3369.86 2 3233.49 4135.27 378.03 2345.77
266.76 5437.97 2 1196.94 119.20 3793.55 4897.17
267.30 4165.08 2 8294.56 6967.22 5254.85 4119.75
271.22 5061.02 2 5603.15 5594.32 654.93 4531.76
274.81 4740.33 2 5171.94 516.71 9787.05 1599.09
286.72 8135.95 2 8631.67 8010.20 4394.49 1064.70
287.86 4993.06 2 275.19 6552.09 4775.89 8714.11
290.69 7334.51 2 3385.10 3565.07 7931.42 9320.60
304.25 5612.43 2 2792.77 1799.88 5962.09 6431.80
307.06 9052.89 2 2285.82 8500.06 9317.75 2798.60
313.54 7876.76 2 7697.37 5784.68 798.12 9585.17
318.84 7942.24 2 7565.90 677.12 1937.10 6280.32
319.71 9585.40 2 236.68 2132.77 9649.91 3941.38
320.88 6743.94 2 7161.82 2.59 587.92 1507.43
323.38 8469.14 2 1331.94 4404.66 9633.90 6079.11
326.38 9719.17 2 9181.22 2706.24 303.99 6663.14
333.20 7759.83 2 1927.70 9465.04 9413.41 7420.77
335.30 7264.87 2 9437.67 1212.39 5843.43 7525.85
335.37 6868.72 2 6238.37 7215.81 9460.76 1149.88
337.64 7082.17 2 753.86 3278.53 6206.81 7797.65
347.72 8586.15 2 9045.59 1054.50 1301.79 4763.34
416.31 12215.69 2 303.21 8099.00 9881.44 517.40
