60.69 2434.66 2 4535.74 7001.12 4026.59 9381.94
64.46 2323.13 2 843.53 8406.81 1804.49 6291.75
71.15 2157.50 2 5706.18 3273.93 3979.30 4567.26
90.86 2743.12 2 377.88 3308.82 339.11 6051.67
92.90 2545.22 2 1299.88 8824.91 3377.21 7354.25
98.93 2646.36 2 4518.64 5456.92 4578.85 8102.59
102.11 5105.28 2 4913.06 7312.29 6064.94 2338.65
104.70 1535.02 2 1679.20 8997.67 1759.07 7464.73
105.71 3685.48 2 2685.17 4299.61 6089.61 2888.04
108.53 5326.32 2 4260.21 8263.34 8747.33 5393.60
110.91 3645.28 2 7296.37 6623.14 5422.82 9750.09
112.68 2433.79 2 7497.64 7905.28 5321.41 6815.63
116.15 1707.56 2 6835.26 7393.61 8467.43 7895.35
118.28 3713.81 2 5122.06 6295.16 6472.71 2835.66
121.95 4097.40 2 5982.23 6914.06 5073.61 2918.68
123.42 5670.83 2 7191.83 4286.89 6807.45 9944.68
123.60 879.78 2 1941.60 6281.28 1199.78 6754.27
124.10 3104.81 2 8340.88 3201.16 5768.04 4939.07
126.38 5918.95 2 9597.67 229.19 7856.08 5886.12
134.45 6022.54 2 2359.50 4050.85 7798.86 1465.44
135.70 2184.98 2 9450.24 3890.77 9686.28 1718.57
140.63 4031.73 2 9153.18 5058.05 7185.40 1539.15
144.94 3646.87 2 3318.77 4566.35 383.16 6730.11
147.80 7189.81 2 8766.43 8480.76 1772.17 6815.32
148.19 4509.31 2 5321.97 3844.74 1499.17 6236.41
149.87 2793.56 2 9460.65 2216.52 6945.98 3433.25
151.33 7266.51 2 3184.42 291.57 2289.08 7502.71
152.45 3422.45 2 8303.08 2221.97 9406.05 5461.82
160.32 5516.14 2 1790.42 8951.96 4016.53 3904.96
164.07 5803.45 2 9129.19 6952.80 4414.06 3569.38
165.69 4784.46 2 8677.88 7555.67 3901.54 7276.89
166.62 2530.88 2 4536.77 3267.68 3277.66 1072.22
167.74 3487.18 2 9395.79 1062.11 7106.15 3692.31
171.07 5153.30 2 3686.81 6955.02 8830.20 6635.70
175.11 7555.72 2 9370.59 6867.47 4049.35 1503.41
176.60 1830.12 2 3244.55 7729.26 5064.39 7922.96
176.63 7331.45 2 5941.71 394.35 5906.33 7725.71
177.88 8094.15 2 7924.04 3650.86 22.51 5406.21
179.54 977.11 2 8773.72 8830.84 8270.76 7993.12
185.63 5381.29 2 4606.86 3940.67 1403.54 8264.68
188.66 8432.99 2 3278.91 1592.17 9921.51 6787.47
190.03 2701.42 2 3483.16 1627.90 1368.50 3308.93
190.10 2904.78 2 7325.02 1316.34 4780.14 2716.82
195.61 7080.37 2 6155.83 2749.00 7802.48 9635.24
197.19 4359.26 2 4812.17 4842.49 468.90 5215.43
201.11 3955.56 2 4262.50 8515.59 457.92 9598.00
202.96 5348.18 2 6079.38 6864.37 1022.21 8604.50
204.13 5706.40 2 7614.98 7224.21 9321.61 1778.99
204.69 3134.51 2 4497.80 4422.01 2986.50 1675.90
205.55 6977.47 2 6.55 6435.49 6823.39 7924.05
212.62 3331.07 2 6693.15 5413.49 3395.36 5883.21
213.44 3971.81 2 1297.76 8447.02 5267.83 8564.53
213.60 4780.05 2 7289.32 3661.10 8860.99 8175.39
216.57 5828.32 2 256.59 6458.21 5189.35 9562.59
217.40 5669.86 2 4877.68 6801.03 8248.62 2242.07
219.37 4768.75 2 2657.54 8466.05 6971.26 6433.12
219.38 7169.09 2 8524.82 2683.22 1825.56 5235.85
222.66 5433.06 2 8385.63 2101.86 3075.80 3252.46
223.42 3270.93 2 6473.40 2320.90 9584.61 1311.28
225.65 9582.48 2 5467.26 161.66 1583.37 8921.77
226.83 8741.65 2 1959.89 7691.07 6567.27 262.18
227.33 10266.74 2 6595.55 148.32 3350.51 9888.73
230.37 4318.51 2 4927.12 3378.91 3372.85 7408.02
232.34 6216.78 2 5123.10 5769.65 9263.19 1131.97
234.00 10399.85 2 728.62 6513.02 9370.67 727.53
239.35 5567.65 2 3538.60 4566.33 6157.19 9479.75
239.91 9195.34 2 634.81 6278.19 9733.57 4948.98
241.93 6096.72 2 4758.56 8458.75 5245.25 2381.49
245.89 2994.71 2 926.04 3771.56 81.15 898.51
249.67 8483.71 2 6113.87 1856.89 2466.25 9516.40
251.31 2765.31 2 3631.87 6277.35 4838.33 3789.10
251.42 6971.04 2 7046.86 5819.77 2691.34 376.91
252.59 8229.51 2 2607.28 6844.69 9159.97 1866.02
255.06 4153.12 2 2220.86 4490.04 6373.22 4410.64
257.39 6369.48 2 1220.14 5917.35 4728.88 601.42
261.67 5483.68 2 9104.87 9676.34 8124.18 4281.07
277.89 5094.62 2 3662.94 5153.14 7387.48 1677.09
278.53 6526.27 2 9645.35 7966.02 3173.27 7126.76
280.59 4629.49 2 2447.48 2623.90 1601.51 7175.45
288.04 6602.23 2 428.75 8016.21 3725.04 2295.73
291.03 6151.29 2 5247.92 3830.68 5864.34 9951.00
291.71 6085.68 2 4906.29 4995.84 8503.42 9904.63
292.39 10319.53 4 9015.18 5725.94 9495.77 5586.85 1031.03 4049.01 156.32 3204.41
294.66 5533.05 2 1432.13 8411.67 70.84 3048.69
297.53 5376.60 2 4631.86 242.25 1650.59 4716.61
302.94 6946.80 2 337.89 2040.91 6330.05 5555.46
306.42 8421.13 2 8090.98 8093.92 4281.52 583.69
311.90 6694.89 2 3688.34 2091.51 9586.92 5258.28
316.84 6742.01 2 7370.46 1904.24 629.16 2001.81
318.09 7604.59 2 1821.49 1003.69 3032.62 8511.22
318.96 6947.83 2 8053.85 1728.74 5433.65 8163.56
321.50 6374.94 2 8998.52 4800.80 3208.49 7468.27
323.44 6271.88 2 8627.38 9421.38 3254.34 6186.12
332.53 7026.30 2 5186.81 870.92 4560.27 7869.23
333.71 9185.55 2 6136.48 1777.75 1288.97 9580.05
335.78 9089.16 2 3322.95 1361.25 8510.13 8824.90
342.88 9043.75 2 8684.85 692.43 55.70 3399.30
354.43 11421.68 2 1091.05 9503.87 7924.54 351.92
378.46 10222.98 2 9494.58 6431.46 1497.05 63.65
