37.11 855.46 2 8966.54 3329.68 8481.64 2624.92
46.19 1109.34 2 6821.87 5002.25 6328.72 5995.95
46.56 2227.85 2 3491.81 4217.04 1272.31 4024.35
48.99 349.66 2 2615.30 7629.00 2702.61 7967.58
65.85 1292.27 2 8016.48 2813.18 6758.74 3109.93
75.26 3563.17 2 5005.79 3946.62 7702.77 1618.00
79.78 1788.77 2 4353.31 1239.74 3523.04 2824.15
84.13 2406.40 2 2465.31 3921.77 3252.63 1647.81
101.85 2792.47 2 3255.50 3414.87 863.13 1974.57
114.42 5321.01 2 7456.06 5843.61 3090.79 2800.98
117.66 5583.15 2 7559.16 8863.79 3546.55 4981.72
121.14 5456.76 2 7836.44 1197.33 9037.43 6520.29
126.19 4709.34 2 445.37 5949.37 4851.06 4285.72
131.69 2284.50 2 45.77 6867.45 2299.10 6491.35
133.75 3387.34 2 7333.03 2482.31 4067.10 1583.57
135.16 3358.16 2 2474.58 1546.51 4094.26 4488.25
138.61 5630.52 2 7915.52 7385.40 2858.06 9860.24
139.33 5266.71 2 209.18 1893.51 5475.81 1923.33
144.15 2607.46 2 2063.93 1073.03 4501.85 148.14
145.24 1761.91 2 5441.77 942.47 4846.87 2600.91
147.71 5985.26 2 2569.51 6598.60 8392.80 7981.62
148.03 6901.49 2 371.25 599.27 5640.69 5056.12
151.38 1769.06 2 2356.81 3800.56 596.05 3971.78
152.04 4401.92 2 1843.31 6183.03 4887.13 9362.98
154.15 3807.43 2 9756.31 2895.29 6070.97 1938.82
156.05 4202.30 2 3357.43 5066.09 5086.98 1236.21
158.67 7933.55 2 9953.28 3696.92 2316.34 1547.88
158.88 4144.24 2 6401.65 4578.04 2942.23 6859.95
161.38 5168.98 2 6386.13 5105.54 2738.70 8768.15
162.45 6622.64 2 1145.04 2191.95 7302.94 4629.07
164.08 5403.86 2 4812.43 66.28 4019.63 5411.67
165.78 2388.97 2 9505.75 4103.98 9888.60 1745.89
166.87 5343.50 2 9226.61 6971.24 4386.02 4708.13
167.51 5275.73 2 1512.97 1881.47 3068.53 6922.66
175.74 7886.94 2 824.86 8342.77 7699.97 4477.97
181.73 7986.63 2 1047.89 1853.55 2612.36 9685.46
182.14 6507.03 2 723.94 88.94 6670.13 2731.70
183.22 6661.03 2 5333.62 9388.54 8630.89 3600.85
183.84 2591.98 2 8900.08 4964.19 6516.11 3946.84
187.43 4371.68 2 3980.13 2795.48 8178.05 1575.19
188.38 5419.14 2 729.24 4170.82 3465.78 8848.26
196.20 5709.89 2 1569.83 8663.33 7276.84 8844.79
197.52 7476.09 2 8172.55 4302.42 1524.36 882.85
201.45 4372.44 2 3775.80 4263.07 5001.08 8460.32
203.23 4161.59 2 1435.52 8628.24 4944.57 6390.97
207.17 8458.64 2 8989.54 8167.52 6701.17 24.31
209.53 5176.74 2 6444.51 3653.64 1939.47 1103.49
210.94 1646.96 2 4110.91 5986.53 5232.41 4780.41
212.63 9931.26 4 895.51 3368.52 368.23 2777.45 4960.36 9328.37 3826.55 9437.39
218.25 7212.57 2 6345.59 2928.97 3848.04 9695.31
220.93 2446.50 2 4018.18 3112.86 6001.54 4545.22
222.07 6403.68 2 2433.26 412.31 2073.72 6805.88
224.24 7712.06 2 9158.90 4295.45 2914.20 8820.88
225.53 8576.56 2 1325.24 9677.42 3620.28 1413.63
225.79 6089.60 2 2220.82 5285.06 6931.23 9144.50
227.61 1980.30 2 4438.01 1448.11 6301.49 778.03
229.82 6391.08 4 4233.75 5377.46 4618.46 5329.49 8687.15 8713.04 8897.58 9392.85
230.39 3819.30 2 1772.71 6519.72 2845.45 2854.16
232.78 5338.86 2 4262.62 6412.24 9427.65 7763.49
234.71 3235.31 2 8833.35 2916.41 6408.84 5058.60
238.50 2125.04 2 833.96 4057.05 906.35 6180.86
242.08 5303.84 2 6117.87 6425.67 1839.35 9560.16
243.25 7362.61 2 2216.08 1997.06 6541.85 7954.89
245.40 7770.05 2 1913.90 3968.32 9019.41 7112.41
246.43 8121.35 2 4088.70 2606.34 8149.83 9639.37
247.38 6968.78 2 2760.31 8852.96 8940.94 5633.68
249.68 5483.97 2 2144.24 5523.45 7628.00 5571.53
251.27 6363.58 2 7818.20 9931.30 1464.17 9582.87
251.93 4696.38 2 5342.61 5296.50 1717.84 2310.37
253.52 8275.75 2 8975.64 6461.67 2092.37 1867.26
254.74 5836.78 2 5309.75 4183.99 3741.69 9806.20
257.10 5254.81 2 3911.52 3978.04 395.63 72.72
261.48 5273.96 2 8253.25 8928.13 4488.84 5234.36
267.12 7755.99 2 865.87 3175.21 8034.67 214.89
267.19 3859.59 2 2270.21 3625.70 5875.60 5003.24
269.05 4452.43 2 3503.86 9780.70 6495.67 6483.24
274.29 4614.41 2 2801.43 9181.14 5441.55 5396.63
277.96 7198.14 2 7090.97 8842.75 642.96 5643.31
282.80 6739.91 2 178.90 6191.21 6027.72 9540.50
282.90 5744.96 2 5506.68 9507.25 8929.18 4893.03
286.51 7025.52 2 9736.62 827.57 2805.74 1976.83
287.92 6195.88 2 4535.14 6790.02 9640.71 3279.74
292.35 6517.72 2 1526.76 7846.70 2072.13 1351.84
295.96 7598.04 2 9538.18 4710.44 1959.65 5254.54
306.12 10405.99 2 6647.47 8870.37 958.36 157.24
306.90 5744.77 2 2827.53 2094.78 1099.91 7573.62
309.46 6773.13 2 521.12 4755.52 6291.74 8301.67
311.98 9198.80 2 3373.51 9554.68 1253.73 603.45
313.69 7384.29 2 371.73 2967.15 6707.67 6759.72
317.84 6191.89 2 6733.30 5806.87 2646.42 1155.32
322.00 9599.88 2 2890.91 773.87 8664.48 8443.52
345.15 7357.46 2 1998.96 9212.85 2088.01 1855.93
349.39 8269.66 2 3608.70 136.11 7416.84 7476.77
356.15 11707.62 2 1318.27 9331.00 9592.00 1047.65
363.84 10691.80 2 261.66 520.49 8455.19 7389.32
368.08 11304.11 2 8095.24 9328.56 1137.11 419.72
368.08 9604.22 2 1737.00 9823.34 7535.21 2166.85
388.11 10105.73 2 9693.06 6170.73 542.12 1882.85
