67.20 2560.09 2 7734.74 7434.82 7923.47 9987.94
68.02 101.25 2 7640.91 9332.90 7685.35 9423.88
75.49 3074.41 2 249.52 8236.27 3162.13 9220.49
80.93 3646.43 2 346.07 4514.71 1602.48 1091.57
84.52 3225.97 2 4739.61 62.89 2568.35 2448.78
85.29 3964.53 2 4613.95 6153.36 894.75 7526.35
92.33 3316.67 2 1442.25 6479.46 153.97 3423.21
94.70 2734.96 2 7202.00 241.06 9706.75 1339.37
100.64 3531.85 2 7325.68 9365.19 7304.25 5833.41
108.45 2922.37 2 7574.48 2855.36 6066.50 5358.61
112.41 5520.38 2 6049.15 300.25 957.80 2433.95
113.12 5155.86 2 5405.36 3806.75 412.56 5093.16
113.37 2168.35 2 1973.80 3260.35 2304.61 5403.32
121.06 4352.91 2 1802.95 6170.24 2082.44 1826.32
131.57 4278.50 2 1104.40 9550.83 5370.24 9221.87
132.02 4000.96 2 4136.24 4789.69 4279.60 8788.08
133.93 6096.65 2 8846.00 6550.86 4956.14 1856.38
134.33 2616.35 2 14.90 2081.37 2178.04 609.60
137.53 1976.52 2 5319.33 7733.34 7267.56 7400.13
148.74 3237.21 2 181.74 5189.97 2486.67 2916.91
151.59 5379.53 2 1119.47 370.55 1057.69 5749.72
152.74 6037.24 2 3050.91 8232.93 7978.36 4744.60
159.55 5077.62 2 4561.87 236.36 7492.01 4383.22
161.97 998.71 2 3115.73 9510.35 2222.69 9957.46
168.46 6023.06 2 909.19 8054.23 5404.93 4046.03
170.48 4924.17 2 5098.62 2704.19 9445.49 390.73
170.63 3531.26 2 6177.76 3882.05 5417.77 7330.55
170.93 4746.40 2 2743.21 1874.92 7144.16 97.28
173.04 6551.87 2 9480.19 8271.61 3590.90 5400.50
182.34 8016.93 2 537.94 9783.71 8250.53 7595.76
183.29 7764.57 4 2146.74 5877.13 2016.00 6079.29 7553.29 1419.16 7303.62 1278.58
186.43 3921.58 2 9724.41 5150.50 6842.97 2490.41
187.12 3355.91 2 120.38 3630.19 3239.42 2391.74
191.17 9558.39 2 9584.36 5833.92 99.76 4648.46
192.71 4935.40 2 7529.69 6277.76 8204.00 1388.64
193.06 2452.92 2 173.97 2946.59 1594.70 947.01
194.00 7900.05 2 6415.53 3531.22 943.73 9229.49
194.85 2842.53 2 700.28 2620.80 3247.62 1359.43
195.42 8571.01 2 2931.36 7865.18 9023.91 1836.67
196.90 1644.95 2 6548.64 2644.92 5323.52 3742.61
197.29 4164.44 2 6621.53 5552.96 3693.80 2591.38
197.53 5576.52 2 7143.17 4033.06 2392.73 1112.30
200.60 4830.18 2 8666.01 5476.13 4800.29 2580.13
200.62 730.77 2 4588.47 9527.14 3942.41 9868.66
201.80 1689.96 2 8148.97 8912.05 9134.46 7539.19
203.55 9977.59 2 3335.38 7979.41 9656.97 259.97
204.66 5433.15 4 4944.72 9338.19 5069.96 9206.51 7421.65 5819.72 6526.18 5133.39
210.66 2533.13 2 1757.81 9836.09 1271.52 7350.08
212.90 6245.17 2 48.29 5161.58 5717.37 7781.45
214.87 4543.70 2 6072.10 2503.83 5820.05 7040.54
218.08 8104.10 2 9991.27 9078.55 5002.00 2692.34
223.19 9259.30 4 4703.25 789.03 4371.83 436.12 4656.19 8183.41 4036.64 7369.77
226.73 3936.54 2 5489.52 6866.19 9382.68 6283.42
227.92 8296.04 2 325.29 2915.76 8463.71 1306.29
228.31 7515.48 2 659.18 1665.00 7434.80 4916.68
229.20 2760.08 2 8521.30 2998.46 8252.17 251.53
229.76 10588.12 2 1109.59 1671.84 8077.43 9644.13
229.88 8794.15 2 9806.65 6744.65 1269.02 4636.09
231.23 3261.47 2 4977.58 4293.83 7514.30 2243.88
232.48 6523.90 2 3002.02 9889.92 9509.55 9428.03
237.80 5090.20 2 8906.83 1407.38 5308.78 5007.97
239.79 8289.31 2 1577.20 2240.01 9654.64 4102.18
244.77 9238.45 2 6573.49 9764.22 9767.21 1095.35
244.96 6447.82 2 5012.49 7592.30 9628.53 3090.46
246.46 3223.16 2 4218.56 4911.69 4098.32 1690.77
248.55 2527.63 2 8298.69 6623.91 5781.81 6391.12
250.29 4814.57 2 4646.48 1728.93 553.81 4264.71
257.86 3093.00 2 8562.59 2695.62 6235.45 4733.05
264.37 6718.37 2 8101.13 7063.40 5390.75 916.02
276.68 4833.77 2 4918.18 1489.01 2348.78 5583.34
277.27 6563.46 2 7715.90 9504.18 5516.60 3320.16
278.04 8301.92 2 824.82 961.21 8823.80 3183.41
278.19 7209.60 2 5964.64 7670.58 9681.46 1492.92
287.77 8088.63 2 8632.30 4319.42 1482.70 536.69
287.78 5488.90 2 7435.22 6259.22 2049.58 7318.89
287.84 4992.02 2 5093.88 8473.04 7035.92 3874.27
291.80 6489.94 2 9252.30 4272.16 3508.47 1250.93
292.97 10048.74 2 231.43 9549.45 8503.95 3844.83
294.64 6932.13 2 235.32 852.53 5615.58 5223.72
299.67 5483.51 2 3510.82 6987.90 4001.89 1526.43
303.46 6372.83 2 6220.39 3328.96 68.44 4992.21
305.60 9180.22 2 4128.73 299.71 3216.52 9434.50
305.70 8285.18 2 2274.02 9127.43 6371.73 1926.53
310.27 10213.63 2 2449.44 506.62 9213.59 8159.36
310.70 7635.22 2 4582.81 296.25 7234.06 7456.38
312.15 9707.36 2 9727.78 1891.13 2597.74 8478.64
315.77 6588.61 2 9402.01 7568.62 7494.53 1262.18
326.22 7810.84 2 3120.57 7254.06 9706.45 3054.62
329.67 10083.47 2 585.60 1379.48 8812.35 7210.18
332.18 6908.76 2 4419.30 9977.90 8523.01 4419.98
333.28 11163.97 2 1187.41 967.81 8350.33 9530.92
348.61 8830.44 2 1777.04 1443.27 4398.06 9875.76
356.38 10219.06 2 6655.59 8922.54 1144.22 317.07
360.63 10531.36 2 7863.02 9745.53 3459.52 178.99
372.45 9022.48 2 1300.22 9835.65 9563.93 6214.01
374.21 14710.28 4 9388.00 1483.84 9992.72 1213.18 145.45 9026.62 1191.11 7983.21
