48.61 2230.53 2 2183.42 8030.69 3814.85 6509.61
64.34 717.24 2 110.80 4169.53 726.71 4537.05
79.64 2281.90 2 7168.50 4517.69 4984.13 5177.71
95.44 3471.92 2 4249.14 5012.32 791.59 5327.88
98.88 4343.85 2 6576.29 3739.35 4078.22 185.67
99.36 3168.10 2 2764.45 7123.00 4111.14 9990.63
99.97 4998.65 2 4562.89 6356.03 8044.65 9942.65
101.50 4075.13 2 3767.23 7610.45 7.69 9182.91
106.25 4212.72 2 2936.44 3754.33 1329.58 7648.55
106.37 5018.71 2 6419.25 3340.08 5219.21 8213.20
112.44 1722.24 2 7924.09 7411.91 6613.35 8529.07
112.70 5134.89 2 2952.35 6619.24 6577.50 2982.57
119.95 2497.35 2 1895.99 7644.36 846.38 9910.42
122.34 2917.13 2 4338.28 3011.08 2470.59 5251.92
123.03 6051.36 2 4212.79 6725.18 8823.63 2806.11
124.58 4029.13 2 4846.02 9113.71 8874.65 9050.79
129.52 4376.17 2 5853.07 1293.48 5814.77 5669.48
130.69 2034.44 2 1354.32 9085.91 3295.07 9696.21
131.60 1679.83 2 9057.44 4006.79 9153.74 5683.85
138.94 4547.19 2 3869.52 1657.86 4107.29 6198.83
145.49 2974.35 2 5914.37 5401.46 6444.27 8328.23
146.12 6405.77 2 4050.69 8163.62 7042.16 2499.26
146.26 5913.09 2 4396.15 3672.17 9416.30 6796.70
147.83 1891.55 2 7644.81 9153.52 6419.55 7712.44
152.07 2903.49 2 2321.28 5702.28 4844.79 4266.26
153.74 6186.77 2 9708.97 8737.04 8270.69 2719.77
156.95 4847.59 2 7348.04 8651.61 3998.17 5147.68
158.58 2728.94 2 8793.47 851.75 6588.82 2460.05
159.50 5175.00 2 6573.04 1543.20 9148.13 6032.02
159.51 5675.33 2 1348.88 504.98 2565.72 6048.32
160.61 5330.31 2 3769.55 9852.67 9086.81 9479.83
165.19 6259.53 2 4635.93 7754.63 9701.56 4077.53
166.29 7914.27 2 4845.53 58.70 1786.43 7357.85
167.35 1367.61 4 7773.92 6083.01 7611.40 6042.07 7864.28 6298.75 7884.62 5459.32
169.19 7659.29 2 2486.44 1826.40 9094.73 5698.76
171.37 7368.49 2 6897.06 420.29 3548.60 6984.01
181.43 7471.52 2 8771.81 5100.21 1468.70 3522.78
183.74 5586.79 2 4024.51 293.31 8968.05 2895.93
190.61 4530.54 4 9767.65 7767.88 9774.57 6880.61 9212.17 9789.97 8533.32 9749.88
199.60 5979.97 2 8707.15 7310.89 5640.23 2177.27
200.53 2726.71 2 5382.13 3471.13 2679.85 3835.27
200.91 5445.49 2 6489.65 556.11 1826.51 3368.34
202.00 6999.75 2 7101.16 4509.40 1872.91 9163.65
203.91 5395.56 2 6086.31 8004.00 6223.85 2610.19
205.80 789.79 2 410.26 6794.99 1174.84 6992.92
208.91 4445.41 2 6423.64 732.75 9905.79 3496.12
210.97 9848.36 2 900.25 9260.34 9568.24 4585.29
211.48 6373.90 2 1523.06 6355.68 5435.64 1323.95
214.94 5646.82 2 339.55 9877.37 3700.22 5339.48
216.34 4917.23 2 4047.04 127.33 4962.01 4958.68
218.01 7500.28 2 8130.98 956.46 2001.42 5278.80
224.78 5539.15 4 4907.53 1205.16 4842.79 2099.67 1633.67 2255.38 403.15 2982.70
225.65 9382.67 2 9607.30 2308.21 384.40 4032.32
226.39 3619.47 2 2605.72 7183.13 6191.55 6690.77
231.25 6162.72 2 5261.92 5718.71 9781.71 1529.35
232.27 6313.61 2 9352.43 4485.70 4084.91 1005.04
232.43 7521.37 2 1182.09 2041.25 8115.27 4957.06
233.78 4088.78 2 7289.20 8077.60 3209.61 8351.68
236.07 6003.72 2 725.43 1941.71 6604.76 3157.49
237.64 5281.80 2 4485.54 5499.50 0.85 2709.34
238.76 8138.18 2 1467.94 6169.40 7469.93 673.39
239.65 5282.57 2 4312.52 4439.31 9587.69 4159.83
240.57 3428.43 2 3993.40 9485.20 6283.42 6933.73
243.73 2286.54 2 3352.86 2756.77 3385.03 470.46
245.15 3857.71 2 3826.19 7689.45 7671.80 7384.16
247.65 9082.67 4 488.56 9475.27 496.70 9788.89 8074.79 8952.13 6983.95 9299.46
248.62 3631.09 2 3216.96 6080.80 3379.46 9708.26
249.17 5558.73 2 8848.55 6918.28 4704.36 3213.53
256.92 5446.24 2 9716.01 370.39 8139.43 5583.44
256.97 6748.42 2 2257.56 861.61 5755.99 6632.41
258.84 10342.21 4 9314.16 5834.07 9513.49 5481.62 1769.21 8925.40 2153.36 7514.96
263.52 8776.19 2 3837.44 1597.69 7859.04 9398.22
264.21 3810.34 2 6051.19 4829.68 9688.21 5965.81
282.24 7912.19 2 9659.98 1466.13 3335.26 6220.14
285.52 5275.78 2 2037.24 2367.30 7208.33 1321.51
285.71 6385.39 2 4918.97 4727.95 505.78 113.08
292.54 8126.77 2 1838.48 2939.23 9963.06 2750.62
293.30 5965.11 2 210.42 4448.16 5404.85 1515.52
295.07 5853.61 2 3821.37 6920.49 7092.94 2066.47
297.09 5654.55 2 8500.04 5031.38 5072.29 534.22
298.11 7405.72 2 3540.18 14.56 3463.17 7419.88
298.56 8628.21 2 8358.25 5976.20 709.83 1982.76
298.99 6949.52 4 2458.30 8288.75 1782.11 8042.72 126.01 3114.82 241.34 2090.06
317.93 7796.71 4 8927.88 1172.30 8561.59 1452.59 2762.91 183.75 3897.98 1002.60
333.98 11098.81 2 8495.74 67.28 2479.09 9393.77
338.94 9146.90 2 2488.76 6664.05 9218.26 468.91
342.20 7810.23 2 7686.22 4320.03 425.71 7198.34
343.85 7592.57 2 926.56 8390.96 8223.25 6292.01
345.19 8759.55 2 399.06 5137.42 9153.39 5439.88
347.80 10190.19 2 898.28 6950.77 9610.14 1664.59
357.12 11055.77 2 1286.71 2254.93 9864.45 9230.05
369.29 9364.56 2 554.94 1898.73 9854.54 2999.81
417.96 11197.77 2 9790.82 8656.53 788.61 1996.92
