40.08 703.84 2 4224.92 6291.50 3702.34 5820.01
43.91 595.41 2 4670.89 4445.95 4097.52 4606.44
44.74 1436.82 2 2256.09 6087.74 991.49 5405.64
51.10 2155.00 2 8832.73 9634.75 9130.51 7500.43
67.43 3071.35 4 4075.09 7469.84 4751.80 7648.32 5056.58 6350.00 4120.06 5902.66
79.62 3880.88 2 8895.35 8820.14 5016.02 8929.57
98.85 4742.59 2 6731.75 8827.64 2038.47 8145.57
100.71 4435.62 2 5521.50 9651.32 1086.60 9731.47
104.66 3732.94 2 6541.89 2664.01 7703.25 6211.70
118.49 3424.25 2 6282.75 90.32 4443.38 2978.62
118.58 3029.14 4 4844.31 5624.36 4319.93 5694.82 5532.46 5952.89 5026.54 4798.52
123.25 2962.47 2 5090.59 8027.28 8019.83 8469.80
125.29 5764.68 4 7679.64 1770.33 8219.09 1506.75 4548.76 2478.32 3907.89 3686.39
126.38 3318.85 2 3069.94 6797.16 2549.10 3519.43
126.78 3038.90 4 1125.45 4620.43 1791.41 5346.41 2889.75 4583.36 2526.63 5200.83
128.96 4648.09 2 8532.29 6432.52 5410.18 2989.09
131.55 877.29 2 2309.26 9189.34 3030.16 9689.29
133.73 2386.56 4 1899.54 6657.25 1315.27 5953.06 411.49 4824.68 432.66 4839.48
139.93 1096.61 2 6652.65 9546.92 5586.26 9291.26
141.21 4760.53 2 2041.40 6167.43 5931.77 8911.09
142.30 5914.93 2 9526.68 4822.78 3856.43 6506.43
145.88 5594.11 2 5031.68 1106.69 9699.37 4189.99
146.02 3300.80 2 2898.78 6018.29 612.07 8398.67
148.88 1343.76 2 1417.63 7781.19 1168.29 9101.61
156.22 3910.96 2 1640.26 1395.41 4586.81 3967.08
159.80 5590.08 2 1625.08 3261.50 6023.44 6711.62
160.02 1800.86 2 6112.82 4361.88 4776.87 3154.26
162.86 8143.17 2 9335.62 8577.95 1773.10 5558.10
163.85 7192.58 2 7371.73 7283.23 633.01 4768.71
164.60 6130.22 2 9533.41 3992.54 3844.72 1708.15
165.73 7586.62 2 1898.72 6638.24 7911.02 2011.25
169.84 5392.11 2 6178.07 5709.79 4056.28 752.68
172.88 6043.90 2 1365.04 8616.53 224.75 2681.17
174.64 4331.94 2 6667.57 5408.57 2369.61 5950.04
175.03 1051.36 2 5844.56 3052.74 6812.68 3462.75
177.98 7998.98 2 5081.02 9708.16 3493.28 1868.35
178.00 7799.98 2 7082.47 7642.54 9409.75 197.85
178.96 3348.12 2 7501.20 4277.27 8885.56 1228.75
186.06 5702.88 2 5337.04 2652.21 3160.37 7923.35
186.96 5948.17 2 9437.24 3433.63 3986.68 5815.25
191.23 4661.61 2 4032.97 5921.74 8694.39 5964.40
192.42 3021.14 2 4804.00 3887.98 5411.84 6847.34
193.84 4692.06 2 6450.49 172.87 9682.41 3574.36
199.14 2656.91 2 7171.31 4723.01 9231.36 6400.93
200.50 5825.17 2 7701.72 5.45 8772.60 5731.34
200.52 8126.16 2 6607.41 1781.95 6755.57 9906.76
207.06 8152.99 2 8698.78 5747.46 942.01 3236.73
211.24 3861.84 2 3256.80 5972.88 6007.82 3262.58
213.20 2560.02 2 3085.14 927.46 4482.37 3072.56
213.68 7883.92 2 9970.16 629.29 4378.73 6187.36
216.66 3733.23 2 8994.71 563.57 7410.22 3943.86
219.88 9593.85 2 62.74 8988.54 5382.26 1004.51
220.30 3514.98 2 5360.72 5455.78 2463.81 3465.05
221.89 5994.61 2 2927.84 5579.58 7672.54 1915.82
222.32 1716.24 2 1815.39 4451.70 3057.30 3267.15
224.91 1445.49 2 8693.57 4965.64 7352.21 4426.93
225.15 6057.28 2 4382.75 5413.62 8446.71 9905.27
227.38 4969.21 2 6089.88 3317.85 2154.55 6352.02
228.70 5134.77 2 4254.70 1782.60 9389.41 1808.00
228.90 7944.78 2 8084.27 1068.18 3808.21 7764.06
235.56 3877.91 2 3276.92 3682.43 840.33 665.60
238.75 3537.68 2 7322.49 1121.35 7894.71 4612.44
240.05 8302.67 4 1666.65 6400.10 2128.54 6796.57 8062.04 8758.38 7202.04 7597.72
240.33 6516.63 2 4144.45 6427.39 349.19 1129.99
240.69 3334.37 2 3333.70 4883.30 5343.16 2222.46
242.48 7424.20 2 9601.31 7883.03 9151.99 472.43
243.38 6168.94 2 8185.00 3742.25 3008.83 386.19
245.17 7758.39 2 4737.27 8334.08 7435.13 1059.86
252.18 4409.19 2 4716.16 7646.86 6386.29 3566.22
256.66 6332.92 2 6599.07 4395.77 294.00 4989.04
258.74 7537.18 2 7210.13 195.06 1183.15 4721.04
258.79 6139.75 2 963.89 8240.89 2317.60 2252.24
260.45 8422.27 2 3476.33 9842.48 2365.62 1493.77
260.68 3934.24 2 5349.48 1750.83 9136.09 683.17
261.55 5677.61 2 6333.07 4633.14 1570.53 7724.01
263.09 5554.44 2 3209.85 6751.07 5541.44 1709.69
263.14 5157.16 2 3359.88 522.25 8516.79 471.64
264.67 4933.46 2 1411.46 4383.60 5289.24 7433.50
268.30 9614.83 2 3266.67 1709.01 8356.94 9865.85
272.78 3938.77 2 1073.80 4248.56 4783.66 2925.37
274.93 5246.56 2 3564.07 3002.80 8057.78 5710.76
279.83 4491.36 2 6608.94 9265.82 7289.39 4826.31
290.25 5712.64 2 1248.12 2177.73 831.46 7875.15
297.67 5683.66 2 7944.04 4799.19 4752.18 96.43
302.44 7322.10 2 7128.03 3126.28 4060.80 9774.98
306.05 8302.58 2 7286.54 2181.61 1662.24 8288.99
312.48 6323.76 2 8272.10 4347.95 3159.70 625.95
313.43 7071.38 2 1994.39 2893.85 9013.02 2031.75
314.05 6802.27 2 6883.81 2396.46 6443.10 9184.44
319.12 6055.99 2 3789.00 1625.85 8090.72 5888.50
327.94 9196.91 2 6584.12 9465.05 9305.18 679.89
333.24 7062.16 2 8057.77 5118.58 1015.27 5645.25
359.16 11058.22 2 61.07 8304.37 9694.49 2874.70
368.83 9441.55 2 9804.03 4271.24 374.35 4744.34
