56.79 2839.33 2 6511.25 7107.56 8971.86 5690.81
63.56 2177.79 2 4012.73 9915.07 2155.26 8778.15
67.41 1370.69 2 9465.48 7995.55 8094.99 7971.63
72.03 2501.33 2 2297.22 2194.60 2536.39 4684.46
74.83 1541.69 2 1634.07 7970.69 2926.74 8810.80
94.00 2299.86 2 2589.44 8830.98 4625.70 7761.88
108.04 2301.94 2 8026.64 5849.33 6880.93 3852.77
112.37 618.75 2 5022.03 5185.65 5085.75 5801.11
116.44 4521.77 2 4562.94 9328.15 107.06 8559.03
117.47 4973.37 2 6236.08 2337.73 1362.92 1344.42
123.73 5486.63 2 1811.74 7516.06 7298.33 7538.92
127.54 5777.14 2 8150.67 6095.02 2803.31 3908.43
129.98 6298.95 4 8047.18 896.71 7924.04 466.67 6626.64 4872.96 5401.84 4584.53
136.31 5415.33 2 1419.94 4783.88 6099.61 7509.04
139.14 4857.23 2 9172.71 163.86 4542.19 1630.44
139.64 4182.07 2 3597.61 5416.24 5368.23 9204.98
147.71 4085.35 2 7394.98 9471.54 4854.68 6272.01
147.73 6886.28 2 7939.39 8347.15 9472.49 1633.70
148.64 5832.21 2 3701.95 560.50 9415.62 1730.42
149.21 3560.67 2 8629.54 4847.31 6935.86 7979.38
151.50 5875.12 2 2308.30 5817.21 7695.82 8160.65
160.52 4526.10 2 1299.91 859.53 471.46 5309.16
165.71 5685.30 2 3211.15 2604.50 1058.71 7866.60
167.20 1360.08 2 7043.72 1570.34 8189.22 837.08
167.22 5860.81 2 1015.90 9173.44 6421.93 6909.84
167.40 3270.16 2 3305.94 2709.62 208.10 1662.10
169.16 4357.83 2 6194.26 2518.19 3549.60 5981.78
171.80 689.92 2 4804.42 8319.08 5207.81 7759.38
173.21 8260.51 4 3020.98 8414.72 3151.89 8986.45 584.45 2283.81 566.66 2779.94
174.33 5516.69 2 7582.49 2817.47 2547.22 5071.33
175.73 7586.47 4 677.21 6922.58 1540.86 6776.38 6703.28 4277.76 6289.22 3394.78
177.72 1585.84 2 7112.29 5383.26 8697.30 5434.40
180.30 6715.10 2 584.90 8143.24 7222.12 9162.92
181.73 3386.57 2 9212.82 4741.65 7947.90 1600.18
183.02 3651.23 2 3972.61 6346.61 2092.03 9476.29
183.21 9060.57 2 2805.80 7532.63 9592.63 1529.91
184.25 4612.25 2 6791.27 6850.99 2606.73 8790.70
186.53 2826.74 2 8266.68 7227.20 6640.80 9539.55
189.51 3875.68 2 5977.33 3165.32 2331.71 1849.87
190.21 4110.45 2 6818.71 4968.35 6239.14 9037.74
190.33 1816.72 2 8368.20 9.60 7946.12 1776.61
191.55 4777.44 2 15.08 5395.78 1955.02 9761.62
192.19 1209.51 2 1830.22 3056.38 639.64 2843.22
196.08 5403.86 2 2497.73 5575.56 1817.88 214.64
206.66 6933.20 2 4513.70 7694.21 763.09 1863.07
207.93 5696.66 2 3825.00 9581.14 9087.72 7400.38
210.59 4629.51 2 3492.90 837.15 8095.21 1338.21
211.39 1569.31 2 1608.84 6983.09 1108.94 5495.53
213.28 6664.14 4 9325.32 5982.64 8601.81 6138.50 3525.22 5877.57 3775.23 5074.87
214.67 4433.27 2 7574.51 7011.31 4022.23 4358.92
214.90 8944.89 2 1706.27 290.43 2708.53 9179.00
215.78 4389.04 2 4632.72 7202.02 1541.69 4086.06
218.30 10114.83 2 7587.76 1989.70 1334.77 9940.16
219.94 2196.93 2 4465.14 8253.82 4062.51 6094.10
220.52 5026.12 2 6541.20 5727.05 9274.46 1509.09
227.69 3184.30 2 1293.01 2961.94 1802.93 6105.15
227.96 4798.11 4 427.45 3769.83 584.88 3093.04 3352.24 2592.09 3055.95 1335.65
228.96 8748.06 2 6007.20 8622.66 9256.59 500.46
230.04 11202.16 2 8892.69 644.11 2634.96 9935.47
230.16 7808.03 2 5527.99 8073.42 7427.47 499.97
238.83 8941.54 2 8722.10 640.89 1555.52 5987.97
238.93 7446.40 2 8571.55 1496.54 1129.87 1761.48
240.89 6744.26 2 3493.61 6120.77 8749.56 1894.66
243.13 7856.65 2 1755.03 9053.16 9453.46 7484.38
244.09 5504.46 2 5143.72 6463.07 5512.25 970.96
245.73 3386.35 2 9767.64 2776.85 6906.55 965.35
246.21 8510.34 2 9163.31 9759.98 739.34 8550.58
246.68 7433.95 2 2944.28 4428.19 9048.44 185.22
248.98 6249.23 2 7686.05 2183.66 1516.35 3177.46
254.55 4127.41 2 7327.39 9376.61 9170.37 5683.52
258.37 5118.54 2 9280.69 9155.66 4978.28 6382.81
261.56 4577.81 2 6117.34 5318.98 7958.38 1127.68
261.91 3595.61 2 3266.37 1794.60 2442.72 5294.60
262.93 7346.38 2 3586.93 1536.11 4183.61 8858.22
267.66 9783.01 2 9660.10 419.64 6968.89 9825.20
274.94 6246.93 2 7635.76 1097.35 3267.17 5562.72
275.07 6553.34 2 3721.13 2960.73 6627.46 8834.36
279.62 6880.91 2 8505.04 943.61 8288.36 7821.11
280.08 4603.95 2 3960.30 8729.68 38.49 6318.08
284.80 4339.99 2 5339.82 4321.96 8226.35 7562.87
286.41 10120.68 2 7352.19 8974.00 1093.92 1020.24
290.12 7606.21 2 404.47 2726.11 5344.33 8509.91
294.65 7932.62 2 2047.63 1069.69 6547.01 7602.83
300.95 6747.33 2 7148.59 4361.19 1448.31 751.04
303.34 7167.22 2 9597.63 6378.06 2817.69 8702.16
322.41 6820.55 2 9362.46 7479.96 5392.41 1933.92
325.02 7050.88 2 6881.89 1680.92 21.31 53.83
327.46 8273.20 4 7489.34 7750.71 7783.53 7673.06 1187.52 4353.44 624.48 4511.02
328.37 7718.31 2 8618.72 8658.41 900.48 8627.01
332.79 6939.30 2 1618.39 4179.30 8103.17 1709.16
335.54 7176.76 2 2349.43 7097.84 9353.18 5531.51
340.02 10900.82 2 2858.38 713.36 9240.61 9550.50
350.27 10113.60 2 5357.85 9914.34 2979.54 84.36
367.81 9290.50 2 570.13 8751.83 4222.48 209.37
