16.40 819.91 2 1852.80 5555.51 1033.98 5513.32
59.85 2792.63 4 1917.04 6706.18 2081.69 6887.65 1664.12 8341.99 1097.34 7476.59
73.78 2489.09 2 6586.23 6094.22 7923.69 3994.99
76.48 2423.79 2 4146.03 7686.97 2376.80 9343.64
89.27 2163.38 2 4288.88 4019.03 3554.82 6054.06
89.38 2869.17 2 8232.06 5524.45 7398.48 2779.04
100.50 3724.83 2 7822.38 4560.69 5045.69 7043.49
108.01 1800.55 2 8412.63 2058.44 9905.32 1051.55
118.89 5344.38 2 5210.64 6020.85 5788.13 707.77
120.48 4923.84 2 5585.90 9188.27 9023.87 5663.42
123.44 5171.82 2 9966.60 32.97 4794.86 61.30
124.49 5524.68 2 806.44 4263.82 5785.98 1870.86
124.56 5427.80 2 808.75 1911.69 2494.46 7071.09
125.63 6181.28 2 7950.36 5112.89 1907.24 3813.27
136.52 1125.88 2 7811.04 7107.73 8007.37 5999.10
138.86 5443.07 2 8118.67 9119.53 3584.03 6108.87
139.65 3882.62 2 7254.80 7501.17 3533.05 8607.19
141.12 5155.88 2 3274.06 673.21 2941.45 5818.35
145.10 5155.20 2 9238.40 995.02 5966.50 4978.84
145.80 6990.21 2 5492.81 4264.79 213.42 8846.39
146.12 4605.90 2 7868.46 4661.22 9605.40 395.38
146.17 3408.27 2 5814.65 2594.16 8305.24 267.51
146.86 6442.94 2 7199.15 3461.81 8150.96 9834.06
151.50 2975.18 4 1915.60 7594.88 1859.11 6867.83 2815.49 6065.82 3463.65 6824.42
153.11 2155.64 2 2320.21 9600.97 4232.63 8606.25
158.50 625.08 2 8272.39 6009.51 7672.07 5835.29
158.71 4935.36 2 631.28 7924.52 5263.28 6220.88
164.65 3732.29 2 6344.07 4705.82 4456.15 7925.41
165.93 3096.54 2 1105.25 1219.59 3362.28 3339.58
167.41 3270.59 2 2942.29 3950.98 656.36 6290.06
170.48 8024.09 2 3522.82 9140.86 7732.73 2309.85
173.55 6977.51 2 1713.15 9002.25 5826.99 3366.47
173.75 6487.27 2 3426.25 6725.24 9773.27 8066.87
174.32 6115.76 2 2608.15 4198.09 7020.62 8432.78
174.36 5317.84 4 7492.04 9479.91 7585.05 9409.44 4231.12 7574.20 5543.16 7153.14
177.59 2079.69 2 9744.81 6573.21 7788.60 7279.14
178.04 602.19 2 5878.18 8767.27 6443.44 8974.88
178.99 4849.51 2 7049.84 2978.40 9518.35 7152.63
179.35 567.56 2 1354.24 9734.33 1058.53 9249.90
179.68 1983.97 2 4844.60 3189.98 3314.52 1927.06
184.06 1303.06 2 3482.42 3365.76 2190.46 3196.11
190.99 5849.25 2 161.49 5350.39 4027.50 9739.89
193.57 6778.42 2 6333.01 5449.93 1399.28 801.78
195.80 4989.89 2 9626.45 2801.04 6442.27 6642.92
198.00 6700.07 4 6747.46 7417.24 6452.00 7903.66 8516.09 3201.57 8282.99 2233.47
198.31 8115.71 2 1961.44 8461.08 1889.28 345.69
198.68 6634.10 2 1390.28 8211.03 706.06 1612.31
199.20 3960.00 2 4379.54 3710.65 635.68 5001.01
199.47 5973.37 2 8140.39 5325.47 5094.31 187.12
200.03 5301.59 2 4782.47 9147.61 107.45 6647.40
200.11 7205.42 2 7093.70 8835.20 8260.59 1724.89
203.26 6663.24 2 4980.44 8167.43 703.30 3058.13
209.02 10050.93 2 7375.94 397.32 1806.46 8764.04
209.28 2464.05 2 2824.16 7593.21 360.11 7588.45
215.90 1994.80 2 4025.32 6880.83 3670.61 4917.81
217.34 5967.09 2 2558.13 7242.37 3067.87 1297.09
221.50 4774.86 2 6358.61 1607.37 2777.35 4765.52
221.79 6889.68 2 6775.10 9176.95 1289.89 5008.00
221.98 6798.82 2 3045.52 7064.22 237.36 872.44
225.57 4778.44 2 7392.64 4098.89 5098.06 8290.36
226.22 5410.78 2 9062.23 8231.71 4911.07 4761.21
230.58 4429.19 2 5687.28 7672.31 5393.33 3252.89
230.60 5329.83 2 840.25 9709.61 2232.06 4564.72
231.74 3487.22 2 9183.94 7082.06 6775.31 4560.33
232.01 6300.41 2 7451.99 5712.25 1331.58 7207.52
237.94 5497.13 2 388.35 3612.46 5869.29 3190.85
238.31 9515.39 2 9427.82 3351.75 304.38 648.86
238.95 3347.58 2 9255.67 216.64 7560.97 3103.56
243.16 6557.78 2 6924.49 1304.77 850.86 3777.73
246.36 6217.84 2 4647.19 764.57 7898.34 6064.71
248.99 5749.43 2 1134.69 5555.21 6855.91 4986.31
249.21 3360.66 2 4834.75 5218.17 2571.12 2734.21
249.75 9987.41 2 2373.51 8829.03 9056.10 1406.67
251.65 4882.38 2 747.03 3551.15 4586.36 6567.30
252.85 3042.41 2 4632.44 470.06 2852.66 2937.58
258.43 3921.43 2 229.86 6940.56 3106.25 4275.23
261.28 4163.88 2 6928.51 8925.05 2794.89 9426.11
263.92 4995.89 2 6985.44 5033.35 5256.33 9720.48
265.78 5789.03 2 4105.78 5165.62 8474.40 8964.05
274.81 6540.31 2 6616.75 7202.93 329.68 9005.28
278.87 4543.54 2 4700.19 1149.80 156.72 1174.70
278.94 10147.15 4 538.38 4319.85 433.88 3612.23 7668.48 7814.70 8707.89 8047.90
279.31 6565.52 2 4480.58 6742.72 3162.00 310.97
282.77 8738.46 2 7598.39 9985.06 6846.33 1279.03
294.53 10326.71 2 455.41 5177.96 9725.15 626.81
297.26 6362.76 2 7402.67 4555.32 1398.38 6660.84
298.11 7305.75 2 84.33 9771.21 7388.82 9635.34
299.01 8050.33 2 400.50 6263.79 7953.59 3478.36
302.75 6437.62 2 7598.14 680.51 1247.95 1737.88
313.84 5891.89 2 3762.08 4231.45 5301.12 9918.78
315.82 6091.12 2 7858.30 291.48 2442.74 3079.58
322.71 6635.34 2 4631.86 7785.88 2309.30 1570.30
325.48 6373.83 2 8748.62 6572.69 2563.67 8112.86
357.21 8560.60 2 9611.89 592.94 2587.61 5486.14
377.12 9655.95 2 9599.29 1260.83 2923.45 8237.26
