45.38 1368.89 2 8322.86 8125.05 7114.66 8768.57
61.20 1360.05 2 9874.38 4242.51 9463.25 5538.93
64.94 2947.15 2 4538.32 2225.27 7216.60 995.45
80.67 833.57 2 5349.42 4921.55 5915.59 5533.34
81.46 1673.20 2 2233.32 2088.65 612.00 2502.07
82.03 1101.69 2 5554.06 1791.99 6519.10 2323.42
86.40 3219.85 2 8561.02 9063.49 5577.16 7853.52
95.90 2695.16 2 7143.69 5444.65 7867.39 8040.82
96.51 4825.35 2 3588.94 8483.86 6838.75 4916.96
111.34 3766.87 2 1405.59 6495.02 5158.64 6172.71
116.48 5723.80 2 6077.95 9677.60 6068.78 3953.81
118.51 4325.44 2 5191.79 4797.25 1694.56 2251.91
122.28 3313.80 2 5077.05 1301.69 2044.64 2638.01
123.32 5465.79 2 3281.73 3729.56 7649.43 443.51
123.56 5677.79 2 850.67 3206.20 1019.77 8881.46
126.37 6118.69 2 6714.06 1821.35 2108.56 5849.71
127.21 5160.42 2 5237.23 3217.54 7038.72 8053.30
132.06 5603.25 2 1705.31 1394.34 7292.85 1813.60
137.33 6266.41 2 736.52 6556.03 507.25 293.81
137.77 4188.56 2 3208.73 2326.38 3560.77 6500.12
140.45 6222.70 2 8684.56 4050.06 5767.72 9546.79
149.55 6077.68 4 2072.00 8309.66 2131.64 9054.21 1048.27 4800.38 906.11 5730.71
156.95 3747.51 2 5949.70 4900.74 7263.97 8410.24
157.15 2557.27 2 8144.45 9866.12 9065.25 7480.38
158.65 4032.65 2 9869.16 7186.34 6969.62 9989.00
162.70 4834.95 4 1659.70 3406.11 1170.43 3935.58 4863.28 3541.07 4984.15 3159.59
172.15 7307.38 2 592.34 7681.36 7641.30 5755.21
173.70 3185.02 2 6053.39 8471.06 3137.76 9753.04
175.09 3754.65 2 7677.71 9450.25 8344.78 5755.33
176.14 6507.17 2 4376.71 7404.29 2313.10 1233.01
178.88 644.24 2 706.38 4972.59 711.56 4328.38
179.33 2566.46 2 7975.64 2806.08 5639.77 1742.89
181.57 4778.59 2 9725.30 84.21 9479.15 4856.45
183.65 1182.56 2 1768.83 6578.75 598.78 6750.37
186.42 6421.07 2 7235.43 6671.36 7790.55 274.34
187.74 4186.87 2 9151.94 4411.57 6357.36 1293.86
187.83 7491.38 2 8097.08 2091.40 676.06 1067.09
187.97 7898.34 4 9839.81 9749.45 9212.18 9232.41 5618.57 4396.07 6659.81 4198.27
190.41 9120.75 2 9608.94 7848.75 714.43 5829.95
191.44 2472.14 2 55.57 490.24 402.00 2937.98
191.73 3386.42 2 9265.47 6358.42 9041.84 9737.45
192.74 4537.21 4 6059.05 3352.89 6232.70 3850.44 8911.07 3845.90 7919.35 2956.91
194.63 4131.59 2 3208.21 9203.93 5371.10 5683.70
194.96 4048.02 4 7535.29 7896.26 7192.76 7797.91 8498.34 5396.07 8243.72 4472.63
196.57 7328.38 4 2665.83 1690.50 2944.24 1854.50 8423.14 3131.60 9697.33 2603.00
196.81 6740.54 2 9924.32 579.59 9304.80 7291.60
201.45 6372.53 2 8917.02 608.54 8901.67 6981.05
202.66 7932.96 2 5403.12 1973.42 6379.49 9846.07
204.86 6642.92 4 333.21 7718.06 224.99 7132.10 3813.26 4160.93 2548.70 3587.85
206.29 6114.34 2 2556.34 570.72 4876.66 6227.69
207.38 5468.92 2 2438.34 3601.86 7893.40 3212.68
207.67 6983.69 2 4644.97 9921.04 4261.69 2947.87
212.87 3843.26 2 8731.27 3491.15 6291.47 521.63
214.58 8728.87 2 2318.85 9254.08 8424.50 3015.96
215.51 6375.56 2 6310.25 2112.07 4141.69 8107.50
223.68 2784.08 2 2745.23 9494.06 4841.93 7662.41
224.22 6710.84 2 5807.10 8791.19 8961.56 2867.96
228.75 6037.37 2 342.06 3455.84 5487.33 6614.33
229.98 7499.18 2 9892.09 5902.83 3369.59 2202.19
230.85 2942.39 2 8147.05 6258.43 6907.81 8927.14
232.91 6845.49 2 2985.69 2985.54 5588.81 9316.78
233.41 3570.74 2 3681.36 3299.01 224.96 2402.65
248.13 8906.55 2 3211.27 8498.33 9472.14 2163.65
252.69 6734.49 2 3266.42 7040.44 9988.98 7441.17
256.03 8101.25 2 965.00 1825.12 2703.01 9737.74
259.14 6056.77 2 6300.78 191.05 721.61 2548.43
259.54 3977.07 2 5937.14 2828.56 7610.80 6436.33
259.98 3299.21 2 5746.95 7175.85 2661.55 8344.23
261.65 6082.35 2 7851.97 9534.33 3593.51 5191.47
268.60 5629.86 2 6024.38 7384.79 891.77 5071.43
278.97 8148.36 2 8007.32 9340.91 2630.54 3218.33
282.18 9508.75 2 9195.42 5173.60 450.84 1438.80
284.59 7629.50 2 7363.22 6795.53 354.35 9809.68
296.84 5741.94 2 6069.39 7591.06 2512.95 3083.11
297.33 7266.59 2 8596.77 3963.15 1345.51 4434.83
298.20 5410.13 2 2790.46 4931.14 7123.81 8170.21
300.51 7625.62 2 9677.70 8097.29 3510.07 3612.82
300.69 7534.66 4 189.27 9935.23 605.19 9661.89 5515.97 6050.12 5303.44 6966.80
301.28 6563.93 2 7217.30 3872.79 1886.91 7703.22
310.11 6805.28 2 7768.93 1563.10 2475.05 5839.38
312.67 13033.69 4 311.74 8563.22 715.54 8842.64 8823.32 152.56 8640.95 784.38
318.66 8033.22 2 1706.38 8924.51 7926.20 3840.57
320.64 6431.81 2 1571.19 5782.76 7481.66 3246.15
323.05 6252.46 2 8890.70 5744.32 3095.36 3397.57
335.55 7477.63 2 673.11 880.18 7990.31 2420.79
337.23 7461.71 2 4439.33 1269.95 9417.26 6828.49
340.42 7221.08 2 9714.09 9094.89 5752.54 3057.49
348.62 8530.95 2 996.40 5098.96 9206.30 2780.64
350.87 8343.67 2 9414.74 5422.42 1852.20 8947.32
357.27 9063.71 2 4020.01 579.11 3622.22 9634.09
374.28 10513.97 2 3381.98 215.34 8680.18 9296.79
