42.86 2143.18 2 9974.85 657.79 7844.58 422.97
44.20 1710.10 2 3822.21 5565.42 2926.16 4108.87
58.79 2839.32 2 6105.58 5018.36 8078.32 2976.29
59.58 1379.24 2 9308.89 9365.13 9437.14 7991.86
61.98 2499.23 2 3820.04 995.77 2162.84 2866.55
74.65 3432.39 2 6061.09 9896.98 6388.82 6480.27
79.70 3285.23 2 491.04 4798.92 2661.74 2332.99
91.61 4380.75 2 8301.31 8217.12 9292.61 3950.00
92.62 1231.13 2 3546.41 7133.82 2586.51 7904.71
94.39 3819.29 2 9670.41 6697.32 5951.21 5828.64
98.95 4147.42 2 1741.95 3223.20 1830.15 7369.68
113.22 3361.09 2 1382.41 7578.33 4512.91 8801.77
114.23 3611.47 2 9278.03 5082.17 8153.19 8514.01
115.06 5353.12 2 1986.64 5903.17 6851.56 8136.65
124.51 3225.74 2 8909.90 6743.40 5904.30 7914.63
127.96 4397.97 2 7309.57 5375.02 6259.61 9645.82
130.76 4737.97 2 5954.74 8849.51 7800.39 4485.80
134.57 3528.41 2 7262.05 3921.05 9432.70 6702.76
139.58 5279.03 2 2352.11 6843.46 7509.26 5715.62
139.67 283.58 2 6225.48 9191.17 6265.90 9471.85
143.71 4085.47 2 5999.02 4234.75 9038.12 1504.37
146.19 1409.36 2 973.61 3178.84 315.66 1932.49
147.92 3395.98 2 6399.99 8847.67 9262.27 7020.11
149.06 4953.21 2 4403.54 5068.48 4376.68 115.34
150.87 6143.61 2 890.23 549.22 1583.58 6653.58
155.75 6487.67 2 5155.71 8198.14 5405.50 1715.28
156.04 4901.78 2 915.04 6479.52 840.33 1578.31
156.49 3124.29 2 2220.03 5346.22 5327.03 5018.09
156.99 3749.43 2 2830.40 6098.25 3837.31 2486.55
160.07 5303.39 2 4743.08 4732.75 936.97 8425.93
160.46 2222.79 2 2784.17 3020.88 1446.45 1245.69
162.80 5739.83 2 3560.51 5131.45 9271.02 5710.88
167.49 7274.37 2 7114.87 9110.71 1651.43 4307.87
169.72 6286.15 2 9705.08 9280.76 8941.64 3041.14
171.20 2259.88 2 5382.40 7530.08 6304.87 5467.04
172.05 3102.60 2 8944.42 3417.29 9810.13 437.91
172.08 4904.13 2 8937.63 6909.30 5581.88 3333.07
172.92 3646.10 2 5757.50 4249.14 6232.39 634.10
173.28 4463.96 4 2648.31 6118.04 2545.13 5562.94 256.21 4530.60 943.96 3324.51
173.69 1884.48 2 5459.15 6164.68 5384.04 8047.66
180.54 4527.00 2 7600.49 8255.20 4066.31 5426.20
182.86 5242.93 2 8589.93 6586.31 6411.77 1817.25
184.02 4001.23 2 7566.89 7247.71 3577.47 7554.91
184.50 2825.22 2 9564.26 7294.86 8662.99 4617.25
185.53 5776.57 2 7901.17 4235.23 3546.10 440.21
185.62 2081.05 2 3135.56 6599.07 1106.46 6136.97
186.62 4031.22 2 5996.90 8148.63 9985.79 8731.33
192.03 2201.60 2 4777.57 3613.16 6969.91 3814.90
194.37 3118.62 2 5169.72 9952.76 7872.77 8397.35
198.53 5326.29 2 1250.58 5025.33 5738.70 7893.44
199.67 1383.43 2 3641.88 7562.66 3399.17 8924.64
202.03 5801.35 2 3123.94 647.60 116.15 5608.33
204.67 2333.46 2 2599.05 3723.88 558.11 4855.08
205.99 7699.70 2 1725.75 8118.70 2595.01 468.22
211.80 4490.12 2 631.80 7556.06 4842.40 9115.54
213.18 4658.92 2 2891.52 282.55 5672.19 4020.65
213.41 7870.48 2 8421.19 3802.50 851.28 5956.80
215.15 3857.56 2 2489.76 9752.56 3958.28 6185.45
215.68 9283.94 2 274.29 8032.50 6277.70 950.78
220.02 6100.95 2 4795.24 9905.95 7528.95 4451.74
220.18 9809.23 2 9880.45 6603.22 263.07 4672.68
221.77 7288.34 2 3773.87 1070.09 9310.10 5810.34
222.36 1318.10 2 3725.09 9724.12 5033.60 9565.45
227.13 2456.45 2 1308.56 8570.37 3695.30 7989.30
230.52 5026.03 2 5511.53 968.98 796.19 2708.70
231.48 6473.81 2 2999.00 2144.52 8296.96 5864.98
233.30 8064.76 2 8995.87 6423.27 1770.29 2841.17
237.20 10860.23 2 9119.70 9956.71 4460.68 146.60
240.13 3606.56 2 4975.03 500.02 7891.78 2621.31
242.36 3817.81 2 7855.17 7405.60 5567.52 4349.08
251.79 4989.55 2 6827.66 618.67 8325.24 5378.17
252.69 7834.58 2 6140.80 8803.34 1374.59 2585.32
255.39 4969.75 4 4107.90 7093.57 4187.34 7005.98 1257.63 5146.68 541.92 3964.90
257.62 5780.85 2 8925.23 902.96 3402.85 2612.19
263.13 4956.33 2 2933.17 3763.36 3750.45 8651.84
264.16 6207.87 2 4403.47 9303.10 3811.62 3123.50
264.33 4716.67 2 143.55 7905.03 3107.42 4235.91
266.19 7909.71 2 7147.35 1079.60 2133.44 7197.14
268.27 10113.63 2 8479.32 6645.83 500.25 431.35
268.90 9045.10 2 1022.10 1423.40 9812.26 3555.71
275.32 5666.21 2 1358.87 5303.53 5803.64 1789.28
275.60 11880.11 2 1466.06 1119.57 9760.11 9625.19
277.93 4296.34 2 4012.36 7638.09 6132.73 3901.44
278.77 6638.41 2 7223.82 6795.23 585.88 6874.53
280.57 5328.38 2 5712.10 7825.17 3085.21 3189.32
286.26 6813.18 2 6947.67 3512.61 703.84 786.06
287.29 4864.28 2 4281.82 8813.54 6939.50 4739.48
293.92 4795.98 2 5334.09 5170.70 3882.45 599.69
293.93 6696.68 2 491.52 5941.17 6513.27 3011.33
296.88 5644.13 2 3340.02 6082.40 2289.02 536.99
299.87 5993.43 2 8758.86 7832.79 8542.88 1843.25
316.07 6103.56 2 1036.56 1768.78 7091.41 999.15
321.34 9866.92 4 7475.22 7724.00 7712.92 8075.04 1267.77 2586.92 2071.42 3143.88
330.83 7241.42 2 6947.93 6752.68 1602.64 1867.38
335.26 11062.90 2 8300.59 219.31 1655.73 9064.29
366.55 9527.52 2 2207.33 7812.59 8052.65 288.91
375.15 9357.48 2 1749.08 2941.12 9632.79 7981.92
