33.37 1068.58 2 8533.12 3420.68 9541.33 3774.75
51.90 2494.96 2 4298.85 6649.70 6769.84 6304.61
60.52 326.09 2 5593.39 8940.12 5917.41 8903.38
70.96 1048.12 2 5072.47 2062.45 4620.97 1116.57
74.63 1931.57 2 7463.50 2969.54 8149.66 4775.12
75.79 2789.58 2 1110.39 9017.43 1397.10 6242.62
84.91 3545.52 2 3570.80 2987.95 6174.80 581.73
93.72 3285.92 2 9833.97 3113.26 6548.25 3149.01
95.27 3063.36 2 4400.16 7173.01 3198.26 9990.75
96.91 2645.37 2 2492.48 1742.65 2818.74 4367.82
102.95 5147.60 2 5291.41 3013.62 4196.39 8043.40
111.11 1055.75 2 5874.05 1275.03 6852.31 878.03
115.55 4677.69 2 5741.98 3714.64 2350.39 493.16
115.66 3483.15 2 3271.91 4779.86 1688.75 1677.29
116.62 2630.79 2 2514.21 3214.30 2382.57 5841.79
122.80 5740.10 2 2402.95 4155.04 7248.67 7232.02
124.12 3306.00 2 9516.99 3840.93 7252.29 6249.41
131.94 6096.77 2 4131.96 9395.43 7831.22 4549.19
133.14 6457.11 2 9180.30 871.62 4712.26 5533.25
135.57 3178.47 2 7874.63 5021.06 4699.26 4880.68
145.42 6471.01 2 2501.94 9627.38 1108.27 3308.24
148.20 4110.18 2 301.72 725.50 3704.01 3031.59
148.94 2547.00 2 3996.13 6872.66 5021.23 9204.26
155.64 6581.84 2 6182.69 7511.08 1921.41 2494.89
158.25 7012.33 2 8608.67 2501.18 3582.28 7390.79
160.37 2918.32 2 5210.69 5080.90 3475.26 7427.16
165.40 4070.15 2 4835.58 7110.85 8286.56 4952.87
166.33 2716.37 2 8826.08 3135.84 6956.02 1165.67
169.54 3777.14 2 3453.11 6475.97 7175.58 7116.31
171.95 1497.43 2 5706.68 5024.10 4252.47 4666.91
174.64 4931.91 2 3757.51 9388.86 7486.10 6160.66
181.17 1658.35 2 1926.48 4132.28 3482.98 4704.50
181.43 5071.30 2 3437.12 444.61 1281.75 5035.09
182.12 3206.00 2 5107.60 3731.93 6069.91 673.76
183.88 7094.13 2 1358.10 6972.63 8352.79 5788.99
185.08 1154.09 2 7481.50 3248.77 6835.11 2292.68
185.46 5772.94 2 4955.15 3654.78 2556.46 8905.79
186.40 8019.89 4 6528.01 8787.78 7183.25 9537.17 2057.75 6787.15 3001.56 6033.50
187.38 3069.10 2 5255.94 5710.68 8272.77 6274.73
187.63 5681.68 2 6874.93 7644.99 1249.35 6848.56
188.08 1903.96 2 6411.73 3527.86 4547.74 3915.93
188.84 6341.96 2 8165.00 6568.11 2932.06 2985.27
188.99 3749.55 2 9065.12 2190.84 5870.12 4153.26
189.81 1890.40 2 7314.11 1662.01 6079.86 3093.88
189.86 993.19 2 7198.74 3295.15 6661.97 4130.79
189.88 6494.03 2 672.20 7068.69 5839.77 3135.67
190.64 8031.90 2 7467.12 284.92 228.38 3765.16
192.08 4104.03 2 2389.83 2508.84 6392.27 3416.35
195.51 5375.30 2 4136.05 2215.60 2980.73 7465.27
198.12 3706.01 2 7598.11 8773.55 5797.34 5534.46
207.01 5050.43 2 809.51 4213.68 5596.78 5822.67
207.45 3072.60 2 2262.22 3883.07 4200.61 1499.06
207.60 6480.00 2 7534.24 4235.19 1432.53 6416.80
208.72 4336.00 2 5675.08 8456.65 8919.81 5580.43
209.51 5875.42 2 8852.42 3500.50 3236.14 1774.87
211.26 8563.18 2 2856.49 9840.71 7347.61 2549.76
213.49 2474.66 2 3415.41 4131.58 1159.36 5148.52
214.61 8130.71 2 3742.39 1807.37 2644.68 9863.64
214.75 6437.59 2 2698.50 8506.15 428.93 2481.90
214.84 5742.01 2 9594.72 6800.55 4229.05 8845.12
215.68 10484.08 4 482.79 1583.46 173.64 1386.15 9085.05 314.15 7956.42 142.06
226.03 6501.29 2 6666.40 2012.19 1255.02 5615.48
227.26 3563.22 4 7099.35 2170.88 7094.48 3046.06 7444.93 4687.74 6947.64 3809.37
230.16 2408.09 2 3037.19 1751.87 736.38 2462.63
231.87 3693.46 2 184.66 7523.97 3085.38 5237.61
236.77 7738.45 2 278.59 7974.57 3095.87 767.18
240.04 5502.18 4 2244.67 3475.04 1804.31 3475.45 4946.61 509.50 5633.99 785.81
248.09 10504.65 4 1571.87 9325.45 1562.11 8760.46 9044.69 4200.66 8538.14 5263.19
250.65 5532.35 2 4878.58 2038.00 1079.19 6059.39
256.08 3403.88 2 7171.25 6678.43 6012.17 9878.89
256.64 6231.83 2 7086.21 3886.81 8750.53 9892.29
259.19 10559.49 2 335.77 2288.90 7976.07 9577.84
260.30 3515.22 2 308.66 2249.15 3612.27 3450.36
265.39 8069.74 2 1098.12 3251.01 8358.51 6773.43
265.91 7295.50 2 1286.59 9487.95 6412.39 4296.57
275.64 6981.84 2 2504.40 2350.61 9412.91 1341.43
277.86 6692.97 2 6821.75 169.79 5241.65 6673.57
282.66 7233.06 2 2815.67 5864.10 7184.90 99.81
286.65 8932.28 2 3015.16 431.49 2395.14 9342.22
292.89 5744.52 2 6028.96 8095.39 2090.98 3913.07
302.65 5932.66 2 4141.46 8490.50 5815.12 2798.81
306.45 5522.64 2 9528.54 3300.22 4516.28 981.44
311.30 5865.16 2 7104.94 7396.39 1261.44 6892.74
317.18 8159.13 2 648.84 7992.59 8798.73 8380.96
319.65 9582.65 2 9904.02 7395.26 852.75 4248.57
330.96 10747.92 2 1878.80 1316.99 9062.99 9311.06
331.63 7581.69 2 3849.38 2285.35 6509.32 9385.12
338.43 8221.34 2 9677.73 8746.21 7101.71 938.87
340.86 7443.09 2 6884.95 6662.95 1076.56 2008.69
342.10 8704.96 2 33.06 8430.69 8569.48 6725.99
343.74 7886.80 2 101.71 2010.52 6838.68 6111.11
346.34 8517.08 2 9301.18 5025.17 786.02 4844.27
346.73 8736.64 2 1387.40 671.07 3348.41 9184.79
349.34 7567.21 2 6313.59 474.36 8062.38 7836.73
383.89 10894.52 2 7527.96 128.67 2428.35 9755.95
