48.78 1638.84 2 486.12 8126.53 39.25 6549.79
71.88 2693.86 2 9305.48 8491.97 8131.90 6067.18
79.66 2682.79 2 7758.46 8016.51 6369.42 5721.31
79.93 2196.63 2 3528.07 5219.24 2879.49 7317.93
95.76 4788.16 2 5338.85 1408.66 9445.51 3870.75
101.22 1860.85 2 2572.55 3978.37 4375.71 4438.13
109.01 2850.43 4 5842.57 9402.60 6130.34 8853.15 5650.06 7912.17 5042.47 8916.39
111.57 2678.59 2 961.93 5572.62 2356.10 3285.45
112.29 3714.49 2 3832.61 3230.33 6735.97 913.44
112.31 4115.68 2 8262.60 8155.09 7231.26 4170.72
115.01 3750.74 2 2765.15 2350.18 6432.05 3138.79
117.36 5168.08 2 4341.07 5645.89 8384.57 8864.45
119.35 5467.36 2 6840.04 5366.80 1373.88 5252.11
119.77 2888.50 2 4747.15 6430.69 4895.19 3545.99
120.09 4304.62 2 2170.66 7919.91 6016.26 9854.11
120.27 4413.58 2 1828.72 356.51 3906.86 4250.23
121.09 1654.48 2 434.01 4499.22 1119.22 6005.14
132.17 2308.31 2 5649.72 8313.46 6030.21 6036.73
133.26 5662.95 2 581.28 7866.26 6201.51 8560.62
134.35 4417.38 2 5292.20 1896.26 9480.66 492.70
139.34 3666.95 2 4758.15 2252.42 3204.91 5574.16
143.40 2570.23 2 7875.12 3150.58 6679.58 875.34
146.15 5207.68 2 9444.00 5953.00 5270.53 2838.18
148.37 7318.48 2 459.10 1226.67 6147.28 5831.54
150.53 7226.26 2 8607.12 9342.72 3065.19 4705.27
150.73 6936.27 2 3618.88 1169.23 9661.02 4575.74
151.30 6165.16 4 6339.12 8990.37 7061.98 8563.75 7310.10 3826.91 7216.45 3252.03
151.77 3888.48 2 2662.56 4626.71 510.04 1388.36
156.22 4410.85 2 1067.39 4681.53 973.24 9091.37
158.54 6827.11 2 7412.06 8638.75 8366.84 1878.73
160.93 1346.35 2 4131.09 8638.63 2850.46 8223.13
161.51 1775.43 2 3696.76 4131.88 4794.34 5527.40
162.08 3104.20 2 888.43 38.55 2761.06 2514.29
164.67 4233.56 2 4366.64 4725.50 8546.78 5395.94
166.98 2748.80 2 5002.26 3191.40 4618.16 469.57
167.20 5859.77 2 7375.01 2467.52 1840.96 541.08
170.39 8119.41 2 7036.81 1681.21 1959.26 8017.08
171.04 5051.94 2 4062.87 1057.53 8913.15 2470.63
172.70 2935.19 2 6272.00 9024.59 9200.84 9217.41
173.26 4762.94 2 2546.83 8540.08 6365.88 5693.94
173.59 2579.72 2 9754.70 3421.06 7308.84 4241.29
177.90 6094.83 2 2022.12 240.49 6197.36 4680.57
183.72 4686.05 2 1480.38 4416.04 5994.54 5673.59
186.64 6631.92 2 244.43 2649.98 39.09 9278.73
190.57 9328.60 2 1108.41 8222.30 7349.68 1289.09
191.42 2371.05 2 3589.75 8170.13 3609.31 5799.16
193.19 4259.57 2 9805.79 7075.44 6315.41 4633.89
193.55 7477.74 4 6725.63 8939.68 6894.60 9387.03 612.88 8841.45 1292.19 8698.47
194.06 3303.22 2 3090.66 4625.21 278.10 2892.95
194.34 5917.16 2 689.74 588.69 6416.68 2076.94
196.03 5101.63 2 2878.23 1807.60 7897.71 895.72
198.11 2005.57 2 8391.79 1979.60 6411.74 2298.52
206.84 9141.93 2 9551.08 4541.97 1008.59 1286.06
207.77 3588.38 2 650.58 2966.86 4108.19 2006.96
208.15 2807.50 2 2720.47 2562.87 1396.72 87.05
209.63 2981.72 2 7439.55 1534.46 5693.69 3951.62
213.47 2273.66 2 3617.04 7572.09 3113.97 9789.40
213.64 4081.95 2 8200.45 3537.07 7889.52 7607.17
214.30 1914.86 2 8052.61 6768.71 6676.15 8099.89
219.29 5864.53 2 3938.74 8765.52 3922.96 2901.01
226.71 8935.32 2 2800.20 144.83 9547.63 6002.49
228.21 3410.51 2 3964.99 450.74 700.87 1439.22
229.03 7251.43 2 8123.56 4731.54 2152.18 8845.65
230.37 2218.28 2 3772.86 3086.08 5620.08 4314.30
234.09 4604.42 2 7290.89 9923.94 3958.83 6746.19
237.15 6557.53 2 4184.03 929.05 1473.54 6900.18
238.59 8329.45 2 2171.56 7719.00 7449.75 1275.37
245.72 2786.20 2 2103.62 4084.75 1587.69 6822.76
247.58 5878.84 2 8034.25 6377.22 2202.19 7117.38
248.51 6625.64 4 3196.08 4824.04 3272.09 4118.41 563.78 9160.02 417.75 9286.10
254.44 6521.98 2 9573.40 9318.27 8847.09 2836.86
258.43 6921.70 2 5880.02 8995.12 6656.01 2117.06
259.57 3278.52 2 1807.68 7871.30 4271.74 5708.64
263.99 4699.75 2 1901.92 1528.29 6073.56 3692.81
265.39 7369.44 2 1883.55 7506.10 2180.47 142.65
271.09 6654.46 2 1210.87 3126.09 2040.13 9728.67
276.32 8616.13 2 2102.65 1603.68 7781.37 8083.64
277.98 4299.06 2 3559.81 7287.77 5293.78 3353.90
281.30 5065.17 2 2124.18 9987.21 2940.58 4988.27
288.52 5826.03 2 869.49 9892.48 6670.48 9352.87
289.88 5394.05 2 4579.07 6237.02 502.97 9769.90
289.88 7494.21 2 7562.98 8176.26 5146.74 1082.25
292.02 4701.16 2 2107.15 9131.03 1427.53 4479.26
296.00 10000.15 2 9404.12 1869.73 1772.75 8332.33
297.19 5959.57 2 1981.37 544.35 5457.70 5384.97
297.59 6779.73 2 4296.44 2140.04 1848.85 8462.54
298.02 7101.09 2 2655.65 3531.27 9178.09 6338.98
301.00 5249.80 2 7927.57 3770.04 5655.65 8502.77
302.27 9613.74 2 1502.46 9198.48 9576.40 3979.73
313.58 7478.92 2 462.38 774.78 7900.75 1552.56
319.65 6782.58 2 5057.80 3107.04 3992.39 9805.42
325.97 6898.42 2 6842.84 48.74 9677.55 6337.83
329.75 8787.59 2 1597.56 9707.62 1278.82 925.81
337.43 8571.65 2 5903.37 1427.44 161.41 7791.63
344.91 9845.38 2 9215.48 9183.77 2286.66 2189.28
348.45 8722.59 2 5677.66 8977.70 5569.92 255.77
