20.69 834.43 2 8495.25 1149.81 8658.87 331.58
23.93 896.34 2 749.96 2239.44 1062.62 3079.48
39.89 1194.42 2 8192.73 8233.14 8255.19 7040.36
50.38 1118.81 2 1812.25 1936.72 1812.04 3055.53
56.22 2711.04 2 1919.89 6078.06 129.86 8114.11
69.16 2758.11 2 5245.74 3937.80 8002.28 3844.73
83.31 1165.53 2 8396.57 6578.53 8850.21 7652.15
83.58 1579.12 2 5009.54 9863.10 4788.49 8299.53
90.38 718.84 2 7249.75 6792.26 7480.37 6111.41
90.61 3430.39 2 5303.16 9221.38 3814.20 6130.97
91.47 2873.57 2 6204.50 4689.72 6645.73 7529.21
92.25 3412.67 2 5722.96 4617.90 2311.66 4520.91
94.17 1408.68 2 2592.83 5833.67 2650.78 4426.19
95.13 1256.37 2 2750.76 4433.52 2527.42 3197.16
99.44 3371.93 2 5659.04 9809.16 8958.05 9111.72
103.82 3691.07 2 6746.27 571.35 5089.17 3869.54
104.55 2727.36 2 5237.45 6735.50 4742.83 9417.64
114.83 3741.55 2 3356.43 6778.29 958.75 9650.63
118.01 1500.47 2 2476.75 6008.36 3029.44 7403.33
119.18 1758.83 2 3745.97 5320.96 1987.22 5336.78
123.25 2562.55 2 360.79 6385.26 2531.88 7746.53
127.83 3691.62 2 9204.32 5911.62 8292.77 9488.93
133.48 5673.98 2 5706.87 895.62 9812.41 4812.08
135.19 6759.31 2 7994.47 1791.56 7866.23 8549.65
140.55 1927.48 2 2020.91 2913.51 3945.68 2811.33
143.31 3265.30 2 3148.21 2269.91 6237.43 3327.66
145.37 4368.28 2 4961.84 1682.16 2007.65 4900.02
145.95 4997.27 2 3403.32 5083.86 6878.60 8674.84
146.19 4109.59 2 3347.79 4444.50 7414.17 3850.11
150.20 5410.18 2 6759.27 2056.02 8083.74 7301.57
151.50 5375.24 4 8500.48 46.02 8669.00 325.38 9664.12 4240.11 9678.37 5249.77
163.33 1866.39 2 8622.11 3712.05 7058.15 4730.58
166.23 7911.35 2 9670.17 3078.18 1834.29 1988.10
167.98 2198.98 2 4271.16 2635.86 2149.63 3214.32
169.43 5371.63 2 3506.50 3937.08 8718.78 2638.38
176.26 1813.22 2 3991.27 948.53 2184.21 1097.87
180.33 3216.50 2 4892.33 449.21 8041.94 1101.75
180.79 7239.58 2 3640.36 9150.05 4439.31 1954.69
182.74 4137.17 2 2304.61 5329.63 6316.40 4318.81
184.85 7942.67 2 9778.08 5840.33 3944.03 450.55
185.33 3266.52 2 2623.71 8811.52 4757.77 6338.48
189.15 4157.44 2 3940.96 4318.84 373.43 2184.11
192.81 2540.35 2 1876.03 4617.21 3639.16 6446.08
193.91 9195.43 2 9718.20 4993.91 1562.84 745.86
195.44 6072.17 2 2413.38 4951.55 6005.16 55.60
198.57 5128.71 4 8107.98 7065.24 7825.60 7087.12 8384.31 3142.26 7579.06 2836.77
200.49 9424.51 2 9928.23 6037.09 870.31 8640.07
201.56 777.90 2 8334.05 6489.74 8989.33 6070.52
202.25 6712.26 2 783.07 3535.83 6283.57 7382.77
204.87 4743.72 2 5703.76 4745.37 1114.59 5946.35
205.28 3564.22 2 5278.57 3341.20 7562.17 604.63
207.54 8477.08 2 7682.21 4888.93 71.13 1156.32
208.88 8043.77 2 6866.67 4201.01 628.37 9278.97
210.15 5607.71 4 458.90 7380.95 317.04 7605.26 1411.52 3609.64 289.93 4034.88
213.80 9790.19 2 185.48 8392.46 9807.70 6586.74
215.61 1580.32 2 6249.95 540.85 7432.17 1589.54
217.57 3278.71 2 8026.45 4044.62 6411.80 1191.06
217.65 2282.74 2 9482.23 4280.23 7442.06 3256.22
227.59 3179.58 2 6783.93 8679.77 8776.41 6201.91
229.63 6281.33 2 4270.41 6916.57 9978.04 9539.17
229.96 4297.82 2 5209.17 2975.96 6721.72 6998.83
230.58 3128.81 2 8668.71 5540.81 8191.68 2448.58
232.11 8805.73 2 9158.06 9928.59 4107.22 2715.42
232.33 3916.54 2 299.62 4273.16 408.29 358.13
233.77 7388.70 2 9249.13 5803.46 1865.30 6071.63
236.38 3519.09 2 4792.09 5140.73 6143.39 1891.42
240.71 3535.74 2 6632.20 3899.60 9860.28 2457.04
240.82 8040.94 2 269.86 4409.26 8147.42 2796.58
241.80 5690.14 2 5900.42 8550.13 229.27 8085.62
245.64 4482.12 2 4550.69 2049.85 5378.42 6454.87
246.74 3636.85 2 6241.75 8286.30 9481.65 9938.47
258.35 8217.51 2 873.61 13.08 8799.11 2184.23
259.29 6464.44 2 3439.38 7574.01 6413.27 1834.23
259.77 4188.26 2 8887.57 5508.26 6589.89 9010.00
261.54 7377.11 2 8157.16 533.72 887.88 1790.39
263.28 6364.16 2 851.96 8461.39 6995.98 6802.00
263.97 7798.71 2 8571.12 1364.91 4856.92 8222.36
265.83 5391.58 2 4413.67 7307.51 5122.90 1962.78
270.94 4446.99 2 50.79 7132.46 3422.78 4233.26
276.66 4833.02 2 9717.18 336.74 6263.33 3717.43
277.49 6474.66 2 5005.49 89.82 9166.66 5050.24
279.63 4581.64 2 5981.17 6224.51 3810.97 2189.45
279.67 8083.60 2 8738.52 3278.98 3917.40 9767.53
291.41 8470.61 4 2021.85 1963.12 1197.50 1599.21 2360.59 8345.27 1823.33 8830.46
292.09 10004.64 2 2214.11 2090.32 9675.90 8754.74
293.04 6552.08 2 2130.67 9296.97 3285.63 2847.48
293.67 4883.69 2 3532.20 8050.94 8415.88 8043.11
296.47 5123.43 2 2448.25 4401.67 6426.67 1173.39
303.44 5271.79 2 6826.17 2084.80 1633.52 1174.75
320.69 8734.49 2 9660.32 9092.27 2484.60 4112.26
325.12 11756.13 2 428.99 9188.03 8114.22 291.76
327.29 8364.34 2 106.30 2543.05 8414.25 3512.69
333.31 7065.73 2 8496.86 3995.51 2647.37 32.17
353.10 10154.81 2 9792.11 4892.79 661.38 448.70
386.30 9815.08 2 9593.95 8225.21 1651.32 2458.88
388.95 10547.61 2 9965.16 5876.24 239.55 9958.48
