37.80 1389.86 2 2484.94 2441.05 3854.74 2676.32
43.09 1554.70 2 6098.14 8791.87 5151.43 7558.66
43.19 959.26 2 8096.80 4888.35 7198.08 4552.97
56.67 833.47 2 5414.35 8489.18 5805.57 9225.13
60.00 2900.08 2 9742.73 3734.68 6899.41 4305.59
63.03 2251.46 2 3971.32 5219.19 5372.99 3457.26
64.13 1906.69 2 3290.43 7275.14 2017.05 8694.28
68.67 1733.64 2 3363.92 4792.75 4507.20 6095.99
70.66 2033.15 2 6159.59 5759.24 4170.11 5340.09
70.89 2144.47 2 4495.28 4632.13 2754.59 5884.64
76.69 3534.38 2 7405.65 4273.54 4003.83 5232.40
85.88 1594.05 2 5063.01 1810.38 4101.80 3082.03
92.59 1129.60 2 6245.21 4043.35 6381.76 2922.03
97.00 1050.10 2 7948.01 2145.05 8992.01 2032.02
109.21 2960.42 2 5062.50 6617.56 8018.77 6774.30
115.80 2090.25 2 8756.68 1933.01 7132.62 617.12
118.15 5507.42 2 4599.33 1494.70 8342.27 5534.76
121.15 2757.51 2 5622.12 6413.38 5340.28 3670.32
134.07 2203.38 2 7755.02 4445.33 9918.51 4862.67
134.49 2324.39 2 8614.52 1230.37 7265.85 3123.49
134.69 434.31 2 4802.97 9996.61 4378.19 9906.13
139.31 3965.27 2 1103.76 1453.87 3276.92 4770.61
143.24 962.19 2 4090.09 3968.46 4942.03 3521.23
143.33 4966.69 2 6744.28 9663.76 3137.71 6249.00
149.15 5557.37 2 2508.18 3431.23 2055.94 8970.17
150.43 6421.74 2 2902.80 8650.76 929.92 2539.59
151.79 7589.32 2 182.15 3959.24 7741.55 3286.09
152.00 6599.89 2 1808.40 8057.94 8366.82 8796.64
153.18 5359.16 2 2779.14 2145.77 4738.01 7134.10
154.05 5902.60 2 940.92 9294.63 6633.24 7733.15
157.27 4463.59 2 6485.23 2582.55 9552.83 5825.00
159.69 7184.66 2 2403.29 3666.95 7404.97 8824.72
160.10 6404.97 2 6031.55 3645.94 7918.57 9766.62
164.10 5604.77 2 4243.43 9231.97 5881.94 3872.06
164.32 4315.88 4 5296.12 3684.10 5745.54 3185.67 4035.60 4940.19 3089.81 4210.08
167.13 5556.75 2 701.44 320.50 5380.29 3318.14
168.13 8206.47 2 5606.39 9471.48 9353.21 2170.28
169.60 2080.13 2 8813.46 5756.53 7066.25 6885.32
173.47 5773.67 2 9967.29 9171.99 4195.79 9330.45
174.78 5139.13 2 7190.43 3476.75 9993.89 7783.87
176.75 3537.69 2 5087.29 8358.12 8363.15 7022.46
177.02 6751.05 2 5188.89 7458.18 2933.38 1095.05
177.55 3177.26 2 5900.91 7960.95 6932.02 4955.65
178.61 2330.62 2 4104.35 7967.57 2956.29 9995.81
183.51 4275.52 2 7111.82 5757.23 7408.52 1492.02
186.35 4717.66 2 5843.12 5240.55 1613.29 7329.76
187.09 5154.35 2 3054.26 47.78 7463.46 2717.29
187.70 8685.18 2 2202.14 2091.93 6241.18 9780.78
190.33 4416.49 2 4804.41 1949.06 4110.48 6310.70
190.82 740.96 2 8064.55 8572.58 7572.08 9126.19
190.96 4348.23 2 8770.41 9917.88 4453.55 9396.49
191.94 3696.96 2 6351.79 4754.64 9283.87 7006.40
200.71 7635.50 2 1615.47 1040.74 6847.04 6602.36
203.17 3358.70 2 2941.09 5117.21 6290.75 4870.81
203.56 6978.00 2 7701.99 8400.66 1662.46 4905.44
208.32 1216.24 2 9640.20 1564.40 9462.66 361.18
211.74 2287.25 2 6916.06 4118.74 5651.97 2212.55
216.35 2217.41 2 8894.67 2397.60 9670.16 320.22
219.00 1049.86 2 4825.69 7613.64 5873.79 7552.90
220.57 7928.39 2 1598.13 8319.15 5532.27 1435.71
222.37 6418.27 2 5033.03 8983.76 7491.58 3055.04
223.52 2676.14 2 9134.88 4663.62 6655.29 3656.93
227.23 2661.36 2 3329.31 2243.51 1157.45 3781.64
228.37 5918.32 2 9097.86 9102.59 8395.08 3226.15
229.42 7371.14 2 2552.69 7099.86 8473.95 2709.83
231.36 7568.05 2 4930.50 1232.57 7513.76 8346.09
238.86 3742.93 2 6349.25 2777.16 6272.10 6519.29
238.87 5943.59 2 2571.85 9630.13 1578.05 3770.21
247.18 5659.15 2 4585.19 5694.70 6074.89 235.14
251.17 6758.64 2 1203.72 3238.13 7147.15 20.22
258.08 8104.08 2 4534.52 2061.33 2673.78 9948.89
259.43 6471.44 2 1025.86 4299.74 7412.89 3257.95
259.75 7587.62 2 9400.20 9675.29 2433.88 6668.25
260.97 8048.70 2 8637.95 1149.07 8526.96 9197.00
262.56 5127.77 2 8155.37 7122.13 3838.78 4354.27
263.80 4289.84 4 5600.91 2966.13 6481.57 3347.26 3322.48 3722.90 3458.38 3662.04
266.90 5944.93 2 3839.50 4673.93 8913.30 1575.75
271.13 5956.61 2 6937.05 1074.99 7100.29 7029.37
275.64 4481.87 2 3984.78 4927.12 7978.43 2892.94
277.13 4856.42 2 4087.62 3153.03 301.72 111.34
279.34 8367.20 2 9739.19 7448.56 1428.75 6475.59
279.85 7092.45 2 7192.90 4618.55 1354.93 8646.09
287.06 6552.87 2 2573.66 7015.72 8708.48 4712.65
289.10 6955.06 2 6533.72 6820.53 4358.37 214.43
292.25 4912.40 2 8742.56 2465.09 4308.86 349.92
294.78 5138.83 2 1733.35 9336.67 5613.16 5967.02
299.74 10687.07 4 7843.44 3695.92 8481.86 4384.03 451.36 2384.42 1438.37 3477.41
311.52 6076.25 2 8373.71 9673.16 5461.63 4340.19
314.33 8416.60 2 8857.90 1261.11 4185.42 8261.61
320.11 8305.75 2 328.15 8131.41 3928.71 646.67
322.39 7019.75 2 7350.73 6655.94 9817.77 83.99
334.34 8817.18 2 935.97 1350.66 7929.63 6720.15
339.32 10866.25 2 7932.68 467.41 1209.18 9003.80
342.05 10002.26 2 2465.75 718.63 6403.50 9913.16
355.46 9672.95 2 9701.41 2864.87 42.55 2343.12
356.31 9415.34 2 2236.64 1666.65 9663.17 7454.14
366.81 8940.30 2 1267.07 1909.52 9283.86 5866.79
