27.54 777.25 2 1164.97 259.20 1654.24 863.12
70.09 1804.68 2 692.05 4842.53 113.45 6551.95
89.07 2353.39 2 229.26 8873.54 2490.15 9526.85
94.27 2013.58 2 8352.48 6621.37 9596.81 5038.29
94.55 3727.66 2 5282.92 702.36 3798.46 4121.69
97.38 2668.78 2 2634.97 3678.80 278.16 4930.93
101.30 4864.99 2 9773.94 2619.86 5023.40 3668.90
102.51 2125.41 2 9765.54 9710.44 9541.06 7596.92
106.31 1215.27 2 6934.90 5520.59 6230.51 6510.91
110.94 3947.12 2 9917.01 9737.99 7115.25 6957.73
112.87 4143.29 2 7603.75 8810.02 6260.35 4890.56
116.98 5449.18 2 6919.05 8924.94 4275.19 4160.11
118.48 4624.04 2 6707.01 1921.93 3925.55 5615.88
128.48 2023.80 2 5417.39 6924.52 6858.97 5504.10
129.24 5061.81 4 8166.41 2068.97 7658.68 2182.00 4422.69 1516.04 4612.13 292.78
133.38 2869.16 2 485.56 4208.56 2496.47 2162.03
135.40 5970.02 2 922.67 5920.63 3053.15 343.70
136.30 4914.89 2 5061.78 7627.29 2905.62 3210.59
136.51 6125.48 2 6958.06 2038.16 835.83 2237.88
137.05 3752.70 2 5733.31 3791.16 7714.86 604.27
139.12 6456.19 2 1856.39 2392.17 8193.87 1159.75
142.06 7102.89 2 81.61 5536.88 5943.43 9548.12
144.53 3226.39 2 5345.17 4909.20 2853.14 6958.45
145.46 4073.07 2 3989.37 4616.57 136.64 5938.08
145.68 2184.09 2 169.94 2580.98 2353.86 2553.36
149.12 4555.76 2 7691.73 3154.57 8888.13 7550.43
152.51 5225.55 2 8263.76 4959.31 3467.52 7033.56
154.07 1803.31 2 7067.34 7113.39 7030.48 8916.32
154.52 5426.01 2 2561.02 5192.39 7699.47 3449.42
157.50 6974.94 2 6180.69 9507.88 507.39 5450.36
163.15 3357.29 2 1650.93 7509.91 4283.66 5426.61
166.41 4020.34 2 4928.88 1421.41 8509.18 3250.22
167.31 2365.31 2 726.92 5390.15 1182.63 3069.16
167.89 8094.54 2 686.57 2143.39 7671.37 6234.13
172.32 3116.01 2 2279.85 4573.68 3452.07 1686.57
176.62 3230.85 2 4422.65 3996.36 1218.28 3583.50
177.03 6851.46 2 8668.08 1120.15 7221.77 7817.22
178.32 6415.89 2 3581.06 8596.63 4592.30 2260.94
178.66 2732.90 2 5163.97 1663.86 7485.16 221.35
179.07 3253.48 2 3019.10 5128.71 1109.08 7762.53
181.56 8978.17 2 7817.28 2039.46 3026.05 9632.33
182.84 5842.14 2 2809.35 9139.97 8626.62 9678.48
183.42 8071.16 2 8095.70 1577.83 1170.17 5722.79
187.06 4652.91 2 7817.23 9638.55 9193.38 5193.80
187.26 4463.10 2 9088.76 5478.04 4890.39 3963.79
194.94 7147.22 2 8255.10 7559.03 2089.68 3943.74
198.57 3428.47 2 2467.99 5065.57 2554.88 8492.94
199.77 6588.55 2 3972.13 6045.96 8612.97 1369.25
200.88 2343.90 2 6309.81 214.76 7899.93 1936.79
201.74 6186.98 2 2154.93 306.21 7526.36 3376.45
202.95 1847.42 2 8129.52 339.26 6910.27 1727.21
210.02 2500.93 2 4118.63 6931.73 2596.22 8915.90
212.28 7813.86 2 768.29 6523.23 8527.76 7443.53
213.12 2255.94 2 4870.14 5704.12 7125.28 5764.02
214.82 5741.20 2 5625.92 6349.06 1453.70 2405.21
216.11 5005.60 2 2530.61 794.71 4394.12 5440.50
220.01 4600.34 2 3506.34 2582.04 7415.18 5007.76
221.57 4778.48 4 3328.48 3397.85 3553.99 2850.84 6305.93 3790.84 7488.47 4277.47
222.91 3845.43 2 4715.77 2670.56 1257.08 989.85
224.66 7033.04 2 2434.06 3350.54 7322.08 8407.30
226.57 4428.66 2 8476.00 3541.72 4102.71 4239.91
228.97 2048.70 2 1175.43 4092.99 2128.59 2279.53
229.60 1680.23 2 1254.50 7121.03 2838.70 6561.13
229.99 7899.64 2 1080.95 6811.87 5229.15 89.03
232.54 4227.17 2 8572.41 9659.05 4450.21 8722.87
233.27 6363.56 2 5172.61 7380.54 9437.30 2657.49
233.47 7073.54 2 2115.73 7692.96 8941.65 9548.15
236.17 4308.66 2 2076.59 7978.43 2317.54 3676.51
236.56 7328.08 4 3376.65 2743.48 3640.92 3112.01 3163.65 8702.67 4210.92 7995.63
238.09 5104.58 2 6766.59 6318.83 3147.61 9918.80
243.68 10983.97 4 6761.00 8688.60 6907.82 9019.13 361.00 1540.80 922.42 1151.52
245.68 6884.03 4 3928.95 4910.94 4351.23 4746.51 883.37 385.91 1685.56 77.52
252.96 4748.11 2 9187.22 3607.11 5435.96 696.33
256.76 9138.02 2 264.28 4954.77 9130.71 2743.48
264.86 4742.76 2 8762.73 1241.14 8113.01 5939.18
266.83 6741.65 2 7788.48 8456.26 2314.74 4520.77
273.77 4888.43 2 6966.99 8425.69 6981.64 3537.28
278.93 7846.39 2 9174.33 8597.48 8774.51 761.28
281.24 6261.86 2 293.77 7161.36 5735.87 4063.88
281.78 6889.15 2 1498.36 2205.46 5226.59 7998.62
288.61 5130.27 2 6971.18 3189.24 1841.25 3130.45
292.67 7933.58 2 9886.39 8069.55 1984.05 8772.85
304.28 6514.21 2 3293.03 1381.88 845.44 7418.79
304.42 7120.76 2 7736.44 192.61 2750.95 5276.90
305.40 6070.17 2 2046.94 3060.33 5799.58 7831.56
308.14 8307.21 2 9552.81 6435.29 1376.67 4965.43
313.77 8088.33 2 7861.04 553.55 5809.30 8377.32
320.32 6416.19 2 7184.32 6868.52 6835.16 461.83
321.48 6573.86 2 1623.06 2784.98 7322.83 6060.39
349.37 9268.53 2 2518.78 2720.10 8716.05 9612.08
351.82 7690.75 2 4484.72 9520.39 7376.67 2394.08
355.15 8657.25 2 8879.33 7184.50 668.37 9928.25
386.51 12325.34 2 88.67 9924.76 8512.27 927.16
386.68 10334.02 2 119.81 4149.06 9302.18 8889.94
402.59 10429.27 2 904.97 127.59 5561.86 9459.43
