36.92 1345.88 2 1557.66 8765.96 916.19 9949.15
47.07 1653.73 2 1462.53 5184.48 3103.78 5387.26
68.60 1529.99 2 5886.44 659.66 4433.67 1139.58
85.90 1695.04 2 5337.90 6426.97 5118.45 8107.74
86.55 3127.31 2 7899.11 3196.30 5892.28 5594.78
99.74 4986.84 2 2033.08 3186.45 5076.00 7137.30
102.98 1849.08 2 8620.18 4326.50 9298.69 6046.60
107.99 3999.34 2 4006.44 6517.02 7296.33 8791.08
109.44 5271.92 2 5704.55 4719.94 912.90 2521.49
110.71 2335.35 2 5484.80 2120.91 7797.55 2445.07
116.00 5499.79 2 2424.66 8962.47 5053.57 4131.68
120.70 3135.19 2 4588.64 6974.08 2564.35 4579.99
123.74 1087.20 2 2963.86 5490.45 1879.61 5570.44
130.93 6146.63 2 6335.70 8530.64 6787.79 2400.65
132.73 5036.69 2 8450.16 9095.76 3813.89 7127.68
135.92 4496.18 2 6001.37 1797.11 6829.43 6216.38
136.24 6212.15 4 4948.55 1387.09 4171.59 885.20 6574.00 4232.83 7703.14 3939.08
143.48 974.24 2 497.89 2329.15 166.60 1412.96
144.26 2713.07 2 1947.16 6435.81 856.25 3951.74
145.10 6454.92 2 2638.70 8889.72 9016.42 9885.01
153.85 3892.27 2 4789.36 8667.74 5090.87 4787.16
159.52 5575.76 2 2301.15 9234.62 7062.77 6333.57
160.92 3746.08 2 1718.98 1589.15 4251.14 4349.81
162.41 7020.56 2 3911.23 496.29 3041.94 7462.83
162.91 7145.36 2 6892.06 7346.37 6578.29 207.91
163.63 4481.34 2 287.82 7284.73 4055.36 4858.22
165.34 6966.93 2 3379.20 2084.71 1432.41 8774.12
165.71 1285.53 2 1361.02 2616.79 1727.61 3848.95
166.60 8230.07 2 3581.57 8944.31 6001.23 1077.97
171.04 4552.19 2 2167.44 9268.37 4324.42 5259.65
171.91 2595.59 2 2697.70 7040.06 1809.47 9478.94
179.13 6256.41 2 1403.31 1371.05 6351.89 5199.13
186.64 8432.15 2 4980.60 1285.36 26.14 8108.44
188.72 5035.95 2 5147.23 6911.30 111.93 6992.37
192.61 7830.52 2 568.64 377.16 524.15 8207.55
192.71 1635.55 2 8227.21 3539.36 8739.98 1986.27
192.86 643.05 2 5970.63 3372.16 5355.72 3560.31
194.76 3838.02 2 3610.61 435.87 7183.99 1836.36
197.78 4189.14 2 928.13 5328.77 802.79 1141.51
197.90 1994.85 2 3808.17 4291.37 5489.73 5364.59
199.46 5173.07 2 2914.34 5837.32 8084.23 5656.01
200.40 5419.90 2 8170.23 1690.08 5502.97 6408.24
201.86 1693.10 2 4945.23 4341.77 3916.37 2997.14
203.38 3568.96 2 4015.00 6431.28 3446.30 9954.64
205.44 572.07 2 6349.36 9220.86 6669.54 9694.94
210.84 2342.20 2 7414.09 2286.41 9397.79 3531.74
211.37 5668.58 4 1061.72 3234.59 1522.94 3227.16 6224.87 4802.72 6032.62 4960.06
212.95 7647.67 2 37.46 3474.83 7178.08 736.50
215.22 7960.92 2 3487.90 9841.42 7610.32 3031.00
215.98 5198.79 2 9572.66 8629.72 8674.03 3509.19
216.26 5413.19 2 1093.60 9472.25 3875.32 4828.46
217.12 4756.01 2 5611.78 8889.94 3495.81 4630.56
218.74 7536.76 4 6187.34 2902.16 6648.01 3575.35 1395.08 5577.00 877.82 6547.40
220.02 4200.80 2 1190.66 5607.93 3844.42 8864.36
221.49 9574.48 4 6960.74 1981.47 6990.20 2786.79 2344.72 8986.00 3351.03 8807.81
223.94 5696.79 2 5827.12 5716.57 9533.97 1390.75
224.50 1425.18 2 47.87 5622.28 285.77 4217.10
228.65 9432.54 2 35.52 9405.12 8536.08 5316.95
229.08 4354.15 2 7105.86 1388.93 7017.49 5742.18
230.31 7315.47 2 8790.98 7823.17 1614.65 9243.18
230.90 7644.81 2 8697.33 1252.65 5307.70 8104.91
233.11 5355.62 2 1961.77 1234.91 7310.86 1499.25
234.94 8147.12 2 2327.81 9986.98 7334.47 3559.78
235.93 6496.41 2 9184.56 9411.90 2909.09 7732.07
235.99 4599.27 2 3634.80 4695.74 7926.05 6350.56
238.64 9831.85 2 448.55 5267.27 9823.97 2306.41
239.75 2487.62 2 5671.45 6969.43 4468.37 9146.78
243.44 3872.12 2 5470.33 4289.60 1600.21 4164.91
248.14 7706.95 2 6759.78 7141.26 9674.56 6.76
249.37 5068.61 2 6903.80 8067.60 7626.40 3050.76
250.41 10820.54 2 8326.06 2007.72 128.63 9070.75
251.52 9076.14 2 9874.35 7469.96 1399.31 4221.91
254.54 7526.86 2 9595.92 5322.01 3170.88 9242.78
261.73 4386.31 2 6089.48 2437.03 7731.40 6504.44
265.70 4684.82 2 4727.62 5245.25 45.75 5078.93
266.77 10238.56 2 8282.09 9978.65 363.36 3488.52
271.16 6858.09 2 1620.51 8509.82 4080.74 2108.21
272.00 5500.05 2 7475.38 2676.68 1982.99 2966.74
281.68 6284.20 2 9397.44 2188.70 3303.06 655.83
284.42 7820.94 2 6336.20 638.08 5071.76 8356.13
284.63 6931.67 2 9941.42 6972.86 3266.32 8841.30
288.73 5036.44 2 2803.64 9177.66 7581.58 7584.87
292.37 5318.61 2 4634.81 7328.16 81.91 4578.86
294.43 5121.39 2 4900.22 1418.78 9721.10 3147.32
294.96 5948.09 2 7714.54 6100.84 2184.43 8291.21
299.28 7364.04 2 7769.73 4960.38 497.00 3804.29
299.37 7268.56 2 9032.18 7889.86 3618.87 3039.29
305.28 8764.20 2 361.29 2752.37 5716.21 9690.39
310.07 8003.54 2 9460.37 9610.31 3674.79 4080.07
315.99 9999.26 2 9769.96 5255.82 393.78 8730.37
327.46 7472.90 2 2518.22 2438.55 9753.97 4306.24
341.07 8553.27 2 3131.90 1542.57 8606.77 8114.04
353.04 8551.83 2 7631.59 7904.46 3191.27 595.73
354.66 8533.06 2 9945.26 318.81 1748.68 2691.40
362.53 11226.72 2 136.40 9522.26 6389.39 198.13
394.11 9805.53 2 3350.82 9928.07 1099.39 384.52
