32.53 1226.34 2 3340.54 1775.15 2638.32 769.77
38.86 1442.90 2 6792.03 8530.90 5940.05 9695.42
46.40 2119.94 2 2386.19 3151.12 694.55 1873.44
47.60 1480.20 2 3046.02 7361.86 4526.16 7348.15
55.51 975.63 2 8992.21 4492.69 9583.06 5269.07
67.81 1290.38 2 5200.78 3432.74 6123.67 4334.60
77.65 3182.47 2 8189.26 5672.67 9904.13 8353.59
82.15 2907.30 2 7745.26 8569.56 9021.67 5957.44
85.56 2677.78 2 3594.20 7443.65 1938.42 9548.14
93.15 3857.33 2 5252.69 1673.05 1465.83 939.10
103.16 2858.10 2 9694.70 4989.27 6855.27 4663.17
107.90 1194.79 2 2426.46 5122.07 1272.75 5432.70
107.96 2098.01 2 981.39 2612.61 3020.23 3107.36
108.57 3728.39 2 6387.34 9654.53 8771.44 6788.02
110.50 5525.13 2 5963.13 7338.82 942.43 5032.40
113.24 5062.03 2 5831.59 4883.07 2475.10 1093.86
118.78 5839.21 2 7004.71 4767.58 3053.24 9066.68
120.32 2616.09 2 5639.08 6789.23 3224.80 5781.67
122.91 5145.38 2 9897.93 2573.40 4864.93 3642.89
126.88 743.81 2 8216.86 6813.20 8593.14 6171.59
135.78 2889.23 2 7125.99 4683.79 4276.69 4205.06
141.22 1060.91 2 4929.64 6677.00 3911.89 6976.53
143.46 4172.93 2 2706.69 9959.14 1967.27 5852.25
145.06 4152.82 2 807.18 2188.58 4731.78 3546.32
157.96 5097.87 2 2514.33 3502.18 2832.66 8590.11
159.93 1496.33 2 2769.04 9817.54 3577.48 8558.40
160.37 5618.56 2 1502.28 9666.71 6237.95 6643.20
163.23 5661.29 2 3036.46 2882.60 7997.85 155.92
165.40 5569.99 2 3058.22 4303.23 6602.53 6.42
166.03 5101.41 2 8117.09 6370.45 4225.63 9669.07
171.55 3077.41 2 9826.96 8202.71 8417.21 5467.19
171.61 5980.42 2 409.53 2830.17 5930.72 531.93
173.46 2072.76 2 5032.06 3488.34 7062.25 3906.24
175.22 6860.79 2 2653.09 6790.66 8879.95 3910.26
175.49 3074.60 2 4323.54 6361.97 1848.08 8185.50
180.60 5230.02 2 1386.10 4419.01 3132.60 9348.80
180.67 4933.36 2 4209.19 7558.56 6152.09 3023.90
183.68 7684.17 2 4978.32 2443.68 7410.12 9732.91
184.54 7827.09 2 9786.37 8562.66 6593.67 1416.33
185.07 5553.30 4 5458.31 3759.66 5655.75 2933.43 8759.21 4368.93 7553.35 3926.59
187.70 1784.92 2 7326.47 2366.17 8997.94 1739.98
192.85 6042.27 2 3010.62 855.98 5666.65 6283.19
193.04 3852.20 2 6574.65 1707.75 7416.65 5466.81
193.19 2959.48 2 627.66 6559.19 3518.67 7192.09
195.50 9474.92 2 8998.69 1418.34 127.35 4746.01
195.77 7588.36 2 4550.28 9681.53 7923.41 2884.09
198.12 8806.21 2 135.61 3526.26 7101.57 8913.72
200.50 6525.07 2 6833.21 1995.07 1356.91 5542.84
202.83 5541.44 2 6498.80 3334.83 973.99 2905.77
202.96 4747.85 2 4438.16 556.53 1218.11 4045.57
203.71 2385.52 2 6119.04 1144.74 8468.02 728.82
204.77 5038.27 2 1147.09 0.36 6037.91 1210.34
206.28 3314.19 2 6451.34 3765.23 4717.52 6589.72
207.23 9061.37 2 1127.61 6857.84 7282.16 207.27
211.36 5867.91 2 4814.68 3313.08 608.65 7404.73
219.12 2955.89 2 3211.59 6987.26 3776.29 9888.71
222.41 5020.63 2 1073.36 4168.96 4248.33 279.71
222.98 6248.79 2 1441.52 7404.24 4953.05 2235.44
223.26 3263.12 2 7633.52 6065.33 8406.79 9235.51
227.41 5170.36 2 4570.82 5642.09 110.20 3027.62
228.06 5003.25 2 9070.58 9627.97 4679.07 7230.65
228.50 8524.80 2 6653.26 7688.85 1550.37 860.03
231.69 6584.39 2 6756.81 8522.56 3008.92 3108.91
231.74 4486.99 2 5760.39 9274.12 7753.98 5254.34
231.79 9589.42 2 4172.94 9939.44 3093.23 411.00
241.94 3997.04 2 5737.80 1997.34 2524.95 4375.15
246.92 3845.96 2 3595.61 4080.27 5465.81 719.65
247.25 3662.64 2 4961.75 8324.03 5703.70 4737.33
250.64 3031.87 2 3992.20 566.48 6975.18 1108.74
251.45 5072.53 2 4764.13 7599.09 9813.28 8085.55
252.56 7327.79 2 968.64 2042.94 4737.42 8327.26
257.18 6958.88 2 4761.58 2900.36 6675.36 9590.91
259.90 8195.15 2 6744.13 7393.63 530.20 2050.64
260.12 3905.79 2 2305.74 6014.90 3309.20 2240.21
261.06 6253.02 2 3392.91 7151.82 7866.97 2783.40
264.42 4920.80 2 8086.72 1922.96 5821.08 6291.16
265.03 8751.73 2 4602.21 543.46 546.93 8298.94
268.33 9416.26 2 4102.59 276.73 5589.09 9574.92
271.52 8475.99 2 9891.59 64.51 4849.55 6877.75
272.37 4718.62 2 671.55 4275.12 3761.18 708.68
279.70 9585.09 2 4029.42 59.53 8074.81 8749.11
280.63 5231.27 2 3521.06 6184.79 5586.97 1378.74
281.10 7155.24 2 7626.08 3029.30 3939.29 9161.60
288.35 5017.69 2 5753.56 8531.95 9318.09 5000.47
289.01 6250.68 2 2860.89 2011.93 1620.90 8138.38
291.43 7271.47 2 6174.75 4037.74 449.29 8520.31
294.77 5038.67 2 3380.45 2608.81 3345.41 7647.36
296.19 8509.63 2 6451.09 8932.21 6198.76 426.32
308.82 7040.86 2 6686.58 2035.40 8100.09 8932.91
309.22 8261.22 2 1294.22 3240.77 9551.95 3480.95
315.87 8393.66 2 1591.80 965.40 1062.20 9342.34
318.19 7309.70 2 1853.04 7299.77 9109.89 6422.32
319.99 6999.60 2 781.44 7823.87 2982.27 1179.27
321.48 8374.20 2 8924.73 7558.14 4200.56 643.70
328.64 7231.92 2 9406.18 9222.73 2513.82 7032.73
336.82 7040.77 2 1392.89 5470.87 7338.73 9241.74
374.29 9114.47 2 4709.79 9173.91 2630.53 299.78
380.38 9118.91 2 6633.36 8782.70 2356.17 729.12
426.42 12020.88 2 679.53 8714.73 9681.15 747.77
