19.16 958.24 2 9811.15 8794.79 9492.52 9698.50
43.40 2069.78 2 7226.55 8497.91 6490.08 6563.59
54.43 2221.63 2 4776.93 5119.98 2885.71 3954.24
81.87 2793.27 2 6440.93 6629.64 4758.69 4399.75
82.56 2127.79 2 8975.95 4868.77 9466.09 6939.34
88.37 3618.51 2 5695.18 1000.55 5048.72 4560.85
88.65 4232.54 2 5570.83 8608.95 6735.78 4539.89
91.61 3080.42 2 4814.09 3616.45 3029.92 6127.57
93.03 2151.30 2 8186.47 6592.63 6942.34 4837.57
101.09 4454.60 2 4458.11 6095.10 8321.96 8311.90
110.57 4828.69 2 8301.36 821.86 7812.77 5625.77
112.51 4025.70 2 6486.42 7083.63 6386.47 3059.18
131.04 1652.06 2 978.67 9038.65 1560.96 7492.61
134.26 5312.80 2 4343.73 3792.35 3192.39 8978.90
135.42 1471.06 2 3680.14 6738.07 3560.46 5271.88
137.36 5168.19 2 9839.91 4319.09 4707.51 4926.29
139.78 2188.83 2 7007.29 1780.98 5290.02 3138.16
139.82 3991.02 2 1516.49 8607.03 5364.07 9667.38
139.83 5091.26 2 7259.24 8300.68 2656.31 6124.92
139.83 4891.60 2 2984.58 1125.53 2105.09 5937.42
140.40 1219.88 2 3098.87 4924.99 3097.56 6144.87
140.66 3833.05 2 7857.56 8366.75 4859.84 5978.05
141.63 3381.52 2 6380.84 4440.40 3005.83 4650.14
148.07 6503.27 2 3746.44 685.22 5725.87 6879.92
149.20 5060.13 2 7665.00 6145.62 2628.31 6632.12
150.08 6304.05 2 1778.43 7593.35 7599.54 5173.49
152.57 5328.61 2 9497.47 6434.49 4623.44 8588.08
153.23 5861.29 2 3362.86 4105.27 5636.77 9507.49
154.25 4412.66 2 8328.64 3621.25 5015.85 6536.21
154.71 2135.46 2 8008.45 8202.73 7532.82 6120.92
158.17 2908.28 2 3651.65 8104.22 2363.51 5496.77
158.34 5316.82 2 1729.49 9425.84 4682.98 5004.82
159.68 6984.10 2 2989.35 7934.65 6040.15 1652.11
161.61 7680.57 2 1823.93 2598.22 9423.93 3707.81
163.49 5474.50 2 4012.91 1038.62 3426.09 6481.58
166.62 4230.98 2 2908.46 5559.71 7136.44 5719.06
173.63 3581.71 2 7914.61 5853.77 4451.70 6768.56
176.23 4911.50 2 7163.17 2544.85 9790.73 6694.41
176.74 4536.95 2 3728.63 7665.83 370.80 4614.79
179.86 3592.89 2 4075.19 4890.50 4544.55 1328.39
180.22 3010.87 2 7122.67 7271.80 4140.46 7686.26
181.89 2394.40 2 7294.60 8097.78 9459.76 7075.42
183.53 6376.72 2 7312.29 4877.98 952.31 5339.67
189.05 352.49 2 7754.80 3772.16 7404.63 3731.77
192.15 2107.45 2 4515.05 2641.06 6291.15 3775.42
192.34 6216.99 2 4024.52 1553.84 8979.26 5309.03
193.43 2471.61 2 3776.11 9232.73 5855.81 7897.18
198.23 8811.49 2 2060.09 1003.10 9176.53 6199.13
200.85 3142.31 2 3903.40 9389.74 1036.86 8102.48
201.29 4564.61 2 5383.31 2700.91 853.75 2136.31
202.55 7227.54 2 8755.36 3740.93 2139.97 6651.91
205.36 667.80 2 2261.88 8271.10 1618.35 8449.51
208.05 3902.55 2 1533.68 8243.62 5136.66 9743.09
214.11 2105.73 2 2669.63 596.65 974.46 1845.84
218.10 2204.82 2 1689.84 2070.59 3891.67 1955.95
221.10 10755.08 4 8747.52 5490.23 9090.83 6280.70 893.41 1587.15 1175.58 1934.17
224.82 4841.00 2 3642.05 6288.90 8434.81 5607.20
225.22 9060.77 2 4666.21 9941.09 6639.90 1097.90
231.40 8469.93 2 3495.18 176.53 7752.47 7498.77
232.05 7102.57 2 3479.35 6778.05 6590.53 393.14
232.15 3807.40 2 7724.65 5323.23 8500.02 9050.85
232.87 3343.60 2 997.17 7785.94 2794.58 4966.55
233.52 8076.03 2 1676.44 2134.05 7360.62 7870.99
238.45 7522.39 2 1909.64 8246.46 1007.73 778.33
239.65 3582.41 2 802.71 3820.02 1345.79 279.01
241.77 8288.35 2 2516.23 8068.64 9970.91 4445.88
242.40 5020.19 2 2638.54 6576.75 3222.71 1590.67
245.31 6165.37 2 8844.39 9506.94 2680.30 9632.66
254.99 8049.45 2 7905.78 2697.10 334.44 5429.96
260.37 4518.68 2 745.01 6618.76 2438.30 2429.34
260.88 8843.77 2 9946.94 5182.02 2167.52 9388.30
262.57 9128.36 4 4891.40 8093.57 4322.13 8510.66 8205.15 2455.57 9228.84 3136.48
263.43 5771.37 2 6186.96 3061.34 9767.46 7587.79
265.09 8054.61 2 3529.41 1979.42 4284.36 9998.57
268.81 8840.68 2 1048.60 7497.05 9401.17 4600.12
269.85 6192.44 2 5465.54 8060.29 1467.47 3331.47
272.84 6042.07 2 3723.02 2147.70 3747.85 8189.72
273.56 6877.88 2 7999.19 1414.90 5065.80 7635.87
273.87 5793.52 2 3426.09 2138.29 9213.66 1875.80
280.76 7837.91 2 1960.17 7676.44 9733.92 6675.61
288.55 7827.31 2 3427.05 9485.84 6693.88 2372.85
291.25 5562.70 2 6614.00 4831.68 1084.07 5434.63
292.91 8945.35 2 744.11 1895.62 6036.01 9107.76
295.45 4872.42 2 7179.24 6846.86 2306.91 6817.31
302.15 5407.39 2 6543.41 7958.45 2567.03 4294.00
306.95 5847.68 2 2998.04 5010.04 8139.22 2223.70
306.99 7149.49 4 4445.59 9512.20 5081.58 8784.50 4288.39 3009.08 3948.93 2910.80
307.40 7270.08 2 8255.29 6434.68 1002.67 5931.12
308.01 9100.51 4 6641.93 9141.73 6722.19 9569.14 6735.44 2283.27 7967.64 1662.47
308.70 6234.90 2 4831.83 6542.06 6890.43 656.80
314.46 5922.94 2 2985.11 5888.22 833.15 370.05
322.89 8444.30 2 2801.64 9245.34 1093.75 975.56
350.08 8103.93 2 5456.00 8455.55 3947.52 493.26
350.48 9524.14 2 9663.71 6871.49 1443.84 2060.78
370.08 9204.10 2 4160.36 9584.61 4989.88 417.97
378.55 10027.62 2 9079.38 462.10 5730.10 9913.85
