28.48 723.78 2 3218.12 3233.63 3401.95 2533.58
33.11 1655.50 2 6746.84 5051.82 7819.38 3790.73
43.11 1655.32 2 301.58 7423.55 1779.06 8169.97
63.15 1357.58 2 9430.07 3275.47 9445.47 4632.96
65.81 3090.33 2 8778.59 6789.66 5701.92 7080.00
66.68 3034.07 2 5539.55 6316.63 8100.91 7942.98
69.28 2463.99 2 140.20 5112.53 15.65 2651.69
97.11 2555.45 2 5992.66 2567.61 4703.12 4773.83
105.93 3996.43 2 2929.98 9759.55 6922.64 9586.05
110.88 3943.98 2 4566.38 5863.24 1552.89 3318.87
115.84 2891.86 2 7499.80 4594.63 7506.99 1702.78
116.70 4934.81 2 4453.05 6324.67 7845.02 9908.91
120.67 3433.46 2 5963.30 4813.69 2642.00 3943.28
124.56 5427.88 2 5826.91 7547.56 427.45 6992.85
128.43 5021.66 2 4235.39 7037.70 1285.09 2974.11
134.80 5639.96 2 9400.71 5148.44 4837.47 1833.93
134.86 6643.01 2 8306.32 2920.60 9599.37 9436.55
143.54 3877.23 2 3717.15 1444.08 3624.07 5320.19
144.10 4805.03 2 6295.48 6857.23 1823.28 5100.05
144.29 4414.66 2 6685.06 4745.67 7936.55 8979.23
149.75 6887.33 4 6678.05 5961.51 6755.13 6798.46 3951.12 3197.37 4977.06 2126.76
149.88 4494.12 2 7680.47 3682.52 4231.95 6564.34
154.52 5626.12 2 7690.40 5320.32 4821.06 480.88
157.77 2288.43 2 4742.03 9856.91 6933.95 9199.34
159.83 2891.40 2 7294.70 7486.25 9936.02 6309.98
160.56 5828.20 2 6656.16 90.75 7088.59 5902.89
162.76 3537.98 2 7925.42 538.17 6788.23 3888.41
163.60 6679.85 2 5162.74 8534.81 9498.51 3453.31
165.71 5785.49 2 9555.71 4129.36 9403.71 9912.85
165.77 5588.48 2 8873.90 9793.47 6042.48 4975.36
167.48 4773.87 2 6611.86 1758.58 6885.73 6524.59
171.41 8170.66 2 203.25 5501.41 6448.04 232.41
171.49 1574.57 2 6668.99 7677.79 5469.38 8697.69
172.80 4940.22 2 2975.35 4612.52 3860.07 9472.87
174.95 3447.74 2 8868.38 7654.22 5956.97 5807.45
176.17 4708.47 2 5731.11 1760.55 9620.71 4413.97
179.60 3179.97 2 7038.03 1830.81 8220.92 4782.58
179.75 5787.26 2 7571.68 3868.57 9889.22 9171.54
180.03 7301.34 2 1800.41 2171.43 9100.86 2056.72
185.38 3868.79 2 5441.25 4406.67 4688.13 611.89
191.90 3094.85 2 3744.10 7224.33 3531.94 4136.76
194.64 7732.15 2 9032.01 7870.16 1300.81 7991.66
194.82 2440.76 4 3745.64 8937.73 3304.94 9360.23 3507.50 9054.50 2339.70 8172.39
201.42 6170.90 2 3788.78 2603.08 6976.69 7886.75
202.93 5946.42 2 3944.63 2981.13 2229.65 8674.88
206.90 2245.22 2 6776.49 5429.37 6505.10 3200.60
207.78 2788.90 2 6758.88 3209.59 4548.53 1508.91
210.85 3142.64 2 6489.18 3003.21 9432.21 4105.39
212.52 5126.21 4 3605.42 5168.29 3597.06 4820.30 5847.70 7702.99 6931.89 7418.50
213.08 7254.18 4 7276.47 8894.54 6641.89 8504.93 4896.20 3201.76 4988.37 4123.60
213.78 3989.14 2 5579.75 1565.11 2201.15 3686.01
214.23 5711.52 2 7651.48 8919.95 1954.11 9321.89
216.53 1526.60 2 2882.99 3132.23 3231.32 1645.89
225.77 10088.27 2 1566.27 1744.95 8578.08 8998.07
226.28 7813.87 2 105.20 9695.85 7592.70 7461.18
233.65 8582.73 2 2449.80 9895.69 504.18 1536.39
235.89 3394.44 2 2599.95 4995.48 793.79 2121.45
237.19 7859.36 2 2046.10 4048.84 9320.36 1073.17
239.12 3455.82 2 5313.91 7719.48 5480.53 4267.69
243.28 7864.16 2 382.50 3183.63 6295.47 8368.40
244.55 3927.55 2 6804.33 4204.67 5945.41 8037.16
246.50 7124.90 2 6043.52 3648.90 1600.92 9219.14
248.65 5232.26 2 1437.20 8538.62 5271.55 4978.53
249.61 3080.34 2 6002.86 86.73 9082.84 39.05
253.62 6780.86 2 496.26 1272.92 2472.87 7759.30
254.92 5945.92 2 8829.10 6908.03 3231.63 4902.46
260.03 4401.62 2 1938.61 3840.97 6340.00 3886.62
261.27 6963.44 2 1950.36 8153.71 4206.92 1566.04
264.18 4308.88 2 9526.73 5771.57 8606.19 1562.17
265.12 5356.09 2 5463.31 9346.30 4801.83 4031.21
266.88 8843.82 2 6519.46 2008.51 1450.93 9255.81
271.48 7574.16 2 8253.75 2121.45 1286.91 5093.14
274.11 4005.58 2 3554.03 5874.98 4508.97 9765.07
275.67 7583.63 2 2497.14 7578.45 8443.06 2871.27
276.34 8916.84 2 9094.98 1080.94 2044.82 6540.36
278.63 4031.36 2 3170.84 1148.52 5566.50 4390.84
279.20 5160.21 2 4426.86 7437.53 4084.24 2288.71
280.41 9320.44 2 564.86 5104.18 8701.27 9650.54
282.29 9314.40 2 8098.15 8468.56 554.73 3004.60
283.23 4961.67 2 4849.23 2067.36 8860.68 4987.37
283.93 10396.70 4 4151.99 6784.29 3841.81 7655.79 9396.15 1834.14 9304.48 3256.58
284.99 5249.70 2 8653.09 6923.95 9198.77 1702.69
286.26 9912.82 2 3932.49 9921.26 2177.12 165.10
292.81 8240.25 2 9908.26 5263.01 1727.82 6254.04
294.76 5237.99 2 4732.38 7515.49 264.21 4782.01
310.66 8432.95 2 1773.36 9283.86 7973.78 3568.14
313.10 9055.24 2 849.73 4357.33 9876.98 3645.87
337.69 7784.55 2 1144.43 9248.70 3449.28 1813.18
342.17 9108.73 2 3104.99 9355.50 3506.20 255.62
343.15 7357.53 2 4096.90 160.75 5326.33 7414.83
344.07 9403.31 2 9987.11 9491.90 7259.74 492.80
351.04 10652.07 2 258.32 9883.20 4371.79 57.42
354.36 10017.97 2 5199.21 1027.08 98.08 9649.05
370.13 8906.49 2 9091.41 5636.73 1638.45 760.35
374.40 10519.79 2 105.37 15.08 9044.80 5560.59
