23.67 683.52 2 3884.71 9097.89 3929.76 9779.93
29.49 1374.41 2 9668.05 6058.15 8414.73 6622.23
71.93 296.51 2 6930.24 6868.52 7133.36 7084.53
81.30 3064.99 2 4129.61 8411.63 7173.86 8767.61
87.86 4092.79 2 5527.28 3092.69 9584.84 3628.55
89.96 3598.09 2 8664.45 8231.98 9404.95 4710.91
90.12 3405.75 2 8202.41 8244.01 6984.82 5063.35
93.12 1656.05 2 4085.24 1459.43 2901.93 2617.99
99.19 4759.46 2 9408.48 6906.82 7888.03 2396.76
101.65 982.55 2 1417.96 1168.42 441.62 1278.71
107.21 3760.31 2 5163.66 9696.65 8306.21 7631.63
108.07 3703.59 2 8469.60 6857.53 7926.42 3193.99
114.79 1539.49 2 8716.80 8348.04 7478.23 9262.37
116.88 4043.84 4 4783.65 7351.72 4537.08 6736.10 2606.80 6874.67 1185.12 7135.64
120.22 4810.97 2 3518.56 6021.16 8134.28 7377.86
125.25 3762.53 2 1173.51 7185.83 4351.59 9199.89
125.45 3972.56 2 7012.61 1687.56 4010.35 4289.03
127.13 3456.29 2 9952.07 2829.67 6771.89 4183.31
128.72 3335.89 2 6176.80 9073.28 3696.38 6842.67
129.09 5854.68 2 2555.34 902.50 8227.08 2354.60
143.58 5678.83 2 6282.96 3137.22 822.32 1578.22
148.29 2514.60 2 3565.20 7090.29 4852.00 4929.89
153.07 4053.26 2 9393.22 9672.10 5982.32 7482.42
153.93 6296.65 2 6301.56 7910.19 1360.92 4006.62
154.23 4511.33 2 4581.64 103.20 1332.05 3232.46
155.52 7376.25 2 8122.50 1220.54 8669.53 8576.47
155.92 3495.92 2 2829.26 8769.36 6129.32 7615.64
156.42 1420.93 2 8523.46 1629.41 7794.93 2849.36
164.30 7515.07 2 2103.86 8902.47 9158.91 6313.53
166.44 8322.05 2 3629.98 7156.71 8213.65 210.74
166.46 1722.86 2 4323.58 8063.53 3101.01 6849.62
172.73 7336.38 2 4532.62 273.51 520.99 6415.93
174.65 5932.60 2 4941.68 1301.99 8563.38 6000.83
185.35 7367.26 2 8267.69 7995.29 1986.64 4144.96
188.64 2332.03 2 4635.25 2242.30 6862.37 1550.70
189.11 4155.52 2 9716.27 5260.15 5707.88 4164.19
189.24 5762.20 2 455.12 2536.57 6196.58 3025.07
190.24 1712.07 2 5034.45 1139.35 6615.78 1795.52
190.47 8723.42 2 8794.67 7667.41 4062.89 338.82
191.72 4385.88 2 2727.92 8908.95 5856.77 5835.47
192.58 7629.09 2 1818.89 8763.90 9447.57 8843.41
193.79 2189.65 2 2954.82 477.28 765.33 450.95
194.14 7607.10 2 2244.87 9481.09 9231.12 6471.07
195.58 1779.23 2 2976.48 5872.08 4549.98 6702.60
196.72 6036.02 2 3946.97 3709.01 9680.58 5595.60
197.46 3972.99 2 6561.73 9508.96 3249.15 7315.45
199.26 2363.08 2 1076.32 4249.14 944.84 6608.55
200.53 3226.25 2 4896.23 8854.13 4764.40 5630.57
201.84 7892.02 2 6266.27 9068.45 9741.28 1982.66
202.11 6705.61 2 7361.04 2562.26 952.79 587.52
212.03 3401.26 2 4953.22 6295.60 5246.78 2907.03
212.88 6744.16 2 5804.87 2602.92 5037.47 9303.27
213.78 6289.19 2 2637.58 3130.10 8926.72 3155.43
217.56 6877.90 2 8778.97 1319.20 3173.17 5304.24
218.85 8242.64 2 1905.44 8619.37 7821.22 2879.62
220.52 4025.87 2 4341.06 4260.17 404.38 3417.45
220.66 4133.11 2 4230.71 7564.91 8109.94 6138.68
220.98 8649.22 2 2601.58 890.61 3679.20 9472.44
225.50 3575.00 2 5684.78 2533.80 2548.60 817.70
226.52 1626.19 2 4874.97 4861.01 5910.39 6114.95
228.16 6707.88 2 2298.61 358.62 2602.24 7059.63
230.36 6117.81 2 768.35 7682.53 6769.09 8873.68
236.38 3518.92 2 8716.16 1063.31 5343.76 58.47
239.30 2165.12 2 6786.68 8166.89 4879.01 7142.90
250.87 6343.26 2 707.24 9519.00 3813.91 3988.58
251.12 3956.22 2 6184.99 9739.22 3607.29 6738.03
251.80 6490.12 2 486.82 6436.44 3231.71 555.35
252.06 6902.86 2 810.63 8306.99 6595.39 4540.56
252.98 7148.80 2 259.62 6813.12 6806.39 3941.70
256.59 7729.60 2 8681.73 1806.55 1682.95 5087.38
256.76 4938.07 2 1822.08 3929.57 832.91 8767.55
259.60 8480.21 2 9945.65 7636.75 1512.65 8530.34
260.54 6526.94 2 7525.59 6540.64 1206.02 4908.45
260.95 9547.42 2 3328.63 2348.41 9082.27 9967.39
263.13 3556.28 2 7370.78 5958.40 5543.05 2907.75
264.89 3744.61 2 6304.10 7130.93 9794.87 8486.16
268.47 4723.48 2 6902.93 3949.97 3026.57 1250.89
269.43 8871.49 2 6574.19 7982.20 532.22 1486.21
272.82 7640.99 2 7343.20 9574.03 5691.58 2113.67
275.63 4881.73 2 8590.12 2092.29 6486.23 6497.40
276.86 4743.12 2 3009.18 4634.26 4739.89 218.17
277.45 7172.46 2 1312.87 6655.20 8320.53 5126.53
278.94 8347.14 2 5903.38 9512.20 8369.77 1537.75
279.68 5484.08 2 8687.81 9658.04 6018.87 4867.22
281.34 4167.21 2 5283.09 4220.05 3158.50 635.11
292.22 5610.93 2 4357.88 6260.59 7900.12 1909.14
294.55 6327.65 2 1166.78 1717.35 4771.20 6918.06
297.93 7596.69 2 4373.56 9072.08 4776.11 1486.07
301.31 6965.28 2 6238.10 2650.74 9667.20 8713.45
303.85 6992.50 2 1871.92 1850.87 7470.29 6040.53
309.70 8085.13 2 1277.90 9029.04 8415.38 5230.92
310.64 10732.01 2 4364.30 9952.02 9272.06 407.92
311.62 10580.86 2 8458.38 8668.79 1236.54 935.78
319.64 6682.09 2 4714.89 8597.96 5852.26 2013.38
320.20 10209.81 2 9552.02 5942.04 58.05 9697.71
347.72 8586.10 2 138.76 1119.13 158.85 9705.20
348.69 11134.61 2 1780.11 9650.49 8655.16 891.88
378.55 9727.62 2 1661.05 1524.22 7025.98 9638.67
383.05 9752.27 2 5694.30 8338.39 509.22 78.74
