34.11 1205.36 2 968.42 5223.35 72.62 6029.85
48.53 1626.37 2 9994.45 8168.47 9409.91 6650.78
58.01 1100.36 2 9308.45 9868.71 8571.00 9052.03
62.67 3133.65 2 2593.52 9022.73 4087.92 6268.37
66.19 3109.26 2 3777.29 2767.62 3421.52 5856.46
70.66 2932.91 2 9868.97 7613.64 9321.28 4732.32
72.79 2739.32 2 3784.36 572.42 3560.29 3302.55
82.88 2844.04 2 6183.52 6588.76 4751.99 4131.27
84.62 2131.05 2 1278.61 7968.21 3013.48 6730.62
88.94 2846.81 2 3255.25 4443.06 6067.63 4001.65
91.69 1384.40 2 2235.51 1156.90 876.80 891.39
106.39 4619.34 2 3370.30 4294.54 3707.85 8901.52
108.68 3433.99 2 5200.54 5718.93 8568.03 5046.37
119.66 4482.99 2 166.30 3602.06 457.54 8075.58
120.36 1717.87 2 8286.87 4950.26 7041.40 3767.09
127.24 1962.19 2 9811.43 3331.45 8278.85 2106.13
127.30 3264.94 2 6421.02 5619.00 8561.41 8084.47
128.60 3529.83 2 9317.80 7663.37 6006.79 6439.87
133.29 964.74 2 9259.85 960.48 9741.59 1796.33
139.61 4680.63 2 1156.79 6626.42 2409.02 2116.41
145.16 3557.75 2 7965.65 5197.51 6016.18 2221.42
148.80 2539.86 2 7577.14 3910.63 5278.44 2830.40
149.10 7354.80 2 6244.21 8683.62 1661.26 2931.26
149.73 7186.31 2 4778.97 6728.05 1008.09 610.56
149.91 6295.25 2 2794.68 6992.65 8150.52 3684.30
149.97 5598.65 2 7342.78 2938.63 1950.77 1431.61
151.00 2550.18 2 6963.76 1950.92 8562.52 3937.72
151.11 6555.50 2 1001.77 4569.19 6983.08 7252.20
155.79 3989.71 2 3953.12 5382.93 4606.03 1447.01
158.31 4915.61 2 3770.10 7174.43 7360.02 3816.51
158.64 5731.83 2 5487.47 8747.86 1680.53 4462.87
165.71 3585.54 2 9843.90 6592.50 8485.18 9910.63
165.89 5694.33 2 7663.09 2203.76 2576.29 4763.02
171.98 2999.12 2 1476.05 9503.98 4271.11 8416.60
172.51 2425.43 2 6585.19 7777.31 8648.96 6503.11
178.74 4337.14 2 8654.32 1790.20 4875.05 3918.08
178.84 7841.80 2 8879.71 1388.63 6019.09 8690.05
185.79 7889.40 2 1879.35 9861.81 9575.47 8126.19
188.17 7008.68 2 7532.53 6597.45 894.32 4348.93
192.51 4525.74 2 1309.01 7522.66 5803.84 8050.72
193.09 5554.57 2 7029.67 5988.80 3088.91 9903.35
193.11 4155.42 2 7259.58 5756.82 6783.18 9884.84
194.93 5846.28 2 9428.90 8372.17 4998.33 4557.85
197.64 6482.20 2 3677.37 8533.30 9540.69 5769.17
201.73 3086.56 2 8121.96 4885.63 5189.01 5847.22
202.43 3421.32 2 6445.97 4336.56 5714.23 994.41
204.48 7724.20 2 7157.65 1602.35 9289.67 9026.49
206.35 4217.60 2 6527.97 3753.72 6917.95 7953.25
206.98 9949.12 2 7517.99 72.27 5824.45 9876.19
207.99 8699.42 2 6125.92 813.69 4279.16 9314.83
211.71 6585.27 2 6014.65 1458.71 6653.51 8012.92
212.44 7822.22 2 7254.14 904.42 6917.85 8719.41
213.53 1776.44 2 4336.27 259.10 6036.07 775.25
214.46 7122.96 2 9798.49 3196.43 3650.24 6793.02
219.55 3577.36 2 1288.16 2062.30 1612.10 5624.96
220.10 1605.16 2 1757.31 7283.27 3065.50 8213.43
220.42 5721.15 2 1375.61 6959.56 2910.82 1448.23
225.44 3372.24 2 6951.01 5226.66 9860.20 3521.17
225.54 3477.10 2 7828.02 6591.58 4449.20 5770.71
227.15 8657.70 2 8975.11 1230.98 1357.56 5345.43
229.14 6657.12 2 5479.43 3374.10 6778.99 9903.14
230.22 8211.14 2 7405.81 9372.11 7446.18 1161.06
233.04 4051.93 2 3635.60 5444.27 4230.51 9452.28
234.22 5410.92 2 2752.16 6531.95 3673.23 1200.00
238.44 6722.21 2 8498.10 7095.88 4575.32 1636.94
240.06 7803.00 2 1234.64 9968.49 7065.22 4782.83
240.26 3713.12 2 1284.92 6223.13 743.60 2549.67
241.71 7585.38 2 7326.58 8104.19 7004.07 525.66
245.30 5865.15 2 826.37 4892.18 6687.92 5097.48
245.89 3194.72 2 6401.77 3628.19 3335.17 2732.53
247.67 4883.47 2 8514.50 350.05 9799.28 5061.48
249.15 6457.66 2 2408.55 4886.26 6879.84 9545.55
253.39 5769.74 2 8128.68 197.46 5560.60 5364.17
255.16 6257.95 2 230.27 5729.82 5726.31 2737.25
258.38 7119.24 2 524.72 9802.77 6500.98 5933.92
259.91 9495.62 2 16.78 618.85 5356.03 8471.19
260.16 5908.24 2 7137.49 7900.68 1240.89 7529.88
260.78 6438.84 2 7453.59 7943.44 1810.97 4841.91
260.80 4540.04 2 2541.79 4253.43 6945.15 5359.04
265.21 4260.29 2 1246.21 1099.90 5483.69 659.59
269.41 3970.43 2 4896.19 5289.60 7004.56 8653.98
281.91 8195.60 2 9697.27 6269.73 4039.94 339.93
288.44 9022.02 2 2181.36 7483.83 7353.19 91.33
291.52 6475.88 2 2371.00 1880.74 2997.09 8326.28
294.08 4904.14 2 9680.00 5316.82 5946.17 8496.30
297.19 7559.49 2 1799.38 5547.22 8005.13 1230.45
303.15 6457.32 2 1926.27 3721.42 6573.18 8205.08
303.31 5565.68 2 5515.42 6074.67 8965.70 1707.47
310.32 7516.01 2 5382.09 2098.40 990.09 8197.63
311.97 8398.53 2 9656.81 8976.02 1806.64 5991.03
319.23 6061.52 2 4768.62 1275.72 94.97 5135.65
320.04 7802.15 2 9574.23 6021.44 2160.40 3590.65
321.86 7292.92 2 6049.45 4196.86 1534.91 9924.49
332.12 8206.09 2 3817.82 9036.60 4000.59 832.54
333.33 6966.52 2 9465.10 3895.63 3451.73 7412.97
341.87 10293.62 2 634.98 9088.81 7952.25 1848.90
348.22 9711.09 2 0.86 3006.00 9462.15 5194.43
357.10 9254.97 2 705.58 7326.75 9953.59 6968.03
358.45 8722.31 2 8688.55 2257.65 98.63 3771.56
390.48 10224.05 2 9687.73 3786.32 1050.03 9256.36
