13.62 281.18 2 2726.37 7111.68 2962.66 7264.10
56.20 2810.17 2 1630.09 3993.41 1864.71 1193.05
62.63 3031.45 2 5940.00 4032.78 2952.69 4548.22
68.33 2316.66 2 9228.49 3633.02 9762.23 1378.68
77.60 3080.00 2 5722.95 7291.95 5765.79 4212.25
91.94 2097.07 2 9670.08 3488.17 8147.28 4929.97
94.31 3415.33 2 4861.62 5555.24 4484.24 2160.82
99.49 2674.47 2 1121.14 6492.67 1866.73 3924.23
108.32 4416.14 2 4074.45 2481.97 7031.23 5762.18
108.49 3924.50 2 3933.71 415.30 3958.10 4339.73
109.44 3272.19 2 3710.27 4674.91 5974.56 2312.65
119.23 861.27 2 3222.69 6072.73 2638.43 6705.53
120.72 5336.21 2 7507.15 2892.75 7458.98 8228.74
124.73 5936.51 2 6006.20 4703.84 70.10 4774.07
127.20 4959.84 4 3882.62 4012.85 4230.57 4476.45 3306.44 8126.01 2963.33 8636.93
134.70 2635.18 2 4970.50 938.89 4232.47 3468.61
139.11 4855.49 2 3389.66 6885.60 7673.93 4600.68
140.94 3246.84 2 1967.40 7997.77 628.88 5039.68
145.13 3956.27 2 6858.29 1494.08 4933.23 4950.42
147.15 6157.65 2 3843.67 7398.63 3012.07 1297.40
148.44 5621.98 2 5450.19 1206.83 8595.81 5866.42
148.82 4441.02 2 7183.66 5952.43 3478.61 3503.91
149.87 3193.74 2 750.53 2452.95 3263.97 4423.38
152.76 2937.77 2 1231.08 9335.76 799.52 6429.86
155.67 5883.28 2 5923.65 9884.37 587.02 7407.80
157.31 3665.29 2 4400.38 618.38 1289.49 2556.60
158.45 7022.63 2 7926.72 8039.06 9978.02 1322.71
159.61 4080.54 2 271.73 3744.59 1990.48 43.68
160.35 2617.58 2 4782.69 4740.48 7310.37 5420.61
164.04 6501.85 2 877.30 6332.87 2659.82 80.14
165.24 5062.23 2 3981.37 4061.44 8669.56 5971.18
171.15 2257.69 2 2367.57 9330.52 1594.54 7209.30
176.39 8619.66 2 6837.44 9877.89 1467.40 3135.39
177.14 6857.23 2 6390.95 1431.62 1352.56 6083.10
177.80 4090.14 2 5247.13 5755.79 3978.60 9644.24
180.75 2437.67 2 652.59 6168.47 2279.53 7983.76
181.51 8475.52 2 7725.76 9185.34 8954.00 799.28
187.37 6968.39 2 495.39 7166.08 4303.83 1330.48
187.56 6677.92 2 5905.36 1370.62 3190.23 7471.67
190.40 6619.83 2 5137.95 1243.56 162.90 5610.60
190.96 1148.05 2 8685.42 4732.43 7586.11 5063.40
191.19 6459.64 2 2113.61 8863.15 8452.68 7620.89
191.80 6790.20 2 9626.44 2815.16 2853.13 3293.78
194.77 3038.69 2 5162.66 2933.35 2124.18 2969.22
194.99 649.45 2 2088.66 5227.19 2175.89 5870.75
195.70 6384.88 2 3148.97 4074.01 120.72 9695.07
197.55 9377.42 2 9585.80 567.05 5318.23 8917.12
198.04 4101.76 2 4790.58 7861.34 1332.61 5655.22
198.83 4741.46 2 4600.06 5469.39 69.16 6866.65
199.00 3150.00 2 6598.43 6046.50 5252.71 8894.58
202.08 4503.91 2 1639.42 6034.70 4324.87 2418.96
202.34 6617.11 2 4083.89 8108.60 8403.56 3095.97
204.04 6202.12 2 4412.19 6793.91 6348.08 901.66
207.80 2489.94 2 8026.55 34.49 5585.12 523.60
212.68 2534.00 2 5034.23 3042.35 6301.74 848.14
214.35 2717.63 2 3784.52 345.53 6143.63 1694.66
214.40 4220.23 2 1823.61 5752.32 2513.62 9915.75
216.14 1606.98 2 7700.75 6793.91 7485.62 8386.43
219.53 8376.40 2 2952.76 3216.81 8113.20 9814.82
222.85 5442.49 2 1896.54 8173.80 6902.03 6037.04
223.63 5181.46 2 9215.59 3221.60 7630.87 8154.77
224.58 5928.94 2 491.76 1857.35 2428.87 7460.92
227.08 5154.10 2 5937.39 1868.32 1653.38 4733.98
228.09 3104.56 2 536.46 8978.07 2702.49 6753.98
228.73 7036.33 2 2653.48 7096.55 9686.29 7319.23
229.50 2074.83 2 5987.42 7060.66 4272.49 5892.77
232.05 5502.43 2 9347.71 8957.70 4601.89 6173.12
232.88 3443.87 2 8240.92 6403.13 7910.85 2975.11
233.39 4769.63 2 90.93 6726.68 3313.99 3210.82
238.28 4814.10 2 3890.04 9148.39 4425.66 4364.18
239.13 7456.30 2 3653.67 970.74 8116.50 6943.97
240.15 4507.53 2 4324.96 6254.17 7790.83 9136.11
245.14 7256.84 2 3300.98 8851.75 5537.29 1948.08
247.03 6851.54 2 2443.61 59.79 6423.89 5636.62
247.57 8678.38 2 1542.63 4215.99 9215.06 160.35
254.07 11103.59 2 83.64 440.17 7309.34 8870.99
255.80 3790.24 2 5736.77 2672.66 5950.13 6456.89
261.16 5457.98 2 4927.63 4674.39 2183.44 9392.33
262.62 5930.79 2 6897.26 6223.36 2017.40 9593.98
263.36 8267.93 2 9367.29 8476.12 4046.16 2148.08
270.07 3903.63 2 5972.15 8004.36 2075.37 8235.46
271.79 5089.33 2 4280.28 4202.48 3712.50 9260.04
285.47 9673.54 2 9875.14 4675.38 544.14 7226.82
293.26 5762.89 2 9552.00 2623.72 4116.23 709.74
297.23 6161.38 2 2451.10 4048.38 8048.50 6623.60
302.74 6337.09 2 3568.30 8469.50 8095.73 4035.40
303.77 7488.40 2 4141.67 7259.77 6998.43 337.70
304.16 5307.98 2 1008.44 7186.01 5857.24 9345.60
311.79 9189.70 2 8674.66 6517.06 467.34 2382.98
316.25 6312.60 2 6202.21 3149.94 3135.83 8667.75
318.93 10046.57 2 8606.11 2890.96 399.18 8685.77
321.26 6363.13 2 7750.78 4365.19 2164.78 1317.88
327.58 9379.13 2 841.04 8427.41 6900.44 1268.38
331.46 7973.02 2 8418.57 4297.00 1599.01 8427.70
340.52 7725.85 2 7080.67 8421.14 5981.57 773.87
347.89 9594.59 2 3984.26 9285.80 7301.13 282.77
348.24 10012.20 2 9846.81 2134.44 1547.25 7734.57
357.40 10569.96 2 1243.17 37.80 8323.38 7886.02
362.02 8301.10 2 2224.32 5904.78 8931.88 1014.29
