24.21 1210.33 2 7743.02 5617.55 8932.90 5839.16
53.01 1950.51 2 8141.02 5674.92 8935.87 3893.71
67.06 253.21 2 6602.28 8762.63 6561.40 9012.52
72.42 1820.95 2 2393.17 6614.15 3865.85 7685.16
89.30 2264.80 2 3032.12 401.05 4996.45 1528.32
91.65 4182.47 2 4114.68 453.67 809.54 3016.69
111.93 4696.37 2 3499.44 6933.42 840.38 3062.33
116.21 1910.74 2 750.79 4495.87 1341.64 6312.96
116.55 5527.56 2 6027.30 3754.74 512.34 4127.76
116.78 4438.99 2 1077.89 4477.46 5505.91 4789.23
125.57 5678.61 2 2970.77 865.49 6451.80 5352.02
126.61 1730.51 2 4164.77 7959.16 5391.86 9179.38
128.19 5209.58 2 317.28 5430.49 3196.15 1088.63
128.26 5912.78 2 8130.17 1230.98 4771.82 6097.44
132.90 4945.16 2 2406.76 2220.19 5181.46 6313.55
135.21 5460.36 2 2935.46 7012.40 7897.74 9290.87
141.42 4971.02 2 8350.42 9169.07 9288.77 4287.41
141.89 4594.25 2 3569.23 9709.73 4855.31 5299.16
142.61 1530.36 2 3336.34 9546.82 4866.11 9504.57
143.36 7067.91 4 4480.73 5109.28 4223.57 4224.97 8373.65 2030.65 7271.30 2976.45
147.34 3567.18 2 3774.33 5035.80 232.37 5459.32
149.46 7273.08 2 5673.51 1508.54 3696.33 8507.71
149.66 3982.78 2 8987.23 8535.19 5041.99 9080.73
151.41 1270.73 2 4347.00 320.26 3089.08 140.34
151.60 1379.79 2 8072.00 3518.57 8640.21 4775.93
152.70 4334.97 4 1738.67 6489.16 2121.28 5587.65 680.21 4236.18 43.85 5460.68
158.07 6003.61 2 3243.96 6105.82 7137.07 1535.60
159.74 6987.10 2 7392.37 3151.17 9690.51 9749.51
164.53 5326.69 2 4999.85 6309.05 4667.13 992.76
168.07 4303.29 2 4428.66 2169.44 412.88 622.88
168.71 6035.49 2 6059.75 9523.64 2025.37 5034.66
171.66 7782.96 2 2871.65 1896.93 2974.80 9679.21
172.92 6345.84 2 428.24 1601.92 3144.78 7336.92
173.86 2292.83 2 9104.29 5208.54 7149.83 4009.74
176.39 1919.73 2 2630.62 5622.17 4219.11 4544.17
180.27 6413.31 2 8431.35 7746.29 9761.01 1472.34
184.21 3510.50 2 984.31 6317.40 4396.09 7144.05
185.11 7755.41 2 4108.51 2282.65 9757.31 7596.55
194.60 729.89 2 6545.25 8691.84 7271.79 8621.96
195.46 8173.00 2 1287.28 78.35 1556.55 8246.91
195.98 6598.97 2 8394.95 4037.65 5274.02 9851.96
196.35 7017.43 2 6087.06 9931.70 5420.07 2946.05
197.63 8781.63 2 2799.48 9523.26 5519.23 1173.41
197.69 4684.47 2 5557.82 8418.64 2116.47 5240.38
198.71 2035.51 2 3604.02 3729.25 2686.85 5546.42
199.75 7987.74 2 161.55 57.68 7782.12 2451.59
201.13 7056.54 4 6923.96 3961.74 6686.55 3876.98 1043.13 5634.43 1375.25 4804.74
202.95 4647.40 2 5258.85 4964.92 2873.31 8953.34
204.44 5922.05 2 8502.25 8850.31 2584.79 9083.29
205.72 3686.18 2 4062.82 3861.95 1168.44 6144.59
217.43 5871.70 2 3201.76 6399.69 8841.42 4765.35
218.12 1506.22 2 8245.30 564.99 7737.29 1982.95
219.57 3578.50 2 2333.84 4071.55 5375.47 2186.31
224.56 7528.03 2 7269.12 1634.31 1718.58 6719.85
225.53 2376.27 2 4745.70 5189.27 2687.66 4001.38
229.74 4787.23 2 4857.79 6622.04 8424.99 3429.45
230.04 3801.85 2 8811.73 4232.06 5009.93 4212.68
230.57 4028.45 2 2365.96 1349.59 2028.89 5363.91
232.30 2415.11 2 3147.91 8213.44 1305.34 6652.14
235.17 9058.63 2 1899.07 8544.45 5642.40 295.43
236.20 6509.97 2 9223.46 6424.15 3344.28 9219.67
236.94 7847.17 2 1008.63 6111.46 7861.80 9934.04
243.85 7492.48 2 4578.69 7362.30 1354.97 598.80
244.99 7149.33 2 6837.52 2225.70 242.97 4987.00
250.11 4405.40 2 7060.33 8324.33 5796.22 4104.19
251.37 5268.56 2 1042.13 5167.64 4382.93 9241.56
253.19 5659.61 2 6101.32 5725.54 548.32 4632.24
253.26 8163.01 2 9455.00 8973.81 5339.84 1923.98
254.00 5599.93 2 1352.71 7186.17 4721.79 2713.08
257.94 3197.11 2 6271.98 6787.56 4040.16 9076.77
258.52 3425.93 2 1090.07 9918.55 3735.16 7741.28
259.34 6467.02 2 8968.79 7639.74 3320.53 4490.21
259.76 4487.75 2 4339.40 2847.43 7831.88 5665.67
263.48 3873.90 2 5499.23 5064.47 8929.18 6865.18
263.66 3283.09 2 2528.27 6393.30 3576.00 9504.73
263.67 9583.57 2 632.96 9068.79 4863.44 469.50
266.01 7900.37 2 2412.11 1069.15 4182.68 8768.56
269.74 5287.12 2 4810.40 6268.97 40.67 3987.89
270.20 10110.07 2 9474.34 3872.07 137.72 7750.34
271.35 4967.26 2 8571.46 63.55 5972.92 4296.90
272.30 7515.25 2 1112.11 9760.32 1590.50 2260.32
279.01 6350.37 2 7506.24 5247.37 1378.27 3581.52
283.32 5766.02 2 2853.69 3903.61 8279.56 5854.71
283.55 6177.59 2 5595.60 3121.56 4906.13 9260.55
283.84 9792.10 2 9860.78 5509.80 445.26 8199.26
289.02 8450.87 2 6022.89 9654.78 2520.31 1963.93
295.89 7594.30 2 4334.55 234.71 3144.34 7735.16
297.62 8080.81 2 1252.15 9029.59 6639.89 3006.99
299.73 6286.59 2 3556.18 6660.07 8730.06 3089.06
304.82 5641.09 2 3998.64 8866.30 458.49 4474.34
308.40 9619.92 2 2837.05 1670.88 9704.62 8407.31
313.61 10880.63 2 999.59 702.44 9958.25 6877.43
333.91 8395.59 2 522.87 771.49 8219.23 4125.91
336.86 7742.82 2 6508.16 1562.71 8222.57 9113.34
342.58 9329.14 2 5629.96 8934.40 9829.56 603.96
352.96 7848.01 2 8645.31 8137.65 932.07 6689.46
400.29 11214.61 2 9427.68 9354.92 2486.18 546.79
