22.65 832.37 2 2286.45 8330.95 1844.78 7625.41
44.76 1338.00 2 3913.12 1530.98 2918.06 636.49
59.49 2274.61 2 5688.01 9485.89 3413.47 9504.14
62.80 2739.90 2 8064.09 2417.52 6153.21 4381.09
77.45 2572.68 2 6847.63 4099.24 5342.74 6185.86
91.60 2679.86 2 6160.49 4496.71 7480.69 6828.81
99.52 1375.78 2 3859.71 6669.94 2733.20 7459.72
103.60 1779.86 2 2171.78 5516.93 1567.19 3842.91
107.29 4164.38 2 5568.53 1433.63 9641.77 567.13
107.74 2286.93 2 7639.77 4082.08 6440.00 2135.14
108.33 4916.53 4 1427.59 5970.01 1444.07 6370.93 410.52 9336.16 1743.53 9673.70
110.24 2511.75 2 6593.26 6188.76 9003.54 5482.06
113.88 5594.16 2 8840.27 9502.09 5547.50 4979.67
115.13 1856.68 2 1305.55 9312.52 3162.15 9330.20
116.08 4303.91 2 1037.93 2336.62 3812.13 5627.12
118.22 3911.09 2 6126.09 3451.46 9879.77 4549.84
124.85 3542.35 2 7334.49 4438.93 3884.43 3635.60
126.22 5711.07 2 7667.90 1889.69 2104.31 3179.21
126.49 324.38 2 5204.32 9159.25 4896.09 9058.17
126.68 5334.03 2 1839.63 1943.39 6580.12 4388.72
129.07 4353.34 2 9194.27 1531.38 5364.55 3601.35
134.03 2701.42 2 6123.25 7353.18 8759.17 6761.89
134.98 2349.12 2 3629.40 9092.46 5834.49 8282.55
137.03 2651.46 2 527.53 8526.01 3132.94 9018.04
142.87 2343.48 2 4695.68 9833.03 6899.64 9036.52
144.34 4416.80 2 3260.11 3988.83 7233.08 2059.15
146.18 5608.75 2 6282.87 5636.39 739.24 6488.63
147.19 1059.46 2 4580.88 802.44 5512.74 1306.50
157.71 5285.74 2 3529.41 9418.81 4211.41 4177.26
168.94 8446.80 2 5701.08 1084.92 1194.01 8228.77
169.96 3797.98 2 5323.05 6182.89 1582.80 5523.21
171.76 7788.21 2 9218.40 3501.17 2006.49 6441.35
173.14 5456.76 2 1413.31 1086.50 6522.37 3003.20
173.81 5190.32 2 5175.01 1803.15 4429.80 6939.70
177.20 7759.94 2 8713.37 693.83 2457.76 5285.57
177.34 7067.21 2 9108.11 9372.11 6447.90 2824.68
180.75 6637.27 2 8054.50 1439.84 4599.32 7106.86
182.19 5309.69 2 1978.10 4112.90 4685.80 8680.30
187.62 4080.98 2 9702.97 9466.04 5667.83 8856.04
188.03 3301.32 2 520.11 2388.04 3066.36 4489.31
189.41 4470.38 2 7556.74 1355.99 3809.49 3793.70
189.55 3877.55 2 7909.68 6689.04 9615.75 3206.99
191.71 2585.46 2 6662.23 3186.14 5087.91 1135.25
198.42 4121.21 2 7993.18 159.56 8910.48 4177.39
202.32 1916.22 2 1849.28 63.13 1758.51 1977.20
202.53 3526.68 2 6719.04 6968.56 3356.35 8031.46
208.39 8819.60 2 8137.06 7686.95 1196.42 2245.18
215.08 3253.75 2 8713.49 4607.63 8734.01 7861.32
215.27 10563.68 4 1271.15 9955.58 1699.15 9328.01 4689.57 1093.44 3703.72 1434.86
216.00 6299.86 2 4750.87 7036.03 2897.41 1014.99
216.67 7533.48 2 8328.88 7745.78 6235.96 508.86
216.75 1737.47 2 119.99 7442.69 882.32 5881.39
217.14 8356.88 4 5414.99 2269.86 5633.64 1558.56 4022.31 8401.35 4018.76 7818.59
218.70 8034.82 4 2169.59 1909.65 2030.07 1506.03 1946.02 8736.06 2130.12 8406.79
219.10 6354.77 2 5618.88 9008.17 1520.17 4151.86
226.67 4533.66 2 9429.06 7191.17 5523.83 4888.30
232.29 5714.69 2 1690.60 8512.53 1920.23 2802.46
232.82 2840.83 2 9681.39 2516.68 7542.97 646.53
233.58 6179.19 2 3001.05 3936.16 1494.86 9928.97
234.95 3047.69 2 8244.69 7354.43 5305.51 6548.42
237.23 3261.48 2 6015.54 5066.54 2854.03 4265.23
257.46 7172.77 2 7114.08 9487.62 830.73 6028.13
258.43 6521.64 2 9782.49 6241.70 7346.41 192.12
259.50 10675.02 2 9991.40 8819.37 3680.78 209.37
259.64 6282.18 2 8536.27 7841.20 4071.95 3421.29
262.53 3726.57 2 7421.93 4804.49 4996.95 7634.12
262.91 3945.28 2 9163.33 3614.80 6810.81 6781.96
266.07 8103.73 2 9309.42 5848.91 1818.34 8939.88
269.58 8578.93 2 9761.25 6638.69 1466.46 4449.04
271.19 3859.59 2 9234.46 8464.82 9722.76 4636.24
272.66 6033.19 2 1058.33 1219.78 7041.48 1995.21
275.98 4298.97 2 3134.75 9990.97 1902.85 5872.29
278.97 4048.44 2 4195.97 244.80 1394.32 3167.23
281.22 7860.82 2 4329.50 404.56 7499.98 7597.65
281.40 6169.79 4 794.12 3204.05 426.99 3528.95 5293.33 4760.44 4649.45 4616.40
281.72 5585.91 2 9919.80 1624.24 6352.97 5923.08
282.26 5713.16 2 7028.68 757.80 1870.48 3214.05
290.79 7139.68 2 8701.60 6174.61 1562.44 6261.26
292.24 9511.97 2 1704.58 199.54 6881.21 8179.52
295.49 7574.34 2 3733.88 1540.06 8014.57 7788.77
301.88 10994.05 2 7869.62 857.50 86.69 8622.49
303.71 8685.52 2 3806.71 9045.35 3800.17 359.83
307.68 6383.85 2 8177.04 799.52 7644.34 7161.10
311.24 7762.15 2 38.41 7915.93 2330.76 499.99
322.92 7245.99 2 627.83 3442.23 7329.14 6198.45
330.64 8431.84 2 2880.63 6761.59 8650.08 612.66
334.75 8437.50 2 1438.93 5419.98 9727.24 6999.67
339.95 8997.67 2 1973.00 9879.30 6054.58 1860.65
345.05 10152.59 2 8107.55 8062.27 1070.50 744.15
345.29 7964.38 2 658.79 2624.37 8397.25 4507.87
345.42 11871.17 2 9878.15 8864.91 688.90 1349.43
348.88 10543.98 2 2666.73 9133.57 9187.76 847.95
358.74 8136.87 2 8990.90 4521.76 1420.83 7505.52
371.76 10888.06 2 7460.64 811.56 917.04 9513.92
379.12 11656.18 2 8636.90 96.45 134.47 8069.86
