59.81 2590.64 2 7396.99 4776.23 8314.72 2353.58
80.07 1003.59 2 1393.15 877.20 2309.88 468.79
91.21 2460.67 2 5993.00 2373.37 6614.12 4754.36
92.00 3600.25 2 6588.53 3880.20 4532.35 924.89
92.15 4607.73 2 6797.06 8185.44 7268.93 3601.93
97.06 4353.04 2 9944.50 2164.56 5679.25 3034.39
101.08 4453.94 2 4275.72 9130.39 2730.46 4953.10
107.25 5162.38 2 6947.32 5856.67 1801.12 6265.08
113.67 4183.47 2 4625.08 1252.95 8808.36 1214.35
117.99 5099.68 2 5601.57 3489.96 5260.52 8578.23
118.96 5848.13 2 9068.72 8764.34 7571.31 3111.17
122.08 804.16 2 7616.10 2581.38 6837.94 2784.21
125.51 5575.34 2 7227.74 9290.94 1960.76 7462.48
125.90 3495.22 2 704.13 5854.20 1925.26 2579.23
126.57 6028.55 2 9799.47 2144.42 3859.17 1116.68
127.97 3298.42 2 7398.67 5119.94 6551.49 1932.17
128.14 4207.23 2 8399.28 990.56 5410.06 3951.20
134.80 2439.87 2 290.56 1895.83 2617.98 1163.68
134.86 2943.12 2 3628.01 3170.10 4189.91 6059.08
138.65 4232.47 2 7498.46 831.64 3267.03 738.00
139.81 1090.64 2 7024.81 5938.32 6599.26 6942.52
140.66 5733.25 2 3905.17 9372.26 4304.21 3652.91
143.54 3476.81 2 6280.97 6281.30 4126.92 9010.45
147.82 1791.23 2 8837.94 743.86 7831.54 2225.63
148.29 4514.35 2 2523.78 7713.16 6234.87 5142.70
148.79 2839.64 2 4345.45 149.51 2438.18 2253.28
149.10 5655.15 2 3022.60 2086.26 5925.30 6939.62
160.58 7128.76 2 9697.49 2436.01 6217.34 8657.57
163.53 3076.34 2 2600.37 8457.14 5676.70 8456.60
170.81 2240.39 2 2664.47 3901.73 2353.81 1682.99
171.52 4475.82 2 7272.35 3976.35 2874.27 4806.92
173.56 2878.13 2 3204.75 4996.82 851.73 3339.44
174.48 7624.13 2 7012.95 9910.33 9589.59 2734.80
176.71 7135.50 2 6123.56 9344.63 3709.94 2629.73
179.16 4257.82 4 5774.05 677.20 5351.87 67.13 5715.65 2281.16 6224.89 3447.01
181.09 4654.73 2 6277.91 6075.51 4235.61 1892.74
183.24 1862.17 2 2184.18 5277.06 1484.18 3551.46
185.70 7884.90 2 5592.15 1012.68 8727.14 8247.57
188.58 3328.84 2 4814.82 4789.09 6097.50 1717.30
189.77 4288.48 2 1654.16 1865.00 1850.09 6149.01
190.98 7949.22 2 1362.47 244.98 6974.86 5874.48
193.92 4295.82 2 9614.34 8014.35 7469.93 4292.05
197.46 3373.02 2 224.87 1457.54 3240.01 2969.57
199.99 6799.38 4 8536.94 6660.09 8855.11 6350.65 3754.68 5729.61 4023.19 4542.14
201.45 5072.42 2 1016.99 3805.34 6025.03 4610.95
204.24 8211.89 2 6458.88 3606.19 49.03 8739.31
208.93 6946.28 2 9321.68 735.76 2636.96 2623.99
209.16 2157.95 2 3489.36 1838.92 4719.36 65.83
210.83 7941.28 2 802.04 9584.20 8190.17 6672.22
213.27 5163.73 4 7034.75 5421.29 6192.28 5677.74 5072.96 8721.08 4897.06 7695.62
213.64 6682.19 2 8787.86 209.91 2133.23 816.11
214.84 8442.20 2 9537.65 5831.91 1509.15 3221.54
215.73 8886.33 2 4478.60 1016.24 2959.71 9771.80
215.96 7397.76 2 8199.19 8526.97 4780.71 1966.42
218.67 9733.48 2 2007.58 1243.68 7651.06 9174.11
223.56 6377.84 2 1796.85 3432.89 7883.94 5336.60
236.99 9349.30 2 9239.17 3894.30 535.96 479.10
237.43 6171.51 2 463.32 2575.04 6050.00 5197.37
241.12 8455.75 2 1248.69 6762.69 9439.36 4662.04
243.20 3060.02 2 4292.74 1729.18 6900.82 128.65
246.71 4235.71 2 5217.02 2027.23 1717.65 4413.77
246.82 9941.16 2 6043.37 8522.45 547.60 238.54
248.72 3035.85 2 9044.15 6696.66 6828.03 8771.55
249.03 3851.56 2 1601.66 6130.72 4298.82 8880.23
251.71 9285.37 2 512.34 6803.99 9501.12 9132.06
253.67 6483.30 2 3563.31 979.69 1519.44 7132.39
255.40 4269.75 2 4699.60 8296.04 693.55 6818.78
260.77 6038.29 4 3462.57 5643.25 3647.68 5556.11 6434.99 1460.49 7302.83 1603.68
261.81 5490.64 2 2079.94 7964.83 5430.40 3614.94
262.33 4116.34 2 3035.75 5377.66 2559.33 1288.98
264.90 6044.79 2 6754.12 9876.39 9631.75 4560.50
265.96 8797.83 2 9130.61 6094.89 661.18 8476.17
270.25 6612.69 2 8305.78 9767.46 8527.15 3158.47
270.54 5727.12 2 5780.37 1661.28 2527.46 6374.94
270.92 4746.20 2 3272.38 3320.17 6844.31 194.84
271.19 3659.64 2 4262.72 3855.07 5581.52 7268.83
275.36 6667.82 2 7198.12 2694.32 853.38 643.91
275.36 9867.86 2 1264.45 718.22 9913.15 5469.50
275.56 6377.97 2 9578.42 4630.16 4310.89 1034.10
276.09 7404.31 2 4124.56 8863.24 9666.26 3952.70
283.62 9980.81 2 631.31 6296.93 9747.47 2233.44
287.48 6674.06 2 9562.41 320.73 9477.33 6994.25
298.44 6221.86 2 6292.31 3262.47 1570.10 7313.69
310.07 7103.72 2 6171.83 8449.54 5504.13 1377.27
338.51 9025.62 2 1393.15 4663.38 9615.49 8385.60
341.72 11085.85 6 7709.23 9098.46 7214.84 9701.71 7162.69 9815.90 6986.00 1668.99 7966.55 1955.65 7624.97 2906.08
343.43 9171.69 2 1712.84 1106.31 8879.76 6829.52
345.38 8069.22 2 4183.42 9960.33 1346.40 2406.27
352.16 8108.06 4 6397.45 1974.91 7094.64 2211.14 4568.97 8068.79 4220.27 8998.52
364.08 8903.93 2 382.86 7458.22 5289.47 28.21
364.20 8610.22 2 5743.16 9806.11 7675.20 1415.46
376.24 9111.97 2 9567.02 301.36 6061.45 8712.00
418.68 12033.80 2 9569.95 8850.02 323.61 1148.23
