42.63 1431.42 2 4323.97 214.84 5747.38 63.54
42.78 2138.82 2 4920.09 5748.15 6343.74 7344.34
48.42 321.16 2 7245.18 1217.04 7566.06 1203.58
52.28 913.93 2 8988.80 4396.41 8341.57 3751.14
59.34 2667.02 2 6100.31 9929.50 7519.07 7671.15
64.15 707.58 2 8034.12 4003.08 8574.93 3546.81
73.56 2178.18 2 2088.07 3029.30 4242.84 2710.78
85.03 3251.57 2 4577.53 6654.02 7699.28 5744.38
86.38 2419.02 2 4468.12 3991.78 2056.32 3805.05
87.94 997.19 2 8103.20 1816.15 8790.77 1093.92
93.45 2272.45 2 2552.85 1119.92 4569.54 72.56
96.52 3525.84 2 6019.21 8446.98 7794.63 5400.76
100.41 4920.58 2 5653.07 9742.28 7805.88 5317.62
103.65 4582.62 2 3398.10 5277.14 6925.86 8202.09
103.69 4284.32 2 2588.53 2228.90 6745.38 3266.19
108.45 1922.73 2 1623.74 4975.55 3060.65 6253.12
115.93 1396.32 2 6136.10 7163.15 4777.90 7487.19
121.67 3883.62 2 4891.08 6048.48 7496.83 3168.80
128.80 6040.18 2 4309.47 2768.65 4512.89 8805.41
129.25 3262.58 2 6609.52 3717.04 4148.76 1574.83
129.75 4687.68 2 4439.52 7439.42 7399.13 3804.17
133.57 2978.33 2 3315.82 8888.20 342.23 8720.28
137.33 4166.36 2 3006.94 9997.07 844.51 6435.82
143.18 6659.16 2 7389.37 6504.44 730.26 6478.40
146.99 7149.33 2 7985.91 8462.99 877.30 9224.97
147.63 6181.68 2 7729.92 2061.44 1815.87 262.24
149.29 5864.29 2 9363.02 2172.36 3553.45 1373.12
150.05 2302.53 2 3850.30 480.18 1978.96 1821.72
151.29 3364.27 2 6032.71 6368.55 3114.31 4694.87
154.34 5117.07 2 9457.32 8365.35 4341.49 8478.08
154.44 3422.25 2 9028.83 1281.99 6563.74 3655.83
157.34 6466.95 2 9546.61 3274.61 3153.36 2301.04
160.41 5120.39 2 6473.60 3232.71 1407.36 2489.98
161.64 7282.11 2 8282.23 188.72 2252.30 4271.50
162.16 1608.11 2 9985.45 1948.78 8400.13 2218.57
163.89 2794.46 2 3225.32 5720.87 4838.45 3439.02
165.20 3459.78 2 1846.27 6593.69 3286.26 9739.57
165.47 2473.33 2 8925.27 2552.84 8069.88 4873.55
172.98 3749.24 2 6683.56 5199.17 5771.67 8835.83
175.01 5950.54 2 3896.86 4713.61 9513.09 2747.16
182.58 5129.03 2 921.24 9881.92 1124.11 4756.89
183.70 3685.03 2 6287.13 8169.89 5772.01 4521.04
186.45 3422.68 2 5489.01 6632.48 6680.13 3423.75
198.38 3718.81 2 1111.37 5504.65 2957.13 8733.07
199.82 6991.15 2 5645.79 1279.48 1557.58 6950.70
200.02 8901.20 2 3546.45 8803.12 8672.43 1526.05
201.04 1752.11 2 6285.46 4711.09 6604.21 2988.22
204.46 3623.06 2 167.19 7334.12 3539.36 6009.36
206.56 2428.07 2 8343.29 705.32 9633.57 2762.18
209.60 3780.13 2 1517.71 8599.26 5250.45 8002.60
210.34 3417.04 2 9421.92 6096.66 8582.95 2784.21
210.74 3036.80 2 3116.05 9230.52 6131.17 9592.76
211.18 5458.93 2 5793.69 9346.24 342.25 9060.15
220.54 8727.21 2 1909.81 9851.52 7997.91 3598.58
223.23 8061.61 2 7622.88 611.81 8023.80 8663.45
224.15 3007.50 2 107.69 1172.92 3111.61 1026.12
225.62 6281.10 2 7598.94 1317.07 4220.21 6612.02
228.72 7836.14 2 9089.81 2651.81 3210.73 7832.69
229.12 2855.85 2 9879.59 3815.02 8911.17 1128.38
229.27 8163.46 2 1724.20 9362.92 9653.00 7419.67
229.96 7697.98 2 9135.77 464.99 3770.37 5985.07
232.51 6025.74 2 2148.36 6213.13 5458.79 1178.19
236.13 4206.54 2 592.22 4103.76 1437.92 8224.41
237.07 2253.44 2 7085.29 5606.71 8374.12 3758.22
238.84 6642.23 2 1429.54 341.14 7947.72 1618.85
239.01 7250.42 2 4038.39 8869.18 1052.28 2262.23
239.84 5992.10 2 5190.73 631.18 3654.22 6422.93
240.02 3001.15 2 8693.61 6649.11 8367.09 9632.44
248.03 10401.65 2 8144.99 928.52 1750.97 9132.83
249.97 2598.41 2 1174.73 7640.31 3607.01 6726.09
251.75 8487.58 2 9833.69 8561.40 5367.27 1344.05
252.71 5735.46 2 3744.72 1001.38 1656.36 6343.13
256.20 6410.15 2 8669.67 5047.24 3975.58 9412.50
256.35 3417.38 2 1011.31 8059.91 2427.44 4949.76
257.61 8980.63 2 5252.05 1581.73 149.38 8971.89
258.66 4233.22 2 4665.26 5849.79 8762.42 6914.37
264.23 3511.47 2 5189.67 9252.43 3825.87 6016.62
267.44 6572.04 2 3626.56 2304.24 9471.64 5308.70
269.11 7755.42 2 2793.05 7685.11 9238.86 3372.55
271.13 4656.36 2 9976.05 6033.16 5990.47 3625.49
272.90 5944.77 2 7645.93 8069.88 9509.11 2424.63
276.20 6010.17 2 7863.13 6460.85 3910.00 1933.71
276.86 6642.93 2 9590.57 9488.99 2964.96 9009.57
278.77 7638.44 2 3070.30 4361.64 9843.12 829.67
280.77 7038.52 2 6181.84 8432.39 7511.04 1520.51
280.81 4240.42 2 5903.43 7936.00 9540.71 5756.26
283.15 9657.57 4 8519.68 1962.87 9422.89 2255.52 2193.11 1298.08 821.89 947.89
283.71 8085.75 2 9647.54 1262.28 2271.25 4574.33
283.89 6094.47 2 1518.46 4433.81 6722.38 7605.85
289.25 5262.59 2 7240.52 2758.66 2516.71 5078.24
290.12 5005.77 2 5910.84 6656.28 1039.65 7809.22
295.97 5698.66 2 4216.74 6380.60 8651.67 2802.04
317.78 7488.93 2 1248.64 7429.12 4543.67 704.03
324.66 8832.82 2 9381.43 3.54 2513.29 5557.57
327.00 8350.04 2 8926.39 1234.71 7396.55 9443.41
327.99 9099.54 2 9720.09 8937.44 4680.04 1361.20
349.70 8684.81 2 7944.56 7584.60 2246.33 1030.50
350.46 9022.82 2 9789.93 9105.06 3413.77 2721.03
374.13 9406.28 2 4196.45 8362.96 9830.87 830.93
