12.83 541.67 2 2214.47 7429.05 1677.45 7358.30
56.49 2524.69 2 1700.12 7297.14 2850.81 5049.92
78.20 3710.14 2 6568.12 4612.04 7198.16 8268.30
82.25 1812.67 2 2363.89 4450.61 2455.12 2640.23
84.78 1438.94 2 1654.00 9303.39 2981.70 8748.65
88.56 2527.99 2 7115.39 1307.68 9433.85 299.94
102.79 4539.67 2 103.77 5487.16 4307.91 7199.97
108.99 4249.41 2 6163.60 232.09 1978.28 967.27
109.55 3977.26 2 7512.27 8146.10 7157.72 4184.67
114.03 4401.37 2 4148.34 9152.92 7711.64 6569.33
119.33 966.69 2 4011.72 7844.10 3736.77 8770.87
120.10 3404.82 2 2397.44 5115.04 5706.48 5916.93
120.23 5311.27 2 7272.57 7477.90 2078.73 8588.58
121.20 2059.80 2 6388.31 424.05 8285.48 1226.23
127.23 6361.49 2 8066.65 4677.43 2040.24 6714.81
131.68 3084.19 2 7346.55 5828.39 6570.73 8813.41
133.21 4160.45 2 5033.64 3950.71 7469.06 577.58
138.06 5203.22 2 2134.08 9604.01 2338.09 4404.80
138.32 5916.08 2 4690.29 3574.04 3630.67 9394.45
140.56 4828.13 2 4425.43 5934.15 9223.63 5397.46
141.07 3453.69 2 4260.29 1862.63 1157.92 3380.29
142.88 3943.83 2 450.07 3301.17 3103.41 6218.98
145.53 3176.50 2 5211.34 2216.11 2166.75 1310.22
149.22 5061.00 2 433.96 8194.11 5081.11 6189.70
151.27 1763.56 2 1014.13 4225.64 1536.98 5909.92
154.60 3129.83 2 311.67 1843.59 2943.03 3538.21
156.55 7427.61 2 2679.02 2138.27 9796.89 4260.85
158.62 7031.17 2 7687.94 8865.68 6279.50 1977.02
160.80 1840.18 2 9920.26 2131.97 8727.82 730.42
163.55 3677.74 2 1930.23 5186.58 1059.28 8759.71
164.30 3015.24 2 5931.16 8333.14 5763.88 5322.55
164.64 4832.19 4 2119.38 4023.61 1545.00 4489.66 4412.96 4595.56 5409.01 3886.60
167.31 7865.64 2 3914.37 7969.48 5802.60 333.85
167.61 1780.31 2 9051.15 7889.93 7406.56 7208.15
168.56 7328.02 2 913.66 9917.20 7949.59 7868.92
170.50 7124.94 2 3657.47 9495.87 1074.42 2855.64
172.39 7819.48 2 1542.52 3095.42 9239.75 4472.74
175.70 5884.83 4 3583.27 5283.90 2952.04 5682.04 5948.65 1768.04 5783.98 1896.93
176.51 6825.32 2 3317.55 4367.43 9183.91 878.76
176.75 3737.55 2 3360.43 5755.87 6718.43 7396.95
177.22 860.81 2 890.54 1409.82 489.53 2171.52
177.93 3296.57 2 9582.54 5585.00 7153.88 7814.13
184.75 3237.39 2 3530.14 9617.20 420.91 8715.34
186.07 1703.30 2 6000.33 5549.72 6875.24 7011.14
186.89 1644.56 2 9964.43 8154.58 8458.18 8814.73
187.97 7298.69 2 1913.82 5423.20 8939.29 7401.50
188.94 7846.97 2 9613.66 8353.92 2549.42 4937.58
190.84 6841.83 2 6730.66 2804.19 8022.15 9523.02
190.96 5648.13 2 5027.08 9261.94 701.30 5630.29
193.81 5890.27 2 6987.53 9790.34 5512.49 4087.75
194.76 6038.08 2 9850.13 2377.40 5745.53 6805.79
196.99 2849.66 2 6432.20 5420.42 8992.17 6672.25
203.59 7179.69 2 1120.98 8202.48 6860.29 3888.76
208.78 8638.84 2 5491.02 569.59 7709.93 8918.60
208.93 2646.52 2 7038.93 6332.66 5707.21 4045.61
211.08 2453.88 2 4221.93 5188.67 4049.48 2740.85
212.52 4326.05 2 9289.16 4960.27 5221.50 3487.57
213.85 7592.31 2 8225.45 5044.04 634.98 5211.13
227.18 8058.83 2 3817.61 6.92 2996.55 8023.81
228.60 7230.24 2 5438.08 7146.49 6615.08 12.69
228.79 4739.40 2 6496.67 9168.50 9946.77 5919.09
229.50 7174.99 2 8149.22 5156.25 3156.53 3.24
231.05 4652.28 2 933.02 1101.67 5543.67 480.66
232.40 5720.04 2 2075.36 1404.97 7624.06 2794.49
232.90 2645.03 2 4321.98 5575.02 6842.57 6376.78
233.33 6966.33 2 4656.98 9631.08 926.43 3747.82
240.59 4629.28 2 4953.21 7206.43 1356.58 4291.91
241.06 2953.04 2 9145.53 3483.87 6538.61 4871.12
241.93 6796.57 2 814.84 4330.99 6602.64 768.03
254.94 7047.12 2 9357.62 3656.40 4903.96 9117.78
256.95 6047.37 2 8301.67 9431.93 4293.26 4903.87
260.83 8641.36 2 8626.07 1673.50 3387.36 8545.84
262.77 5638.44 2 1506.43 1150.22 2844.89 6627.50
263.32 7666.02 2 5974.46 2040.07 1629.36 8355.77
268.67 3833.26 2 4062.36 3905.34 855.75 6005.70
273.65 4382.28 2 6186.63 160.76 6202.98 4543.01
276.98 6748.81 2 1317.60 6681.75 6450.70 2300.22
279.09 4454.44 2 8479.72 6744.83 6271.01 2876.55
280.25 5112.71 2 8276.96 6923.11 4567.34 3404.80
282.69 6934.26 2 6795.47 8437.56 9261.65 1956.67
282.77 4738.69 2 8593.95 6505.42 9077.01 1791.42
285.65 5682.42 2 4248.52 3256.83 2804.89 8752.82
287.79 7089.29 2 1821.10 3571.77 8748.17 5079.68
288.19 6509.26 2 5475.73 9668.87 3593.10 3437.80
298.09 6404.27 2 2566.54 8044.42 5518.11 2360.86
298.40 8420.13 2 1062.17 6905.06 8962.96 9816.41
298.73 10136.45 4 547.99 7476.74 1032.19 6890.37 6540.76 906.16 5567.97 133.29
304.88 9843.76 2 77.87 114.68 3111.89 9479.21
312.66 6932.75 2 298.37 4039.40 5906.23 8115.55
319.78 7689.11 2 2551.09 7962.46 4070.70 425.01
326.83 6441.50 2 4694.13 2934.93 7122.00 8901.37
334.92 8346.07 2 5411.15 753.77 6111.85 9070.37
338.44 8122.20 2 7402.02 8286.34 9117.22 347.32
344.49 7424.35 2 2856.91 1389.84 9804.10 4008.54
344.84 11141.78 2 8596.05 8083.69 413.49 521.62
352.42 8421.23 2 1416.60 9828.02 781.74 1430.75
356.61 8130.50 2 3453.96 448.96 3907.46 8566.81
