36.06 1203.17 2 107.75 2772.72 1178.66 3321.14
47.40 2270.17 2 9652.56 7193.18 7506.89 6451.73
49.87 1993.51 2 3971.06 5448.29 5795.77 4645.47
59.69 1284.44 2 259.98 1629.24 814.87 470.85
62.64 331.78 2 4535.46 8327.28 4575.05 8656.69
73.41 1870.74 2 8078.07 884.27 9108.82 2445.43
81.50 3074.91 2 7567.31 5504.03 5100.44 3668.38
92.13 1706.34 2 4355.83 606.41 3877.74 2244.41
99.57 3378.62 2 3773.82 2176.72 6902.68 3451.61
99.94 3697.13 2 5034.86 2980.43 6824.43 6215.58
100.67 4733.35 2 7051.68 5961.83 6826.77 1233.83
106.73 5336.67 2 3869.04 9117.23 7960.85 5691.28
128.28 3713.97 2 2390.68 3851.85 2588.68 7560.54
129.99 1799.27 2 6803.00 7582.12 5799.70 6088.55
135.75 5587.54 2 2319.05 7727.03 3680.57 2307.90
135.85 2992.58 2 8019.93 8436.97 5414.01 9908.27
137.18 1559.12 2 4407.07 4562.15 5961.43 4683.87
138.34 6217.03 4 2466.03 5983.61 2318.59 6345.92 6376.16 3979.73 5552.81 3207.60
139.10 655.03 2 8143.95 8895.97 8345.18 9519.33
142.78 5239.24 2 867.81 3304.19 5132.27 6347.86
144.38 5118.98 2 8080.26 8623.23 4537.96 4927.82
146.06 4203.11 2 7990.38 4550.47 6350.22 8420.35
148.26 6013.15 2 826.83 4082.54 4486.35 8853.90
149.11 2555.45 2 4168.62 8428.51 3789.56 5901.33
149.94 3097.14 2 2899.30 7431.80 4183.28 4613.35
151.65 4282.26 2 2276.47 1770.47 5801.44 4201.99
158.12 7005.89 2 34.47 1742.32 4234.44 7349.71
163.74 5187.02 2 3245.97 9541.69 8427.92 9312.20
168.39 5919.69 2 48.13 932.23 3921.60 5408.71
169.08 3354.00 2 4077.24 2184.84 1322.17 4097.67
169.65 1782.43 2 5987.86 903.44 5058.48 2424.40
173.42 5471.14 2 8427.59 6390.53 4724.19 2363.34
175.29 3264.69 2 1443.15 2228.21 4684.36 1837.38
178.30 3014.75 2 7929.74 4068.67 9668.36 6531.58
179.54 4776.76 2 4135.57 1173.67 1075.03 4841.17
181.23 2461.34 2 3410.24 5376.86 3917.88 7785.28
181.91 5495.46 2 7794.82 3021.95 2809.06 5333.29
182.16 4108.22 2 5974.59 9221.69 9538.58 7178.29
182.35 4317.35 2 2578.21 6852.81 5284.25 3488.75
183.21 6960.54 2 4929.44 8570.20 6992.59 1922.46
187.30 2265.05 2 9618.47 6317.51 7646.69 5202.82
189.39 9069.72 2 691.51 8633.76 5586.53 998.41
191.35 1267.53 2 2029.83 7975.81 762.89 8014.39
195.18 7758.78 2 7065.34 5662.61 119.34 2205.47
195.95 2497.36 2 1431.73 8021.61 3239.83 9744.27
196.28 6413.75 4 8287.17 7252.94 7454.29 7587.99 3333.31 7549.30 4440.39 6700.80
196.79 8339.46 2 3262.71 844.61 3114.98 9182.76
196.87 4643.36 2 5478.61 337.70 7675.30 4428.59
198.06 5402.89 2 5117.36 7902.49 1517.01 3874.01
204.31 9415.45 2 1385.47 8746.29 9526.01 4015.29
204.31 1715.45 2 8174.34 4738.89 6665.33 3923.02
204.43 2621.72 2 5506.49 6375.42 4466.30 3968.87
205.93 2496.49 2 1687.84 2491.06 751.61 4805.36
206.80 8040.20 4 3454.00 5003.17 3598.79 5797.21 9075.55 8932.52 8897.71 8027.46
210.25 4712.29 2 1232.03 5538.99 4194.43 1874.31
213.23 10461.37 2 2294.68 1306.88 8143.51 9980.49
214.35 8317.61 2 3034.65 1295.69 9100.76 6986.47
214.73 1136.36 2 2757.75 8252.37 2298.12 7213.11
217.38 4869.06 2 1679.25 2017.16 2318.28 6844.11
217.92 3695.91 2 98.06 1667.19 3500.63 3110.18
222.54 3026.87 2 7756.86 6618.33 5399.46 4719.75
223.39 6869.44 2 9932.29 4726.56 3066.73 4495.75
229.97 6898.65 2 5766.15 2960.43 3378.53 9432.73
231.74 8086.81 2 4998.73 9800.24 9945.45 3402.86
232.51 3625.55 2 5601.83 9644.58 9225.04 9514.21
237.86 6492.90 2 7568.69 2051.21 5650.01 8254.14
240.02 10900.92 2 2763.44 104.65 8648.39 9280.56
242.20 8410.14 2 431.89 3034.71 8732.46 4387.89
243.36 3967.81 2 5244.83 4840.36 9196.86 5193.95
244.35 8317.71 2 3870.17 8564.46 8451.26 1621.98
245.04 4751.93 2 8007.14 4796.71 8596.40 9511.97
246.76 3937.92 2 8055.66 5673.84 7972.04 1736.81
249.04 6751.98 2 853.99 9463.52 7592.89 9883.56
250.13 8506.48 2 514.64 5943.51 8487.10 8910.00
255.54 3276.81 2 3555.12 4057.54 6805.46 4473.16
256.60 6330.17 2 9171.30 3988.27 3437.90 1305.15
257.17 5958.46 2 2649.01 5310.63 8280.28 3363.32
268.65 4832.41 4 3004.17 4271.10 2754.27 4982.89 2344.55 7602.42 1374.89 8648.88
272.46 4923.04 2 5419.02 5065.58 4710.07 193.86
277.49 7674.62 2 9290.74 2522.31 3790.85 7874.98
279.97 6998.26 2 5317.08 7798.72 3406.43 1066.34
280.79 5239.52 2 785.81 413.27 5270.71 3122.19
281.53 7676.65 2 3778.46 9849.11 2585.90 2265.66
283.94 4796.89 2 8744.46 3195.38 7397.21 7799.19
284.57 5128.53 2 4890.98 2975.57 9471.15 668.23
285.18 4959.12 2 681.51 8684.44 2690.60 4150.52
291.71 8485.72 2 7763.16 518.86 1430.98 6167.83
316.37 8418.46 2 4101.97 9933.58 9706.23 3651.64
320.66 8132.91 2 9019.64 930.30 9688.39 9035.67
321.35 6167.66 2 9675.95 5076.89 4934.11 9020.87
326.02 7300.84 2 7306.23 6560.84 36.26 7231.59
330.65 9732.40 4 7154.02 485.60 6787.36 420.43 7854.70 8614.86 7221.07 9509.55
344.34 7516.88 2 554.02 5345.54 7670.02 2923.55
347.98 8499.03 2 6847.75 1500.63 212.02 6811.06
394.19 9909.25 2 5428.53 9388.51 1886.39 133.97
