37.58 579.14 2 2309.92 9102.90 2460.98 9661.98
66.16 2108.01 2 8058.24 989.70 9236.32 2737.80
68.99 2749.63 2 9032.19 5494.34 7211.78 3433.62
71.14 3356.97 4 3066.06 6714.72 2823.69 7073.68 3384.32 9176.14 2949.35 8567.68
91.70 2584.82 2 3933.44 2739.48 6203.56 1503.40
95.30 3165.19 2 1454.80 7022.23 3450.51 4565.49
100.02 4601.23 2 1924.64 4990.87 4903.45 8497.73
105.38 3069.06 2 2958.19 5629.20 101.73 4506.82
106.55 2027.35 2 2868.21 9191.25 2752.33 7167.22
108.38 4918.91 2 795.32 9959.68 148.74 5083.46
114.07 5103.45 2 7011.19 8772.17 1922.46 8384.86
115.23 3661.59 2 8678.52 7387.47 5099.35 6614.96
115.60 3280.07 2 5078.62 5789.40 2476.30 3792.70
125.35 3267.25 2 5678.76 3616.61 8486.19 5287.92
125.61 980.71 2 1951.64 5657.12 1088.36 5191.79
126.94 4447.18 4 4724.48 4544.19 5171.13 4946.32 2618.28 6364.58 3288.12 7003.69
129.62 3881.25 2 2596.73 1211.02 5027.63 4236.71
131.33 3666.55 2 714.39 3423.87 3637.28 5637.54
137.47 6773.68 2 9081.56 2572.35 3101.11 5753.08
137.58 3278.90 2 6103.51 2924.59 3226.78 4498.00
138.61 1430.43 2 5453.47 2245.31 5069.42 3623.22
141.82 5391.24 4 4285.87 9189.33 5059.21 9604.07 4988.86 6435.53 4698.34 7748.17
143.34 4767.25 2 5723.06 5590.36 2915.67 1737.41
147.51 2175.72 2 6517.68 6203.17 6217.16 8358.03
149.63 5981.35 2 6433.68 2872.66 2279.01 7175.61
150.17 2608.72 2 2553.34 4910.89 4812.63 6215.12
154.37 6818.72 2 9319.93 1872.95 2603.29 697.53
163.05 4252.65 2 1235.12 5230.47 733.24 1007.54
166.61 4930.56 2 4673.98 268.26 7721.72 4144.04
175.23 5261.46 2 6523.13 711.16 7337.48 5909.21
178.71 7535.51 2 1338.99 9595.51 4579.85 2792.51
179.61 3080.40 2 1659.47 9285.18 4463.33 8009.57
181.47 2273.75 2 8878.05 8216.85 6703.25 7553.38
182.16 8307.96 4 5995.06 9002.62 6384.61 9326.43 4935.44 3164.27 3848.30 2173.13
187.67 2683.43 2 5283.44 3076.92 6108.06 5630.51
188.83 2041.55 2 6336.97 9068.64 6836.64 7089.17
189.31 2165.43 2 3830.76 5980.82 1706.05 5562.89
190.47 5823.40 2 7495.18 6558.22 2694.82 3261.47
190.57 5128.61 2 4439.48 6217.16 9470.02 7215.33
194.66 5132.97 2 4437.85 1793.05 2553.71 6567.72
195.37 3468.29 2 6651.42 6411.46 8172.83 3294.68
195.90 3294.79 2 8593.70 3794.60 6304.48 1424.98
198.12 8905.95 2 3442.65 3231.48 9622.61 9644.28
199.55 9977.63 2 4071.46 1761.44 9787.46 9939.48
200.87 6843.73 2 3502.78 1169.76 1473.87 7705.83
201.95 1997.39 2 6541.40 2676.56 7829.99 1150.42
206.41 5520.74 2 1529.23 9577.82 4960.32 5252.76
208.01 6400.38 2 713.72 3934.50 6373.87 946.61
218.38 1618.81 2 6192.41 8060.20 7281.98 6862.97
220.21 6010.39 2 7911.45 8477.13 2416.17 6042.66
224.04 10902.00 4 6737.04 9145.40 7377.55 8405.25 608.72 3198.81 1646.89 2284.14
227.41 3870.72 2 9255.24 4979.39 6755.23 7934.46
227.71 5185.56 2 6475.99 5741.32 7740.63 712.33
228.44 8622.17 2 9675.11 8666.31 1799.34 5157.18
230.60 3030.20 2 5746.99 9321.90 8286.79 7669.16
232.99 3749.74 2 1339.98 6563.30 4444.73 4460.66
235.67 7583.67 2 9746.77 5052.20 2174.09 4644.00
241.31 5065.58 2 1252.36 3255.87 5127.36 6518.46
241.82 7990.78 2 6600.07 787.28 2560.28 7681.67
249.06 6453.15 2 8311.74 9938.99 9577.42 3611.17
251.61 6480.61 2 3314.93 2238.81 9611.85 706.77
252.98 10349.06 2 8978.90 6591.05 744.77 321.92
254.09 9604.56 2 2610.42 2644.99 9879.68 8922.38
255.13 5156.30 2 7747.08 1789.86 9108.28 6763.24
255.61 7380.61 2 3619.49 2677.06 8663.66 8064.99
255.95 3297.50 2 2703.17 2721.11 14.70 811.76
258.09 6304.63 2 8026.28 8017.71 7858.96 1715.30
259.86 3293.09 2 6943.86 4614.38 4192.53 6423.98
262.24 4512.14 2 4467.56 6648.33 8437.96 4504.67
267.96 7598.23 4 9179.39 1046.60 9376.99 896.47 6032.77 5772.90 5312.53 4529.31
274.96 4648.23 2 9972.17 4768.62 5790.52 2738.89
275.95 9097.52 2 7629.84 9881.50 1300.02 3347.10
277.84 10091.83 2 205.50 4725.84 9968.15 7282.35
282.51 7025.62 2 8745.87 7855.75 1932.81 6140.66
284.83 8541.29 2 8085.73 7423.66 178.55 4194.10
289.44 6172.25 2 5746.89 9722.03 7628.67 3843.64
291.94 8197.23 2 3829.23 635.73 8318.46 7494.40
293.74 6886.95 2 1635.19 2601.47 7932.08 5390.59
295.87 6093.49 2 9234.55 6657.64 4140.29 3314.13
299.68 6983.82 2 1928.15 970.26 8611.15 2997.86
301.52 6676.16 2 6329.95 6691.32 5528.64 63.42
310.90 5645.03 2 1925.80 1392.68 6428.84 4796.94
311.32 7365.94 2 7064.81 3756.08 2701.66 9690.73
312.95 7947.62 2 4757.29 1944.35 767.11 8817.71
313.05 8752.49 2 8778.88 564.01 49.99 1206.25
315.65 6182.58 2 9872.42 3922.11 3720.39 4536.02
318.05 6702.65 2 8286.72 3732.85 4296.34 9118.25
320.37 6218.35 2 7697.55 9281.18 3627.53 4579.82
321.35 8867.60 2 27.96 9003.39 8871.23 8346.85
329.35 12167.31 2 9715.88 518.49 582.40 8557.34
330.79 10939.68 2 9730.94 8902.95 1536.12 1655.78
343.47 8373.38 2 6470.57 587.92 6739.06 8956.99
371.44 9172.15 2 7962.01 9686.30 7199.20 545.92
383.67 10283.65 2 1560.55 886.73 9078.81 7903.08
