19.68 984.25 1.00 2 602.38 1857.56 403.41 893.64
38.08 1203.90 1.00 2 1717.33 684.81 520.39 814.13
50.19 1709.28 1.00 2 270.40 2478.49 1977.10 2572.17
53.59 1179.52 1.00 2 1260.67 2755.76 94.94 2575.96
56.40 620.00 1.00 2 233.31 1488.63 657.07 1036.05
133.56 5078.14 0.61 6 625.28 753.02 135.01 832.33 983.38 1020.54 876.95 1871.03 1285.70 208.38 1534.79 1324.14
134.35 1617.54 0.85 4 2572.87 2733.67 1842.93 2313.29 1927.12 2328.30 1356.37 1941.13
144.98 6848.87 0.99 6 1200.70 2770.41 164.68 2926.85 655.17 1577.16 2245.09 2492.86 2610.93 1172.77 2818.18 30.97
149.37 6568.58 0.53 6 2019.89 616.76 1231.10 37.29 849.34 279.46 2602.04 594.68 2810.57 1851.65 1305.82 411.65
152.82 740.85 1.00 2 2766.16 1601.68 2467.08 923.88
162.28 6913.86 0.86 6 600.15 297.43 863.12 2746.18 1409.61 2684.28 1046.90 2699.78 589.88 536.03 1570.08 1429.83
162.57 1128.54 1.00 2 787.24 1215.68 875.81 90.62
165.33 6366.47 0.79 6 2994.02 2507.68 566.36 899.34 861.09 657.58 1483.24 1846.49 548.26 2646.61 922.96 2314.49
166.23 311.69 1.00 2 2466.08 226.03 2174.04 334.94
177.89 1194.63 1.00 2 1821.77 487.22 2998.02 696.00
179.90 695.18 1.00 2 2649.08 1583.11 2591.09 2275.87
180.79 3439.57 0.61 4 2080.80 2605.37 1199.41 2225.67 1511.15 1444.73 944.74 2982.77
186.56 927.78 1.00 2 2763.42 308.87 1951.47 757.79
188.81 9340.70 0.57 6 1391.04 260.53 17.37 140.33 430.70 1457.56 1775.66 1146.96 2895.27 2795.29 111.82 1199.92
192.74 4736.92 0.97 4 1213.65 2102.53 2799.05 549.11 2662.99 360.73 550.23 1230.94
196.16 5407.94 0.53 4 2092.51 1949.44 870.17 708.56 2512.88 1155.18 1235.69 2646.91
196.65 5232.67 0.96 6 99.80 2698.28 801.03 1274.42 1189.07 1933.84 683.68 743.94 1527.59 633.82 1997.62 66.76
197.19 6659.48 0.65 6 2394.25 1744.65 785.55 1282.02 1905.27 2211.12 661.12 1600.89 914.17 2539.29 880.80 1366.83
199.73 3886.30 0.59 4 1635.20 1204.42 1172.26 560.46 2169.87 89.22 183.58 209.18
209.64 6981.75 0.64 6 2868.56 1567.65 1188.54 1125.53 1955.48 2568.42 827.42 1371.11 1626.70 1354.12 2635.41 769.22
216.24 6711.96 0.85 6 1118.30 1552.59 179.43 1358.43 2529.37 33.28 1826.79 100.67 2773.51 500.81 1551.07 1003.56
221.99 8799.28 0.71 6 2342.71 2388.39 766.59 1710.82 2622.44 2318.13 1502.95 1166.16 2992.30 496.52 1109.17 676.18
224.07 8303.44 0.53 6 1016.71 1502.58 1445.13 2830.82 835.58 963.86 1011.65 2656.91 523.14 1172.44 1769.90 48.01
225.89 3494.50 0.57 4 2737.39 2227.50 2435.17 2092.12 833.81 2359.05 2348.43 2081.21
228.33 7616.54 0.78 6 1242.28 1402.06 701.52 1660.36 201.43 1977.36 2038.31 1163.10 2427.41 2894.03 2646.80 261.38
234.06 9102.97 0.61 6 2526.20 410.45 2064.64 518.87 798.66 1958.51 1678.24 124.39 1547.15 2201.83 2937.76 9.64
258.63 7631.35 0.59 6 1292.72 654.09 2425.01 140.07 1244.13 914.04 2279.78 2028.76 1412.18 615.74 2439.62 2089.13
273.04 7851.88 0.62 6 967.96 65.72 414.15 2485.31 1943.74 1683.10 2012.24 908.05 2083.41 176.05 2294.98 2294.53
285.38 7968.97 0.56 6 2289.02 1733.64 44.49 574.97 2300.21 1526.91 2886.47 2688.94 2428.75 1744.06 1847.13 2018.71
302.39 7019.70 0.54 4 1414.43 2580.10 2861.54 813.24 16.74 1902.05 665.38 341.69
303.82 5791.07 0.62 6 441.92 1522.93 1694.84 1924.76 225.79 1619.51 1738.36 1016.64 1400.78 826.83 1268.95 1777.01
311.56 8477.78 0.52 6 2153.89 1774.08 2917.43 261.29 846.83 2325.26 2060.89 1994.61 2313.25 2872.92 1831.49 1255.64
330.10 9205.04 0.70 6 907.46 2968.70 80.35 1141.14 2458.58 1317.57 1804.51 57.83 538.90 1850.79 5.98 775.39
335.39 8269.50 0.74 6 2317.20 2763.02 1962.15 279.46 2324.13 343.31 1974.51 2703.76 4.42 2818.45 163.20 1797.23
357.31 9065.50 0.58 6 468.23 1892.43 610.76 1539.53 2694.76 2882.82 127.59 2639.51 1618.26 1552.74 196.77 478.00
357.33 11266.68 0.60 6 1699.95 1609.52 461.76 2107.28 2317.85 700.14 479.21 359.99 2897.33 2308.39 271.31 2212.61
364.69 9134.65 0.68 6 450.67 496.81 1953.85 2311.18 978.75 2839.58 2837.61 1650.80 2498.77 2527.34 1981.54 57.72
393.77 9988.26 0.55 6 337.00 1799.52 514.47 1416.74 99.28 400.41 2683.04 2575.74 1175.74 46.67 50.23 1874.70
