17.97 298.57 1.00 2 2344.11 973.63 2048.32 1014.25
35.63 681.58 1.00 2 1620.53 374.52 2301.52 403.00
40.50 1025.08 1.00 2 383.81 533.94 1287.75 1017.35
42.00 1199.83 1.00 2 2703.77 1172.48 1866.07 2031.46
49.34 1267.02 1.00 2 925.39 2902.94 677.90 1660.33
54.50 524.77 1.00 2 1185.87 2433.14 1310.26 1923.32
61.94 1096.91 1.00 2 2808.00 2695.11 2840.74 1598.70
70.65 1032.71 1.00 2 649.88 1418.13 217.44 480.32
72.58 329.23 1.00 2 2912.29 2332.30 2879.66 2004.69
74.88 843.90 1.00 2 43.77 1321.19 878.18 1447.42
77.67 2283.71 1.00 2 2574.94 2712.76 319.86 2352.33
86.38 2218.96 1.00 2 1339.56 1861.78 2873.21 258.13
89.09 1654.46 1.00 2 2681.56 2946.53 2959.70 1315.62
90.66 632.89 1.00 2 2116.92 544.89 2326.78 1141.97
93.11 2955.68 0.98 6 2764.36 2144.59 2905.96 1324.86 2631.04 1258.40 2659.96 1347.40 2683.22 1679.23 1532.23 2501.86
101.26 4362.85 0.80 4 2972.68 1763.10 1005.77 890.03 1725.12 290.90 2486.54 1313.21
110.23 5311.30 1.08 6 1301.85 9.08 1394.57 35.36 1875.82 1269.59 1815.03 2816.88 2864.23 2202.74 1948.88 1547.02
122.80 939.75 1.00 2 851.14 1162.56 1313.05 1980.95
122.98 1048.98 1.00 2 2188.72 1981.43 2975.50 2675.21
128.69 2134.39 1.00 2 2705.62 806.00 2463.46 2926.61
128.88 3844.23 0.81 4 1724.97 2636.44 1069.12 2009.98 328.54 2221.61 1564.61 441.66
131.70 1284.93 1.00 2 1910.79 2542.80 1144.73 1511.20
132.54 3427.20 1.00 2 2699.81 2708.30 418.69 150.52
133.94 5397.06 1.19 6 2296.30 971.86 777.75 1204.10 782.37 580.14 137.95 2863.29 318.14 2630.23 887.68 2609.46
134.25 3712.30 0.92 4 1767.54 1166.93 1341.17 1181.74 204.82 1526.88 1739.71 2957.25
140.91 7045.30 0.84 6 1082.34 2368.68 41.28 2807.84 365.29 663.11 88.67 502.05 1577.32 170.06 72.06 1331.11
143.34 4867.02 0.82 4 2935.01 869.09 708.45 1737.19 274.94 1342.80 1613.93 2678.30
145.66 1683.05 1.03 4 2217.16 764.90 1287.25 1570.57 1123.97 1504.78 871.41 1617.64
145.70 2884.76 0.81 4 2465.44 1216.99 1546.75 1301.05 1962.71 375.03 2808.63 800.90
146.14 1907.05 1.03 4 2107.60 1309.99 2676.11 2123.62 2624.96 2719.64 2399.97 2497.35
148.91 1645.64 1.00 2 1498.42 201.21 511.02 1517.71
151.53 3876.73 0.95 4 80.59 2341.29 1728.32 2363.01 1373.50 1517.84 345.42 702.39
158.76 637.93 1.00 2 2443.77 2796.64 2449.26 2158.73
164.93 3646.32 0.91 4 2670.08 1806.19 2408.10 2449.10 2577.35 2597.23 82.84 1495.01
170.40 419.88 1.00 2 2060.82 1662.03 2077.02 1242.46
171.01 750.64 1.00 2 862.55 1869.62 1558.22 1587.66
172.25 612.27 1.00 2 897.26 827.62 499.83 1293.37
176.10 605.04 1.00 2 1821.97 1784.74 1608.63 2350.91
182.25 1212.46 1.00 2 1779.85 1503.84 2988.20 1404.06
186.40 2219.91 0.95 4 2056.87 2215.76 1474.65 2360.73 1111.75 1958.72 2002.09 1350.36
188.30 315.23 1.00 2 400.29 868.65 460.44 1178.09
191.60 1179.99 1.00 2 185.11 2401.22 419.08 1244.66
193.79 3189.43 1.00 2 634.87 2909.52 1985.45 20.16
202.42 1821.24 1.00 2 696.48 1578.56 2355.37 826.89
204.37 4318.54 1.12 6 2647.14 1883.30 1813.09 1501.71 774.72 1715.86 752.08 2177.38 519.36 621.72 246.47 483.10
210.43 1021.55 1.00 2 1950.50 1368.83 2776.28 1970.19
211.26 7162.93 1.17 6 2845.65 477.11 2328.94 353.43 2970.67 2967.02 2858.49 2891.70 1092.62 2673.08 462.90 747.50
217.90 6095.01 1.09 6 130.53 131.93 297.94 833.99 94.16 152.65 1496.16 2815.92 718.84 2615.64 833.34 1773.76
223.17 7158.67 0.80 6 20.72 1618.96 2616.96 2750.62 1960.09 138.53 2171.93 2.52 2433.59 638.57 2861.19 92.48
224.32 4415.87 0.78 6 2482.88 797.76 2087.19 1171.76 1767.29 692.02 2202.26 1393.98 890.10 1253.07 253.56 296.19
227.70 1484.79 1.00 2 2233.65 1312.09 751.01 1391.93
229.48 5274.11 0.98 4 614.86 656.41 1572.46 2522.40 2608.56 2503.49 2754.92 368.02
230.86 4142.95 0.79 4 1154.60 2583.98 1686.42 377.17 1441.97 1182.15 1500.40 2212.18
249.59 6079.65 0.92 6 1689.56 71.43 2155.12 2844.23 1259.73 2770.98 1383.08 2466.60 775.70 2341.70 1448.93 1090.14
260.62 5430.82 0.77 4 1026.07 1922.28 2641.39 2779.72 1758.35 932.55 211.83 1091.27
293.35 5467.29 0.79 6 1030.81 829.44 758.85 1364.47 218.57 1359.20 1236.20 1372.38 2861.10 633.36 1715.61 1638.62
308.83 6641.66 0.87 6 2462.39 2690.51 2606.57 788.54 1505.30 970.15 325.48 336.11 64.36 1060.93 1569.21 959.35
317.76 6288.00 0.77 6 984.54 2906.64 1296.08 2630.30 2522.91 2136.14 2865.72 2741.60 1971.15 610.00 1725.50 2131.77
337.48 8374.02 0.90 6 2880.28 606.51 2600.16 770.83 2088.89 2999.47 112.27 486.68 166.83 266.89 2462.28 717.20
