100.94 746.93 1.00 2 2395.53 1380.87 1865.32 854.78
113.23 4461.31 1.17 6 2352.79 2861.52 1643.82 2826.05 2423.19 586.16 2824.53 527.83 2684.77 708.74 2137.59 202.15
135.82 6790.99 0.49 6 1801.31 1409.14 732.22 2092.74 1166.61 1035.55 72.83 2805.80 1356.74 2400.30 1142.91 1472.87
148.24 4712.13 0.39 6 1570.41 1223.03 2414.52 620.68 895.33 1813.19 1509.46 1499.18 1799.39 1102.50 1237.24 1127.83
155.08 3953.95 0.64 4 1794.71 1064.32 2801.93 2605.89 1537.68 1431.32 1438.38 1057.45
168.73 6036.62 0.51 6 2032.58 1185.05 1575.15 2886.31 1816.55 2155.07 1624.41 1211.70 2829.86 1061.81 2248.03 2254.89
170.79 5539.32 0.39 4 1120.87 943.64 1306.61 1915.36 596.11 48.12 441.51 2595.59
175.35 8167.64 0.64 6 2430.43 2537.71 2282.13 269.92 2085.94 150.20 2937.48 1093.72 2747.55 277.13 237.77 2796.03
175.70 3785.06 1.33 6 908.73 2860.68 1252.77 2477.77 765.44 2748.21 583.48 1707.88 454.94 1641.17 1.70 198.68
180.53 8126.57 0.62 6 1359.30 879.46 2747.89 687.27 695.45 276.81 2575.50 835.54 934.80 1561.52 156.44 1963.87
192.00 7899.75 0.49 6 2796.45 736.94 170.55 404.85 837.83 737.37 26.24 2566.22 145.03 467.73 525.44 329.63
194.19 9409.43 0.71 6 2172.54 2727.56 685.67 1099.78 505.62 2560.94 268.38 764.78 2991.30 1435.59 1935.03 1797.32
197.58 8379.00 0.75 6 304.53 2451.87 1387.61 2282.58 2299.05 1539.74 536.19 372.41 2169.63 458.16 62.15 1513.53
206.50 5925.01 0.67 6 152.75 1550.99 1462.55 2290.92 2185.99 1699.05 369.89 1315.19 108.47 2337.92 201.87 2904.39
216.23 8811.42 0.79 6 396.87 2585.06 744.64 1920.41 1132.28 1.72 2502.84 1721.59 2263.54 201.22 1382.32 2396.51
219.07 6953.60 0.43 6 580.44 2765.96 437.82 2133.32 656.08 1563.27 497.84 2976.30 808.83 74.05 72.42 1210.24
219.51 2375.63 0.53 4 1526.63 880.96 2420.90 705.38 2116.97 1203.28 2953.80 927.98
220.17 7808.74 0.50 6 2371.57 2247.68 733.48 49.13 1460.33 1399.05 1947.21 905.92 681.21 1317.08 1395.61 2647.15
224.84 5642.00 0.81 6 2938.37 2551.78 1675.71 2667.51 1994.82 1580.13 2867.01 774.25 2443.14 991.80 2003.26 2506.08
241.08 5853.85 1.05 6 153.86 1775.08 2472.21 1665.04 2868.53 1393.04 2405.02 772.93 2533.46 656.86 459.77 295.79
272.03 7101.34 0.71 6 1626.63 1088.98 993.64 243.39 2785.23 198.96 2227.57 1257.87 487.34 1443.52 941.87 2667.92
272.17 8308.48 0.70 6 2576.52 796.52 1404.92 2943.59 239.91 1378.82 1447.99 198.27 2774.47 1480.45 2698.22 1850.40
276.61 6730.42 0.56 6 1215.95 2548.35 494.68 477.58 248.64 246.28 859.40 1831.72 981.43 1130.54 2388.58 25.47
277.60 9180.24 0.52 6 2798.84 1133.77 2167.63 801.32 279.57 1151.67 1981.85 1319.58 426.63 2744.98 1183.20 125.67
280.15 10507.49 0.55 6 1389.90 1247.40 2691.12 2768.24 1395.27 1159.67 154.04 2843.18 886.25 159.36 1960.30 1300.15
297.23 6061.50 0.70 6 979.83 722.04 238.36 1763.05 1346.76 447.98 446.16 465.66 353.15 323.02 220.33 2311.10
313.38 9769.22 0.46 6 1769.34 2047.80 735.89 2444.80 2819.82 901.71 2418.57 2334.89 1301.62 816.57 2918.28 2973.94
331.49 9774.60 0.39 6 1306.87 2445.18 91.79 2812.78 2637.32 1475.58 462.14 1419.52 354.68 707.05 2874.82 1765.27
336.34 9117.03 0.49 6 2056.99 2480.27 121.29 2678.64 1748.59 2964.55 1071.75 1715.99 990.43 116.83 1843.09 2464.29
339.62 7881.20 0.60 6 2063.18 1737.81 367.86 1932.93 1763.01 2812.31 2155.92 1306.00 2827.74 1656.36 629.32 1419.68
340.75 7637.57 0.39 6 101.51 469.59 94.14 2559.20 1492.85 1974.99 574.47 198.17 756.55 559.69 1192.47 2127.43
342.30 8815.16 0.57 6 779.95 1930.39 1819.45 2067.10 1995.03 2084.73 2099.83 288.36 96.10 2556.47 2430.81 1076.26
347.74 9387.04 0.70 6 576.74 509.80 322.62 1780.11 2495.41 853.33 1172.59 2980.44 1846.31 1578.26 194.83 1818.50
360.30 8314.96 0.84 6 970.74 398.71 1267.05 944.37 2099.57 22.32 980.72 2900.09 2746.48 1699.71 2349.62 2862.87
367.02 10951.20 0.59 6 1621.11 1477.95 2424.30 1943.91 532.72 400.45 276.95 2910.18 2975.51 6.26 2951.10 1100.30
