18.14 406.77 1.00 2 583.30 810.51 177.30 785.41
20.83 741.43 1.00 2 677.24 704.02 935.21 8.92
24.49 1124.59 1.00 2 2199.13 1248.92 1361.92 498.06
26.43 1321.62 1.00 2 2031.10 392.61 719.24 232.32
27.74 87.24 1.00 2 795.41 1727.59 879.08 1702.89
39.59 1579.31 1.00 2 1171.29 474.11 2556.30 1233.03
41.42 1471.22 1.00 2 2632.58 275.60 1195.07 588.74
49.27 1063.56 1.00 2 1434.15 866.46 2295.93 243.16
52.89 2444.68 1.00 2 2913.65 1419.96 1000.47 2941.87
53.16 1157.96 1.00 2 1662.64 2155.78 538.90 1876.38
56.83 2141.74 1.00 2 2646.72 2954.85 531.16 2621.00
61.70 2284.81 1.00 2 635.34 513.98 2606.23 1669.81
63.22 661.05 1.00 2 833.88 2650.33 532.27 2062.09
68.96 747.97 1.00 2 514.55 972.85 589.71 228.66
75.17 258.61 1.00 2 2642.86 441.11 2574.90 191.58
75.63 2881.38 0.87 4 545.84 651.45 827.81 1091.42 1093.31 96.46 2397.64 351.58
87.74 1786.90 1.00 2 703.82 1018.81 1396.61 2665.95
93.32 2565.88 1.05 4 1955.44 1865.31 2294.02 1709.76 1584.94 1487.53 354.77 719.60
94.99 1649.47 1.00 2 142.34 2453.91 213.03 805.95
95.18 958.92 1.00 2 250.57 1743.92 307.13 2701.18
95.43 3671.48 0.90 4 2723.28 1957.22 871.47 441.89 919.45 812.69 232.49 1401.57
108.37 1018.67 1.00 2 2665.69 792.82 2106.05 1643.99
109.55 1377.51 1.00 2 2948.53 495.17 2785.07 1862.95
110.74 1336.98 1.00 2 1246.87 2985.09 2580.15 2885.77
111.13 3956.33 0.83 4 900.76 712.91 484.26 333.73 328.98 1101.26 2936.11 1223.61
112.84 341.88 1.00 2 1370.87 971.01 1411.61 1310.45
115.65 582.68 1.00 2 2529.17 2219.60 2126.06 1798.87
118.50 2024.88 1.00 2 955.26 416.38 2972.81 244.19
118.52 1326.04 1.00 2 1142.18 1813.53 1909.95 2894.69
118.87 1443.45 1.00 2 423.03 110.06 1386.28 1185.09
119.69 384.33 1.00 2 1724.34 1980.23 1802.46 1603.93
124.52 1926.00 1.00 2 1916.62 338.46 517.96 1662.55
128.85 1042.33 1.00 2 2686.17 2693.01 2106.98 1826.41
129.09 954.71 1.00 2 511.31 688.87 1020.04 1496.74
133.95 4397.58 0.89 4 6.30 1394.15 2944.72 1952.74 2428.56 783.27 2390.81 660.72
135.84 4991.94 0.83 6 2257.29 1925.04 1162.19 534.10 1326.48 759.56 520.91 755.03 1788.70 1503.32 2185.32 969.63
138.23 1111.37 1.00 2 2159.67 299.12 1106.92 655.25
138.30 1215.19 1.00 2 2495.45 1169.86 1303.65 1407.14
141.09 3054.65 1.00 2 132.30 2729.32 2284.62 561.74
145.93 596.37 1.00 2 1989.86 1139.07 2515.38 857.14
151.19 2459.43 1.00 2 2939.27 1736.45 508.97 2113.89
153.80 1090.21 1.00 2 261.22 265.81 872.89 1168.26
156.26 4212.78 0.81 4 2738.58 1793.16 1014.50 1274.22 2100.16 110.92 2548.51 798.78
159.36 2067.91 1.00 2 817.78 2017.96 310.13 13.33
170.99 1349.59 1.00 2 2291.35 2835.64 992.56 2468.87
172.24 1511.93 1.00 2 472.43 829.26 732.52 2318.65
173.27 5463.62 0.98 6 1247.29 1277.32 342.70 79.45 1239.66 2249.85 2209.14 1771.01 2427.01 1784.80 2739.40 1821.41
173.39 3969.61 0.97 4 1515.76 783.81 202.35 254.33 97.26 184.96 2514.44 409.24
177.27 2863.68 0.95 6 842.22 2540.93 1023.00 2425.47 1592.22 2302.50 1709.40 2925.72 2226.22 2623.72 1898.02 1856.92
183.06 4252.75 0.88 4 1176.77 1924.92 740.07 2531.82 668.51 1465.01 2752.07 203.19
186.07 6503.47 1.05 6 2172.65 275.37 2712.27 715.84 2477.68 1151.78 752.98 2939.08 1435.20 1919.86 503.97 616.76
190.70 534.83 1.00 2 483.07 852.96 210.97 392.52
194.25 512.30 1.00 2 422.21 1193.62 738.20 790.38
195.54 1377.03 1.00 2 180.66 672.21 1551.02 807.61
199.23 2661.37 0.86 4 2168.21 1252.07 2322.20 1376.24 2045.41 1087.56 670.53 2626.45
202.32 715.97 1.00 2 566.57 431.77 538.67 1147.19
204.82 1141.10 1.00 2 1303.16 502.74 813.36 1533.37
205.20 1760.15 1.06 4 1312.97 176.55 1711.05 246.44 786.68 269.03 386.71 430.51
205.63 2281.35 1.39 4 1440.88 2254.54 1687.82 2282.36 2723.34 1863.50 2976.20 983.27
206.58 1628.79 0.88 4 1692.70 959.64 2084.19 1022.13 2666.83 664.13 2121.50 605.15
213.88 794.19 1.00 2 694.22 1513.81 1121.11 844.11
215.70 1485.13 1.00 2 1222.85 206.84 1796.45 1576.73
219.06 1452.79 1.00 2 1047.99 1809.70 2491.11 1977.04
228.53 2526.30 1.00 2 2824.77 2612.24 1125.35 742.97
231.98 3899.17 1.14 6 992.87 2453.31 1373.90 1777.73 1475.32 973.86 1652.43 871.32 1920.67 246.87 509.69 473.40
233.38 1869.14 1.00 2 2977.15 607.00 2484.82 2410.13
251.77 6288.34 1.20 6 2891.49 1276.60 634.44 921.76 51.27 1458.51 45.24 1852.20 1404.01 2751.75 2535.78 2391.60
264.93 5746.48 0.81 4 756.02 2437.25 2761.45 464.13 2396.71 1057.86 228.15 511.60
274.06 5503.04 0.83 4 486.33 2359.61 2620.27 2850.63 1192.23 764.39 1691.22 158.21
276.12 7005.86 0.85 6 311.35 70.02 1035.70 880.18 1819.63 702.40 2355.16 2563.82 1505.13 2948.00 1215.84 721.21
339.89 7394.52 0.79 4 2074.63 123.20 197.87 255.09 307.23 2863.35 2652.93 1153.78
