39.50 1374.79 1.00 2 1019.43 1583.14 2077.76 2460.63
114.97 5748.56 0.74 6 1476.03 1724.45 1695.92 2922.68 2395.77 2538.90 1903.12 2203.30 2341.76 1595.29 263.19 2767.49
132.31 6315.33 0.73 6 1830.09 2978.85 1292.84 830.59 2216.81 1951.33 2255.72 2301.35 1353.87 2641.62 219.08 1943.52
145.92 4795.92 0.36 4 2410.24 1200.93 2837.20 2509.60 2572.48 1064.04 1302.45 2543.42
152.90 6044.77 0.57 6 2808.91 651.71 2696.64 1318.92 1331.86 2231.83 1066.03 411.94 2502.47 1125.34 2219.74 1141.25
154.19 3409.36 1.63 6 2708.65 384.60 2555.91 588.86 2826.87 676.66 1969.12 1096.75 657.93 389.42 246.57 284.37
157.46 7173.18 0.54 6 1297.19 64.45 2484.67 56.61 776.56 668.67 1724.21 19.06 675.69 1281.45 2023.61 979.86
171.81 7590.63 0.72 6 1373.26 1996.21 1063.94 2640.94 2318.98 618.43 2309.78 1723.32 2601.73 457.81 544.76 78.67
185.89 7994.43 0.46 6 1805.76 2534.09 2863.98 982.38 626.42 908.79 2338.39 1620.23 946.01 690.31 1272.85 813.23
186.83 5341.49 0.56 6 276.37 2964.57 1809.81 1910.57 1840.83 2148.95 337.23 1427.07 934.29 1408.46 1433.37 2246.16
191.10 7355.22 0.61 6 1467.33 1814.55 572.94 2955.46 765.85 335.98 2249.05 950.64 2399.37 1079.58 1370.86 21.77
198.19 8009.59 0.49 6 1340.44 1197.53 2443.50 278.56 2173.56 365.11 616.90 1141.51 525.29 2739.85 2269.82 361.07
198.48 6623.91 0.41 4 517.26 2808.87 2430.96 544.84 2895.90 2225.90 2637.23 328.17
211.33 7066.50 0.54 6 487.12 1492.67 2726.94 795.54 994.75 2666.46 918.19 1875.94 963.22 2349.81 102.67 2616.08
216.72 7835.77 0.70 6 1693.74 383.84 2286.86 183.54 1982.86 1115.11 467.27 2085.21 2407.14 2599.04 1244.63 472.45
229.64 5881.77 0.83 6 644.51 1863.94 837.92 2305.53 2677.58 765.85 1637.64 353.46 2771.66 1011.76 2420.97 1462.07
234.29 6414.75 0.61 6 428.86 102.34 967.60 1716.26 1886.14 2450.97 2384.32 485.66 1451.53 1031.71 1731.60 1356.31
242.50 6225.07 0.84 6 1646.70 1989.74 1557.22 189.35 2894.26 378.68 2004.04 1027.13 1096.27 1926.88 681.38 1372.30
243.96 7498.08 0.58 6 1211.52 2660.75 553.88 1978.11 2005.07 1559.75 315.68 678.67 985.88 2921.87 1731.50 2650.75
248.02 9701.10 0.47 6 902.08 2999.12 1169.06 1414.08 1942.08 969.81 253.35 1930.75 2853.93 824.15 422.21 746.99
249.57 5878.43 0.74 6 50.16 2200.24 455.31 2579.78 1854.55 2529.72 1061.81 1802.81 1575.14 2400.78 2253.31 456.15
271.86 7092.90 0.59 6 2995.63 584.63 1087.97 691.27 1123.42 300.41 2520.04 665.57 2841.49 1592.61 496.91 1902.94
273.48 9874.14 0.76 6 2740.73 139.50 1575.61 474.52 2950.11 2568.42 1131.11 1795.52 44.82 2691.57 1610.18 403.22
300.67 7933.29 0.72 6 2826.58 1829.00 2877.17 2846.70 2916.03 2681.23 2574.89 835.26 889.49 2702.87 1404.01 408.36
311.96 5797.76 0.35 4 1771.03 2380.80 352.42 2292.09 2862.21 1726.88 1082.10 2017.83
312.74 10636.91 0.40 6 2279.68 395.12 1738.11 2803.87 1155.09 144.06 1266.06 1983.61 102.68 2718.04 593.69 546.52
312.88 6744.19 0.59 6 2992.82 1809.95 2608.08 1994.73 1265.02 1914.18 1797.14 1087.65 2510.13 2889.73 2595.50 840.61
326.27 8013.73 0.68 6 1885.64 1413.33 374.59 2228.74 2936.98 2731.52 1981.26 896.47 1363.10 211.21 1024.13 816.31
331.21 7060.48 0.46 6 1773.25 1996.89 2125.59 1682.01 1556.90 2775.73 311.90 2342.77 2512.24 1127.47 1147.76 1804.99
337.52 10676.03 0.50 6 333.41 1651.39 921.09 1308.49 2600.90 1514.17 887.14 2619.92 2952.94 248.90 1192.67 2823.75
354.42 9120.83 0.52 6 2963.88 1144.51 1399.58 1754.94 2383.37 2275.38 2673.35 338.51 2628.73 2074.31 673.90 309.15
362.86 10243.20 0.34 6 2502.99 211.59 455.54 1330.14 32.31 351.88 2890.07 828.65 2016.71 2281.75 933.48 307.84
363.08 8954.19 0.61 6 2172.16 827.60 1258.94 2508.89 303.39 2417.97 755.01 1523.47 2949.26 249.28 728.23 1484.93
365.38 10768.94 0.48 6 934.82 2769.16 2358.94 1938.25 2677.92 370.41 1839.35 2877.83 1173.00 580.11 2218.96 2833.02
365.92 10895.92 0.52 6 2814.43 1.06 177.67 1231.13 2293.78 2420.96 753.99 1667.27 431.37 2467.32 2852.73 727.39
