13.39 669.71 1.00 2 960.51 2719.91 404.25 2346.95
22.14 906.95 1.00 2 254.41 2275.66 1160.84 2306.18
27.43 871.30 1.00 2 1783.49 1893.98 2358.30 1239.19
28.97 848.28 1.00 2 1951.40 374.81 1108.73 472.20
38.58 329.15 1.00 2 1545.11 1114.40 1241.13 988.16
40.24 812.00 1.00 2 1567.44 1857.90 1800.61 2635.71
52.19 2509.58 1.00 2 2059.14 388.43 2419.91 2871.94
55.59 379.32 1.00 2 2528.49 1396.73 2503.42 1775.22
62.30 1614.90 1.00 2 682.99 597.65 262.97 2156.98
64.97 748.39 1.00 2 1631.97 2067.52 911.21 2268.97
66.52 3026.13 0.99 4 1620.43 1306.16 1566.28 810.20 2303.98 925.32 2823.69 2628.39
82.24 111.93 1.00 2 560.06 2886.55 476.51 2961.03
88.74 337.18 1.00 2 1324.14 1418.45 1139.07 1136.59
91.77 2288.32 1.00 2 667.34 2084.00 2401.08 590.50
99.80 1390.19 1.00 2 932.45 2243.56 384.78 965.79
102.02 1200.79 1.00 2 748.58 1009.23 691.20 2208.65
102.72 735.78 1.00 2 1995.38 166.85 1417.91 622.82
103.76 2287.88 1.00 2 2880.34 2412.06 1700.59 451.81
111.52 4276.21 0.94 4 1357.85 324.00 2318.14 24.76 2867.37 169.70 1079.94 2196.45
115.97 1298.30 1.00 2 2052.04 2464.65 2150.35 1170.08
117.86 893.05 1.00 2 2415.81 244.86 2765.93 1066.42
118.66 733.23 1.00 2 2123.48 935.67 2794.72 640.60
119.80 690.09 1.00 2 1785.48 1836.99 1436.47 2432.32
124.80 440.01 1.00 2 1799.27 1489.00 2216.68 1628.21
125.64 1681.80 1.00 2 1079.72 568.75 1114.25 2250.20
125.73 1586.43 1.00 2 408.79 385.18 1970.00 103.40
136.31 1415.39 1.00 2 2050.58 1087.27 681.24 729.12
137.94 1796.98 1.00 2 1772.64 2601.79 1145.85 917.67
138.52 926.07 1.00 2 1592.05 1519.77 2513.61 1428.49
139.53 6276.52 0.73 4 1492.91 1473.21 188.72 1091.77 2051.45 134.42 2804.27 2855.54
143.35 4167.73 1.01 6 932.20 2920.27 2317.07 2264.46 997.49 1511.80 1031.41 1389.49 1305.66 651.13 1354.98 846.72
144.70 6335.23 0.91 6 618.85 2150.40 537.93 609.24 1170.83 101.54 442.55 443.88 454.11 2483.41 1563.00 2235.37
147.17 1458.39 1.00 2 1067.83 1654.65 1240.07 206.46
148.69 2634.41 0.91 4 2524.19 2135.62 2864.09 659.60 2821.70 770.77 1906.71 365.34
149.77 3788.36 0.82 4 980.81 202.83 1671.30 559.70 1397.82 1579.16 75.73 138.19
149.87 5493.63 1.16 6 774.43 2232.51 831.49 2095.05 92.91 2710.04 2176.61 2378.49 2396.35 843.11 2778.71 1456.43
151.35 867.29 1.00 2 1316.92 869.51 620.22 352.98
158.52 1825.79 1.00 2 1210.41 2844.09 2987.93 2426.99
161.64 1282.08 1.00 2 936.59 2825.40 2213.41 2709.38
165.12 4056.11 0.94 4 132.78 385.51 962.86 2088.89 1637.95 1485.43 1501.66 237.09
174.31 515.61 1.00 2 1056.94 694.84 545.11 757.12
175.71 7085.73 1.07 6 2882.04 1871.03 448.27 2176.80 255.59 440.65 864.46 448.24 2133.32 19.89 2634.54 812.60
191.67 1083.61 1.00 2 1562.56 927.86 2580.64 1298.99
195.73 786.36 1.00 2 249.49 1232.31 1014.15 1048.84
201.05 652.44 1.00 2 2559.52 580.26 2068.04 1009.36
208.51 525.56 1.00 2 2442.08 1666.19 2879.80 1957.07
216.21 1110.51 1.00 2 1275.44 625.86 2326.67 267.90
217.74 8286.78 0.79 6 290.01 344.27 278.19 1476.26 2703.60 1551.13 2791.68 441.82 2820.97 2596.48 1506.74 1959.43
220.04 2202.23 1.00 2 2271.43 56.93 1677.33 2177.51
222.75 4237.33 0.79 4 655.03 1189.03 2169.17 1489.11 1389.97 1379.50 19.13 54.00
225.92 1495.85 1.00 2 770.52 1786.85 1754.47 660.18
228.81 1940.38 0.84 4 1489.63 1466.58 1428.72 1098.32 1383.65 1559.00 628.80 2364.94
229.70 8185.18 0.77 6 2832.48 1040.48 2106.81 1506.81 2246.96 2976.42 382.49 639.62 2851.05 431.12 2471.90 447.28
231.02 5050.83 0.86 4 2759.48 643.16 2612.83 964.48 480.53 558.65 1670.24 2788.14
238.28 6413.83 0.77 6 829.88 1741.89 2526.00 1402.21 2238.94 2375.47 1352.77 1866.66 276.70 2250.02 907.63 883.48
252.46 6423.03 1.03 6 392.50 1099.07 765.38 1369.03 382.69 2709.07 1772.29 1497.42 2932.89 658.77 1750.11 135.11
268.99 6049.32 0.98 6 360.44 2901.16 381.18 1743.09 1510.34 2595.64 2362.33 1935.06 2783.79 2576.15 1611.55 1442.28
271.10 5255.24 0.94 4 2742.44 616.75 831.35 2634.84 1020.16 2434.12 1687.26 337.40
279.04 6852.21 0.92 6 1208.07 1233.39 1206.65 11.20 2151.15 486.16 2994.05 2286.96 2900.94 1132.88 2977.41 2557.50
281.49 4974.43 0.89 6 1084.29 2954.60 1116.82 2796.15 1498.92 2264.12 1657.45 1876.27 500.76 1867.99 2764.19 625.72
287.65 6382.72 0.75 4 1292.67 498.30 1202.66 2899.87 2281.47 2700.40 97.38 819.49
302.80 6539.88 0.73 6 294.23 2900.61 1166.40 705.12 676.57 1128.79 543.95 87.27 1671.99 265.04 1877.76 1587.08
308.35 7717.57 0.80 6 2370.41 2287.67 2371.33 1796.09 898.09 2337.74 400.99 784.28 592.68 33.28 1931.54 2994.90
