141.90 4994.91 0.70 6 993.95 781.68 1411.61 2599.18 213.65 2668.28 882.15 2553.64 1750.72 2832.90 1501.43 2602.49
147.78 6188.94 0.61 6 1981.59 2042.27 2992.41 778.28 2179.65 667.09 2163.85 1966.20 1255.70 1164.82 1603.91 2354.69
163.62 7881.01 0.38 6 757.17 2415.26 1928.22 1271.42 756.00 1400.09 916.38 2901.07 1129.43 1046.13 2031.59 2472.93
165.87 7693.36 0.70 6 1191.46 306.94 2529.85 1122.69 895.43 324.31 1534.54 1987.07 1942.03 1827.15 191.51 2965.08
171.93 7696.52 0.59 6 1921.78 2584.47 2677.12 896.37 2699.06 2416.29 783.44 2133.28 449.79 2296.42 2407.09 1800.10
181.68 9083.95 0.74 6 1942.14 2033.09 60.16 2340.91 2734.55 1942.11 807.25 1228.52 2302.72 26.69 1803.43 25.39
191.06 7752.91 0.59 6 383.83 775.96 549.21 2039.14 1065.85 2232.63 2425.03 2288.75 1006.90 267.90 921.26 2364.27
192.89 6344.64 0.68 6 571.73 2030.24 2080.57 1033.05 1766.01 501.06 1880.06 746.47 386.79 1150.65 2471.53 894.61
206.59 7929.53 0.66 6 1145.01 895.07 412.10 600.89 2719.86 1372.71 162.19 2562.72 1227.58 1708.21 949.15 2147.01
208.39 6219.50 0.76 6 1604.20 145.76 1960.70 59.23 1140.76 1641.85 2984.04 1985.91 2069.25 1250.33 1423.19 459.38
215.23 6261.30 0.31 6 2085.58 1890.93 1987.45 809.93 2491.96 314.74 903.35 1984.99 1816.90 411.49 2156.30 353.20
225.92 9896.19 0.67 6 105.96 2124.21 2719.58 2015.61 2521.92 2629.48 1716.13 569.75 1521.94 2536.26 543.41 292.81
227.49 7474.50 0.51 6 1210.17 685.25 2202.23 1769.08 1951.62 112.09 2181.51 393.62 506.95 1099.77 2629.63 767.37
227.71 6585.55 0.26 6 342.04 318.79 788.98 1569.44 886.05 118.22 595.94 599.25 605.02 2110.31 1489.06 623.08
236.65 9132.44 0.49 6 2336.82 1462.74 1903.50 14.14 505.82 2293.45 1893.10 530.47 820.58 2283.58 1468.73 2290.71
238.25 5312.57 0.21 4 2920.33 391.97 1233.85 137.92 2761.19 338.81 784.84 942.71
241.40 4670.22 1.24 6 2608.25 224.60 2910.44 151.05 1209.83 705.00 1474.94 722.68 668.12 1929.95 1377.28 2403.78
244.14 5406.93 0.66 6 2113.70 2033.79 1695.04 2933.69 1569.31 2101.74 2302.59 1729.95 2009.53 1014.90 285.73 1985.14
251.12 7456.04 0.99 6 2799.37 991.81 2720.64 2505.70 270.25 1535.12 8.21 2014.90 2007.07 447.43 2170.69 303.87
254.30 5014.85 1.17 6 1344.30 2569.77 1492.12 1960.12 1671.39 0.51 1341.20 356.12 307.93 1237.02 272.69 1812.61
259.38 9369.13 0.64 6 872.48 2183.50 2663.92 2986.42 1077.75 565.28 1789.11 1013.51 1028.20 2704.15 2844.25 2754.62
263.88 10193.85 0.69 6 264.12 1843.44 2895.98 1149.95 1119.30 42.23 1900.46 1210.18 113.18 598.24 966.64 2499.69
274.62 7731.07 0.53 6 548.61 1202.33 1157.15 2552.01 2390.73 339.17 2886.93 815.50 2399.70 1946.54 2088.51 175.94
287.91 4595.55 0.39 4 1238.24 2100.04 2104.48 2582.12 2245.28 896.74 2135.62 2806.54
290.36 6218.14 0.93 6 1419.40 1971.50 2277.96 665.24 2893.30 875.95 2147.74 342.07 1024.07 2489.65 1565.96 2106.29
296.07 7703.30 0.65 6 745.73 1037.25 2517.10 1675.03 1930.20 470.78 2028.89 1154.63 2963.37 163.70 2546.54 2555.61
298.16 5408.19 1.20 6 1801.64 2648.09 2938.50 2747.73 2890.78 2911.47 1512.33 1153.99 2287.12 820.79 1358.54 400.12
298.95 9247.39 0.34 6 285.00 2274.61 1990.07 511.54 1865.42 2635.43 137.67 2556.00 1072.58 1313.14 278.85 2444.89
299.14 8657.10 0.78 6 2827.40 478.19 2406.79 2035.18 1075.80 86.45 1248.08 1772.25 543.78 1139.25 2053.39 2515.61
310.22 7510.91 0.59 6 1857.20 913.79 2014.42 2851.07 668.75 1363.38 1525.01 620.55 1090.03 162.83 1680.45 1859.27
311.84 10191.81 0.32 6 767.68 693.48 1392.83 299.43 871.70 2404.79 2966.00 888.07 524.11 118.33 938.12 2215.62
321.11 7155.70 0.72 6 2150.36 323.30 2512.40 1766.43 1975.37 2868.57 1243.41 2779.88 2316.44 1351.51 403.91 1496.49
337.53 7676.53 0.78 6 1591.09 145.71 1448.80 1525.00 1735.66 2191.48 2805.92 2516.45 2763.49 531.61 385.15 1162.22
364.44 9622.20 0.41 6 137.33 492.47 2164.68 320.88 2790.65 1178.69 421.35 2150.57 1832.56 562.63 1371.14 2344.26
