17.86 392.94 1.00 2 1410.06 617.33 1593.39 964.89
22.18 509.16 1.00 2 822.56 444.05 334.54 298.85
31.88 1193.79 1.00 2 2020.72 1432.02 2408.42 2561.10
35.21 1460.35 1.00 2 2872.71 2255.83 1435.26 1998.24
47.19 759.59 1.00 2 2201.06 1956.36 2472.72 1247.01
49.08 1754.00 1.00 2 1614.06 367.86 380.39 1614.69
50.28 814.14 1.00 2 139.22 909.03 832.42 1336.00
51.92 1095.92 1.00 2 2537.15 1308.21 2358.70 2389.51
57.98 599.04 1.00 2 2634.17 962.13 2436.73 396.56
59.11 855.35 1.00 2 2091.64 1079.93 2888.13 768.14
63.35 1967.48 1.00 2 631.78 1344.97 2594.01 1488.65
68.13 1006.40 1.00 2 1168.33 1889.79 1471.83 2849.33
70.32 916.11 1.00 2 1010.49 2007.31 1420.20 2826.70
70.34 217.24 1.00 2 1493.94 2840.27 1665.97 2972.93
74.29 1514.27 1.00 2 846.52 1919.70 2352.72 2075.91
74.58 1229.07 1.00 2 801.35 2238.95 807.26 1009.90
74.74 1936.90 1.00 2 2897.92 2750.11 2983.07 815.08
82.56 728.00 1.00 2 2524.49 2590.05 2206.14 1935.34
84.31 3415.61 0.91 4 1339.10 1324.62 2082.60 1200.83 2420.19 1297.59 172.12 1831.85
86.70 635.09 1.00 2 1394.05 2044.03 918.70 1622.87
89.83 1391.36 1.53 4 1410.45 1583.92 1424.41 1715.35 2120.32 2323.92 2016.75 2642.20
91.02 3550.82 0.94 4 1764.98 1804.16 2515.81 378.54 2682.38 491.05 1730.60 1945.93
93.22 1060.96 1.00 2 2432.87 1620.92 2363.88 562.20
94.37 3418.44 1.08 4 2785.05 46.49 2572.06 955.68 2380.65 1261.38 350.33 1885.05
95.37 968.27 1.00 2 1924.27 2310.82 2887.25 2411.93
99.58 1079.05 1.00 2 856.41 2075.89 138.55 2881.52
99.94 1996.88 1.00 2 2341.04 2057.48 481.65 2785.61
101.15 5057.38 0.95 6 2282.22 1633.24 2911.46 1740.12 2224.35 2401.65 2691.12 703.88 1933.08 867.59 1482.99 54.85
102.72 1036.04 1.00 2 1434.60 2612.01 1401.10 1576.51
103.37 1668.30 1.00 2 1279.14 1209.25 704.27 2775.38
104.78 1038.85 1.00 2 418.70 1472.92 1260.23 863.78
108.58 129.03 1.00 2 1138.00 1731.65 1057.37 1832.40
110.14 1507.23 1.00 2 1809.47 1194.31 307.83 1064.66
116.65 932.30 1.00 2 2549.90 923.62 2210.88 55.15
120.60 629.98 1.00 2 353.47 1934.58 523.63 2541.15
121.20 1660.07 1.00 2 1284.98 1001.02 2563.59 2059.78
121.65 982.43 1.00 2 2961.68 1722.65 2148.33 2273.68
124.02 1000.96 1.00 2 836.12 844.22 1656.60 270.86
128.21 2110.60 1.00 2 2984.93 1759.26 1168.77 2834.53
128.62 1730.93 1.00 2 185.94 1874.65 425.77 160.41
134.22 1911.11 1.00 2 2009.67 63.40 189.94 647.28
135.99 1799.71 1.00 2 625.50 2312.36 898.96 533.55
136.21 4910.59 1.02 4 1066.31 1350.84 166.22 2907.79 2542.35 2833.92 2988.07 2249.60
141.65 682.44 1.00 2 477.05 1502.73 1154.72 1422.13
143.64 1282.23 1.00 2 1688.65 2717.79 2944.12 2978.34
146.35 1717.25 1.00 2 1627.20 1659.89 2980.49 2717.04
149.34 1166.91 1.00 2 2641.60 2027.81 2655.42 860.98
151.10 755.01 1.00 2 2986.33 1726.36 2442.06 1203.09
154.90 2245.22 1.00 2 1261.59 788.53 741.83 2972.76
161.44 1871.77 1.00 2 2481.28 1672.87 623.42 1445.01
162.25 1112.58 1.00 2 1273.56 1852.17 437.07 2585.75
163.01 3650.66 0.91 4 2408.45 1029.32 1164.59 221.87 527.80 108.23 1281.28 1429.30
168.25 1012.46 1.00 2 2639.06 1579.50 2496.34 2581.84
170.87 943.28 1.00 2 497.22 1462.78 771.33 2365.36
178.50 6225.09 0.96 6 2818.58 2019.33 2069.54 2914.68 1001.89 2999.06 631.57 2484.23 9.67 2714.05 2695.49 2856.04
181.19 1559.33 1.00 2 237.77 514.40 1579.70 1308.60
182.19 2409.56 1.00 2 2622.60 1424.69 409.93 2378.67
183.09 2254.30 1.00 2 1073.25 2846.37 990.02 593.60
183.68 3183.81 0.90 4 1808.21 1154.32 1738.99 462.55 1296.66 1298.14 1721.87 2781.55
188.11 605.30 1.00 2 341.41 969.90 906.43 1187.00
195.06 2052.75 1.00 2 1150.65 1849.73 156.03 54.04
195.33 2666.59 1.29 6 1963.90 915.70 2072.92 430.75 2286.89 1462.25 2322.08 1533.08 2862.51 2156.09 2655.16 2201.41
204.88 1144.20 1.00 2 1992.24 1383.52 1701.68 276.83
205.52 1776.21 0.97 4 1093.24 1587.33 666.05 1072.81 299.07 1860.97 89.89 1747.32
210.71 2535.60 1.30 4 2248.04 301.00 1997.16 150.59 950.23 661.21 54.75 60.56
215.80 4289.83 0.97 4 1438.02 919.47 161.13 730.92 1649.68 2333.95 2448.88 2193.09
218.41 1920.32 1.00 2 172.61 138.96 2092.06 196.81
229.19 2759.30 1.00 2 1110.09 2707.92 1985.17 91.05
237.30 2165.04 1.00 2 2643.41 868.27 515.41 469.45
237.84 6191.88 0.91 4 789.50 2744.53 246.33 435.26 1770.37 287.66 2429.16 2479.20
237.89 2494.28 1.00 2 2100.59 2993.04 2926.10 639.33
240.80 2140.16 1.00 2 2595.23 2847.89 2031.80 783.23
241.10 3155.03 1.00 2 2530.03 2863.18 274.89 656.70
242.52 4325.85 0.97 4 1138.20 2615.96 2598.60 2871.59 2352.96 1790.42 1142.70 547.92
258.94 3746.91 0.92 4 2853.27 1078.38 2996.78 20.44 2854.72 2405.73 2831.16 2116.93
279.67 5783.36 1.09 6 232.48 2687.45 207.18 1785.43 2065.43 1369.17 1380.58 306.85 2413.42 748.06 2965.14 540.10
332.99 7149.51 0.96 6 639.22 2501.45 132.87 2524.38 2481.26 2938.48 1443.22 1900.85 2624.25 293.12 1849.74 474.19
