12.63 31.43 1.00 2 2907.30 179.28 2884.32 200.72
40.38 1018.93 1.00 2 1286.99 365.54 388.28 845.69
58.48 624.08 1.00 2 739.76 1899.21 981.64 2474.51
100.27 2313.37 0.89 4 2200.26 2206.48 847.37 2372.13 584.83 2396.55 1268.97 2455.76
117.63 281.27 1.00 2 781.03 357.50 856.15 86.45
129.20 460.11 1.00 2 2498.79 2022.62 2659.96 2453.58
139.45 272.67 1.00 2 321.78 0.81 93.60 150.08
142.65 7132.33 0.71 6 2969.29 1896.58 2374.13 1985.32 551.73 284.54 1198.25 41.85 518.34 1778.81 1173.87 449.70
153.83 7391.50 0.56 6 1011.95 65.04 2865.59 1647.99 2171.19 1298.57 1176.70 910.57 683.22 1459.60 2841.99 479.46
156.81 6140.47 0.76 6 686.78 1778.50 1465.76 1409.26 286.75 2250.58 711.05 2458.97 58.19 1532.88 1870.82 243.92
172.73 7936.44 0.68 6 969.85 1430.10 2830.01 2410.87 924.02 475.81 867.97 705.46 1249.04 38.90 1891.38 2052.17
176.02 5300.85 0.74 6 1657.73 1106.47 1650.38 1886.67 979.83 2508.22 945.81 2161.50 1938.98 1186.61 103.60 848.73
181.36 4967.80 0.94 6 2263.98 2916.96 2252.55 1477.37 1925.46 1187.97 1014.47 1237.93 1635.33 1574.04 464.95 2468.54
192.23 7611.53 0.68 6 1472.82 1807.80 798.02 1348.45 828.63 429.25 2672.73 2874.82 2332.30 2373.84 2543.32 177.06
210.16 7307.90 0.55 6 1781.54 2275.38 827.85 2118.89 385.61 2868.32 323.23 820.66 1360.00 488.70 371.74 2603.21
212.02 9501.02 0.52 6 2174.27 2421.37 2911.29 189.37 628.37 978.60 2592.29 1108.70 1341.23 1251.00 700.32 2615.62
215.12 6056.16 0.77 6 657.00 698.00 1501.75 968.85 57.77 2296.61 457.89 2611.45 2267.89 2010.79 1476.68 2008.93
216.80 5540.01 0.81 6 638.33 1608.69 844.25 1668.79 604.76 1822.86 2745.60 2232.76 1532.64 479.59 1003.46 981.17
235.75 5387.57 0.81 6 2159.83 2159.91 2261.58 2762.46 2385.01 2001.07 1373.65 1172.26 1440.53 1790.22 2813.48 233.02
239.06 9552.88 0.51 6 1447.66 438.36 2955.85 1814.31 1937.52 2873.18 818.27 960.11 1608.93 2472.41 1792.76 361.09
243.16 10757.86 0.54 6 937.61 2747.21 1664.99 1731.66 381.40 965.50 2917.58 2360.42 993.18 583.13 1898.05 2913.41
245.46 7873.20 0.82 6 2443.09 1345.49 782.26 717.80 157.45 2528.68 345.75 2734.27 1934.28 1673.05 676.56 127.18
253.29 9764.63 0.43 6 32.74 782.96 1954.90 2287.12 2729.42 442.84 432.18 75.85 236.13 1394.82 1877.67 1665.79
253.32 4065.97 1.03 6 2462.14 1633.77 2178.60 1622.30 1221.00 1740.64 1119.80 2705.46 962.13 1917.94 1116.33 2950.54
259.75 7987.33 0.48 6 2091.37 1650.09 626.51 1748.22 1744.75 1104.35 120.39 1769.01 21.46 2105.47 2695.74 492.54
262.12 7005.91 0.55 6 1082.81 163.10 2653.14 757.00 649.27 542.76 1878.35 1700.54 1533.30 929.70 1001.80 1498.78
265.21 3460.58 0.78 4 1651.35 2826.87 2363.17 1467.54 2219.13 2052.03 976.46 2509.41
266.68 7633.89 0.72 6 1810.10 1954.23 554.50 124.98 2622.70 600.43 1535.42 1217.07 2413.91 2228.44 1710.62 2241.82
271.22 5860.88 0.72 6 1689.69 189.85 1192.62 1132.28 1397.10 525.07 2075.40 646.43 111.48 1297.46 39.81 2692.22
274.11 6605.30 0.97 6 839.94 1960.88 360.23 425.51 523.74 337.76 892.41 104.98 1370.78 2796.74 2174.43 1365.73
296.70 8035.15 0.61 6 33.64 822.69 2186.24 2883.63 1937.32 2912.82 0.03 1335.18 291.70 1104.15 2225.54 1118.46
299.76 11188.09 0.56 6 1696.85 1705.59 2151.81 395.60 454.71 1568.34 2649.78 167.58 191.63 203.68 2820.37 705.04
307.03 5851.44 0.54 6 1721.08 2931.70 1189.05 2470.33 1631.99 1558.71 2376.83 2474.06 2642.17 2971.51 1726.39 764.15
315.28 7764.22 0.64 6 1969.83 2878.29 2156.61 608.10 2889.57 564.21 2629.13 2129.71 801.85 2013.73 2069.03 2431.06
321.25 8762.55 0.68 6 2949.85 2743.70 2857.27 2378.29 2659.32 2084.76 360.98 1910.13 2640.87 2796.13 819.40 67.68
339.86 8692.78 0.63 6 2987.51 132.37 1676.83 2108.84 2227.58 859.55 1689.64 2570.99 2375.89 2146.71 265.25 1101.89
343.21 7960.71 0.71 6 1352.31 1617.64 1030.36 2754.90 1024.95 1898.09 2041.01 2669.22 2948.14 435.15 2234.38 2553.29
361.11 9155.35 0.66 6 2301.94 442.90 2027.13 1223.48 759.60 412.92 2017.97 2668.29 2884.16 259.34 2774.16 1936.39
