47.86 892.77 1.00 2 2096.23 2099.13 1223.17 2285.67
67.31 1465.53 1.00 2 1424.46 469.96 1373.00 1934.58
82.71 3835.57 0.85 6 1069.83 1311.80 1875.31 2600.91 1650.44 1875.26 1361.45 2010.06 727.51 1985.61 532.04 1415.69
103.20 859.83 1.00 2 2016.70 1235.08 2667.02 672.59
119.64 5981.96 0.76 6 895.20 2412.47 14.93 791.13 802.87 2236.27 1828.24 1284.59 1536.00 1288.20 2189.05 1750.03
133.01 1050.61 1.00 2 484.65 2735.55 451.57 1685.46
135.17 258.66 1.00 2 2361.61 296.65 2105.67 259.23
139.24 1661.79 1.00 2 753.14 1633.21 311.19 31.27
141.06 6153.20 0.83 6 1170.26 473.12 1532.69 1858.77 799.80 2348.27 2362.60 2617.01 1249.67 900.44 1108.42 747.64
142.45 4922.71 0.62 6 1645.59 1500.63 78.40 2354.38 888.11 1411.17 1287.50 2006.27 1179.89 1615.20 1916.75 1847.73
144.53 6626.40 0.65 6 696.16 1214.30 532.69 1150.95 997.55 2541.19 2323.19 1003.83 2879.45 1112.78 802.53 2292.09
153.80 5689.82 0.61 4 2802.04 2852.71 673.82 814.36 2234.84 1641.16 2820.56 859.86
158.21 710.33 1.00 2 2317.82 1822.72 2909.26 1429.31
159.46 672.89 1.00 2 1530.23 1472.58 883.69 1286.11
168.79 2339.67 0.93 4 907.09 783.40 957.75 224.06 467.81 179.74 184.15 1434.17
176.69 2534.60 1.00 2 2953.11 288.51 2512.00 2784.43
177.42 1771.15 1.00 2 897.22 410.15 1453.74 2091.60
183.72 7986.19 0.63 6 2546.99 2093.91 2332.36 2846.92 2159.04 2000.77 477.76 2634.47 2771.41 1181.42 1014.19 1683.58
186.82 5940.95 0.98 6 589.38 2304.64 551.83 1927.33 2974.49 1898.50 2348.99 1326.06 2514.99 2246.00 1165.80 2107.59
202.97 7648.71 0.85 6 2256.15 2276.75 288.54 2581.33 304.52 2690.81 2361.98 231.49 2021.43 1500.28 1545.81 590.20
203.20 7060.15 0.75 6 1270.84 1445.92 1667.80 419.81 353.47 2937.64 1661.67 2134.74 2195.75 1721.52 2937.14 1194.70
206.04 1701.78 1.00 2 2945.92 1793.65 2943.48 91.88
206.53 6326.44 0.70 6 1717.97 1516.88 329.51 1926.09 876.39 1380.49 1994.83 2980.43 2107.55 1149.80 1861.27 1354.49
219.82 9391.02 0.63 6 2642.09 1729.76 462.29 607.64 1164.77 2771.34 2664.68 2243.81 2732.35 2264.93 452.20 309.77
228.87 4043.39 0.87 6 1815.59 716.53 2753.91 1497.95 2957.62 366.34 2365.85 239.07 1844.00 333.60 1732.79 858.80
253.05 8252.43 0.61 6 985.91 1800.25 322.31 1049.71 1204.06 2155.25 98.58 2867.80 2320.07 82.62 1703.06 816.33
254.93 9946.50 0.61 6 1385.71 87.68 1421.95 1138.62 2490.29 12.20 69.36 2419.21 1414.59 498.14 286.26 1608.92
263.00 4849.92 0.74 6 1459.68 2426.18 1628.41 2114.36 2729.47 1277.76 2802.71 1399.63 827.75 1577.14 1813.53 1520.05
267.33 3966.58 0.69 4 2516.50 15.28 1798.52 2016.95 2455.24 1527.73 2964.83 2412.62
272.77 7838.61 0.95 6 1632.87 98.94 1806.67 739.34 2309.12 773.45 2894.45 2628.51 433.14 2864.32 2685.96 2803.60
273.43 8971.34 0.60 6 1755.30 2284.26 816.53 815.69 2499.69 1970.37 243.91 679.26 1428.71 1997.65 615.36 2056.95
277.56 5877.78 0.56 6 1165.61 1219.56 501.66 969.52 935.66 225.16 759.81 1033.18 2272.98 1490.54 416.79 1089.85
290.33 5516.73 0.65 6 552.69 1914.45 1212.62 2281.26 776.97 2621.89 259.27 468.19 1084.88 1100.87 1429.23 1990.01
290.66 9532.94 0.67 6 1600.44 301.17 2391.43 795.91 2594.93 1480.87 136.77 1690.06 2185.11 2865.04 649.53 221.74
294.04 9302.03 0.56 6 848.78 1963.36 2314.98 142.68 2645.10 2559.65 1770.94 1973.08 934.65 2696.88 2777.49 1212.60
297.88 6193.85 1.15 6 317.90 2971.23 1354.25 2817.24 1092.18 1514.60 2102.27 1022.20 2751.04 624.62 2659.54 2555.21
298.13 11206.53 0.66 6 1033.42 1216.38 326.65 416.08 1765.89 2697.83 2751.48 573.76 2792.24 2581.72 34.04 1186.23
303.55 8777.28 0.65 6 299.07 2762.34 1486.54 609.83 1748.90 928.31 1146.47 239.51 405.69 2116.28 2542.79 48.67
303.60 7479.97 0.79 6 748.51 455.26 228.41 712.41 154.20 1790.44 1045.05 2630.94 2760.24 653.38 1300.03 1985.67
311.00 5849.79 0.60 4 10.29 1914.51 300.87 406.73 2438.19 1227.53 422.16 1415.14
342.32 10316.11 0.68 6 406.08 2718.64 2911.95 1562.26 276.05 397.56 2007.02 12.92 2409.01 264.79 1600.85 2553.25
365.05 8952.50 0.71 6 249.01 2577.06 2867.16 1262.94 2101.30 1335.24 1961.73 823.36 540.10 121.58 2424.08 2630.85
