4.92 245.97 1.00 2 555.84 1666.65 310.19 1654.00
39.09 1854.38 1.00 2 2385.11 1533.87 572.17 1143.98
42.54 727.14 1.00 2 1243.81 2306.09 713.04 2803.09
46.88 344.13 1.00 2 624.51 2066.29 329.20 2242.98
48.57 1628.34 1.00 2 242.62 573.51 748.34 2121.33
49.22 860.75 1.00 2 2469.62 1657.33 2219.54 833.71
51.03 1551.55 1.00 2 2989.98 9.89 1438.46 18.39
56.66 1932.88 1.00 2 2159.74 1038.54 2445.29 2950.22
58.98 649.01 1.00 2 1286.66 1205.71 1066.45 1816.22
62.66 1632.92 1.00 2 2435.60 2735.86 1075.21 1832.66
72.93 1546.56 1.00 2 2771.52 298.51 1789.95 1493.65
82.80 540.16 1.00 2 2523.79 617.53 2971.60 315.47
82.92 1946.18 1.00 2 1027.87 2017.57 2931.98 2420.06
89.61 1480.61 1.00 2 189.38 2377.36 1578.98 1866.26
100.26 3912.96 0.85 6 1675.77 2756.48 1975.87 1828.26 2346.71 1368.21 2707.16 1699.03 2377.11 1198.50 1513.71 2113.05
102.65 532.26 1.00 2 574.68 2278.46 844.65 1819.75
105.09 2854.62 1.00 2 2828.34 1005.52 91.32 194.66
105.80 1990.23 1.00 2 417.08 2463.31 211.82 483.69
111.10 1454.85 1.00 2 2114.95 893.52 2855.51 2145.79
112.39 1119.69 1.00 2 1903.22 1411.75 1336.85 2377.62
120.76 337.76 1.00 2 2343.31 2132.32 2402.21 1799.73
121.62 981.18 1.00 2 882.69 1185.29 196.91 1887.02
122.58 928.96 1.00 2 331.58 365.88 1008.68 1001.87
122.93 646.69 1.00 2 696.06 2880.29 1269.79 2581.88
125.01 5750.50 0.99 6 1056.85 2742.26 1563.19 1806.26 241.93 1279.14 2319.82 692.95 1736.44 212.33 1735.79 561.26
125.12 2856.07 1.10 4 2247.61 2843.97 1494.13 2450.23 1269.33 2272.26 210.99 917.44
125.81 1590.48 1.00 2 1434.74 2744.28 32.24 1994.22
125.94 1496.97 1.00 2 2887.94 840.31 1932.68 1992.87
129.76 3388.14 0.75 4 2176.44 2250.35 2024.24 2225.17 1059.91 2582.16 2554.83 960.47
133.28 6464.15 0.87 6 575.11 2011.85 1647.84 1279.44 2212.78 119.19 499.24 2502.60 64.03 2653.92 541.94 2629.21
143.76 1188.00 1.00 2 1313.86 1113.20 190.70 1500.30
143.97 3498.58 1.18 4 48.45 1605.12 161.51 1295.95 1208.25 2921.97 2300.54 2344.41
148.48 623.91 1.00 2 2923.44 1971.96 2336.58 2183.74
149.16 3557.98 0.79 4 1744.40 778.25 2442.12 1597.64 2491.57 80.25 1528.29 56.14
149.75 187.52 1.00 2 2481.72 1802.85 2301.62 1750.59
151.35 1967.33 1.00 2 2077.35 391.43 255.26 1133.32
155.98 1598.95 1.00 2 252.07 2912.88 669.62 1369.41
159.31 1865.35 1.00 2 1394.16 229.37 2369.50 1819.41
163.87 5693.44 0.85 4 712.05 2648.71 782.44 1259.43 2716.83 422.00 2106.19 2529.83
164.26 2413.17 1.05 4 2275.51 2822.83 2718.67 2469.51 1662.95 2145.94 1473.32 1428.36
165.82 390.92 1.00 2 1044.73 1009.73 657.14 958.83
168.50 1724.83 1.00 2 340.41 1666.56 2056.77 1495.89
169.61 180.66 1.00 2 1763.45 2630.18 1933.03 2692.46
170.44 6821.96 0.89 6 513.94 2700.67 588.43 2538.32 982.22 201.96 1748.10 1009.94 566.78 103.71 882.44 1745.51
171.41 170.27 1.00 2 406.27 2920.30 317.56 2774.97
174.78 739.21 1.00 2 847.25 2277.96 108.03 2276.53
187.39 1969.66 1.00 2 1344.17 2022.82 948.60 93.29
187.97 598.44 1.00 2 1207.60 2064.25 1101.18 1475.34
189.30 6765.16 0.82 6 2360.54 1398.37 2128.11 2650.56 1899.90 1634.98 2881.62 118.62 2478.18 517.47 419.78 240.53
197.06 4952.87 0.93 4 767.44 2172.71 130.16 1083.67 920.36 389.13 2612.37 2414.37
198.36 2218.11 0.88 4 224.11 1065.35 557.73 2060.35 1375.91 1970.19 1039.10 2047.32
200.52 3726.15 0.83 4 1907.58 482.21 116.50 1083.74 833.21 1429.65 1760.79 957.26
202.98 1249.16 1.00 2 2078.55 2677.51 838.47 2827.83
203.02 3651.19 0.88 4 2217.79 1229.67 1935.60 2371.10 1529.42 2487.11 2484.90 670.04
208.18 1908.83 1.00 2 2220.80 1366.60 419.51 1998.25
215.41 2670.53 0.95 4 2755.18 2124.62 2095.63 1510.01 2032.59 1368.10 1576.90 2916.14
216.60 6630.17 1.09 6 2032.53 2753.09 913.65 2119.27 136.62 1553.39 386.97 1502.40 71.21 261.73 2917.55 188.04
218.50 4025.24 0.75 4 120.15 1879.14 1453.38 957.00 2386.08 1043.51 994.35 578.12
219.04 3852.00 0.85 4 1706.18 2301.69 1985.02 2160.88 1618.00 975.87 98.90 2701.58
221.36 5768.09 0.78 4 2235.60 1713.67 2279.52 2995.52 399.47 2162.25 2053.90 383.71
231.10 2555.02 0.86 4 68.96 2082.17 1450.43 1565.45 931.88 1282.57 771.34 820.26
235.62 3181.07 0.92 4 2776.70 64.99 2279.44 204.15 2268.29 931.07 374.39 521.36
244.92 4745.81 0.83 4 1231.73 1549.69 25.30 2931.36 2542.32 2689.22 2216.64 2890.60
277.56 4077.79 0.90 4 1128.62 1269.43 2624.59 1971.81 1590.33 2975.63 769.10 2433.86
298.88 5443.85 0.87 6 1389.56 2335.76 1389.73 141.02 2357.49 87.44 692.79 471.09 855.80 881.27 732.82 923.87
307.83 6191.70 1.10 6 2879.79 378.25 2883.57 177.88 1410.06 344.94 877.03 2471.18 776.28 1645.84 47.01 352.41
