19.23 561.60 1.00 2 1401.35 847.53 1582.19 315.85
23.17 858.62 1.00 2 1720.25 783.37 2524.44 482.53
31.08 1354.14 1.00 2 1326.93 1784.40 2222.06 2800.50
46.38 619.13 1.00 2 1948.85 611.71 2352.18 1081.44
56.91 1545.75 1.00 2 414.22 274.23 1948.21 464.51
65.42 471.02 1.00 2 1836.12 2451.08 1970.73 2902.46
69.31 465.69 1.00 2 1779.49 2476.43 1533.53 2080.99
70.69 1734.60 1.00 2 385.78 226.16 2024.69 794.34
75.76 2187.78 1.00 2 83.30 34.74 307.38 2211.02
79.83 1091.55 1.00 2 548.92 574.51 584.56 1665.48
82.38 2719.18 1.15 4 370.42 2464.86 340.63 2507.90 773.50 1910.96 2702.94 1920.23
82.96 1047.93 1.00 2 2847.02 2210.43 1885.74 2627.69
89.90 694.94 1.00 2 1696.48 793.63 1761.90 101.77
90.41 1320.45 1.00 2 514.18 1553.61 1008.19 2778.17
95.68 4783.89 0.82 4 2037.95 2264.29 2394.28 682.74 1917.26 171.14 2947.84 2408.40
100.33 316.62 1.00 2 594.35 1305.19 277.74 1302.42
103.79 4389.53 0.79 6 2361.42 498.15 2450.64 170.61 2276.79 812.44 1101.61 242.02 737.19 726.10 2186.51 463.67
105.09 1154.55 1.00 2 1639.01 377.72 2225.15 1372.42
109.81 4390.59 1.13 4 2664.90 2418.20 2437.55 2902.51 1406.99 85.00 2066.48 629.95
112.90 3545.23 0.92 4 796.54 408.27 2497.56 326.00 2324.86 359.76 2056.26 2004.23
113.60 3779.88 0.92 4 1940.19 1271.49 2838.70 2244.79 2782.36 1961.96 1096.61 600.50
115.93 996.73 1.00 2 1720.51 2974.93 2563.30 2442.78
116.02 1800.89 1.00 2 1704.90 2621.37 2771.79 1170.52
125.14 3656.98 0.82 4 950.19 2913.68 1923.47 1106.23 1204.43 381.76 1601.57 809.13
127.62 1281.08 1.00 2 2678.27 312.46 1430.77 603.88
129.05 2852.61 1.26 4 2736.21 1074.39 1477.02 1447.27 841.50 2103.70 855.82 2729.24
130.38 1519.17 1.00 2 1691.00 1191.42 408.23 2005.29
130.99 2649.48 1.00 2 1281.41 2420.20 146.43 26.13
134.68 1834.23 1.00 2 424.01 1896.70 758.62 93.25
138.82 241.20 1.00 2 2935.48 834.49 2769.05 1009.07
141.02 1851.15 1.00 2 2056.91 2321.55 652.82 1115.20
145.95 397.38 1.00 2 238.37 368.31 47.72 19.65
149.06 453.18 1.00 2 407.57 2608.35 393.77 2155.38
150.35 717.69 1.00 2 1099.75 242.31 1657.29 694.22
151.36 5268.13 0.80 6 1863.52 2146.27 1239.26 2105.33 988.35 628.96 933.25 2203.67 1601.82 2553.06 2289.57 2990.28
153.19 159.71 1.00 2 630.59 2097.64 651.07 2256.03
159.87 3793.33 0.87 6 2418.68 2406.98 2355.47 2446.72 2596.03 1959.67 1490.52 1781.08 1687.42 2709.64 1139.52 1748.43
166.72 936.24 1.00 2 1260.00 1444.56 818.72 618.83
173.11 8155.52 0.88 6 2804.69 574.95 2932.79 735.18 2766.98 2068.02 279.73 1278.02 742.38 2442.21 2446.77 290.69
175.47 3173.66 0.82 6 1719.62 465.88 2359.07 1498.13 2177.73 1008.37 2773.94 1282.14 2730.98 1709.73 2395.32 1813.49
176.25 4312.59 0.95 4 419.14 66.42 471.48 1081.38 2539.33 73.07 2429.48 1062.68
178.41 820.57 1.00 2 754.14 2990.02 1565.78 2869.24
178.91 1345.71 1.00 2 2459.76 2984.34 1370.42 2194.23
182.58 829.22 1.00 2 1029.80 2623.76 204.85 2707.81
183.35 467.60 1.00 2 1868.09 2523.89 1401.22 2549.97
184.09 3304.42 0.98 4 2245.37 1063.03 2199.14 2627.54 1869.54 2528.17 519.90 2175.41
189.52 1276.20 1.00 2 1707.75 2361.89 2913.75 2779.33
190.32 2915.75 1.00 2 2754.37 811.87 91.20 1998.94
192.69 3534.69 0.89 4 2176.94 1479.03 2589.50 2403.06 2622.25 2043.16 1318.35 319.41
195.33 1366.46 1.00 2 1429.21 334.20 79.04 544.55
199.72 4685.93 0.87 6 1947.25 693.42 1753.46 739.58 1593.49 2843.21 2041.19 2077.63 1903.86 1525.55 2813.49 1379.79
208.44 1422.10 1.00 2 1551.58 155.01 2936.11 479.73
216.78 7539.11 0.75 6 1487.51 136.71 264.09 2058.38 2424.89 1082.14 1491.22 1996.96 2675.19 2463.84 2365.09 2467.33
217.96 1497.92 1.00 2 82.56 1965.63 1432.77 2614.23
224.56 2327.95 1.00 2 578.31 2839.51 2824.02 2226.23
226.46 2023.18 1.00 2 2148.55 0.78 176.38 452.23
227.52 2575.84 1.00 2 2713.68 316.35 390.54 1429.00
232.60 2529.86 0.87 4 2070.99 2009.52 2488.37 2090.17 2993.05 1819.61 1576.46 1235.92
244.21 4310.63 0.93 4 359.08 35.76 2269.77 203.14 1138.07 1469.15 581.13 1884.10
261.87 5393.42 0.91 4 399.58 1321.40 2309.21 1735.40 2890.17 1823.73 239.44 2875.55
265.35 6967.65 0.99 6 685.75 2550.02 71.01 639.83 1996.98 388.03 2795.33 839.58 2894.97 1182.41 1162.39 1385.01
270.91 6445.67 0.84 6 485.81 1430.48 1015.53 1069.52 2931.91 2842.12 1949.55 2037.51 2379.42 2796.18 1327.06 2793.76
284.41 4420.67 0.95 4 226.16 983.56 1871.51 2164.74 1862.04 2339.30 2838.23 344.96
287.05 5852.55 0.89 4 1680.95 1678.30 90.96 2429.70 196.48 1359.53 2964.43 155.22
318.08 6403.80 0.76 6 2831.30 363.72 837.83 539.96 970.05 1240.58 1753.03 2257.75 1788.63 1929.54 113.41 703.73
