17.32 866.05 1.00 2 1601.00 1952.75 1981.60 2730.69
21.98 898.99 1.00 2 48.85 2099.41 547.36 1351.29
34.51 325.38 1.00 2 2038.34 1545.94 2060.10 1870.60
38.38 1818.75 1.00 2 988.63 864.95 2798.36 683.94
99.57 2578.70 0.82 4 156.91 1571.32 1244.77 1592.86 1012.74 2360.69 398.38 2049.88
103.27 663.47 1.00 2 668.32 753.64 56.52 1010.35
117.78 789.04 1.00 2 573.63 936.54 122.61 289.11
119.24 261.83 1.00 2 1924.16 2621.38 2088.99 2417.94
124.39 419.50 1.00 2 829.36 1711.65 477.52 1940.11
128.70 5535.01 0.71 4 1946.79 173.43 870.37 1163.80 1971.79 2917.59 148.43 2092.59
134.92 4645.80 1.10 6 1497.79 2780.37 2254.82 1075.42 2898.19 764.30 2841.07 967.42 1480.60 299.63 1292.86 17.16
139.40 2370.08 1.00 2 2485.16 2283.81 135.47 1973.58
148.98 648.80 1.00 2 1781.16 70.21 1261.23 458.29
160.92 6945.94 0.78 6 2962.35 599.79 1110.23 917.84 1609.44 2609.52 2170.01 1726.60 2242.78 1724.86 813.06 73.50
164.32 5116.04 0.59 4 2509.49 2461.75 1357.91 2874.99 2601.79 2190.57 1224.63 136.75
169.88 7894.18 0.55 6 484.85 1193.08 1475.09 2541.73 2726.98 386.30 1383.29 1512.05 2323.05 1579.07 1350.75 1928.88
173.92 8395.90 0.70 6 2223.94 2963.13 579.33 1774.74 2817.14 900.51 2627.03 412.41 1593.16 2746.26 2480.13 2787.43
174.52 5825.90 0.64 4 431.16 2544.09 2736.45 2994.33 605.15 1587.85 50.97 2326.59
182.57 7628.35 0.72 6 1702.11 2390.34 724.33 11.12 462.50 1184.91 578.39 2034.81 1862.69 2754.99 357.99 2518.23
183.48 1573.88 1.00 2 2373.19 1262.16 941.88 607.58
184.14 1007.22 1.00 2 630.29 790.72 1535.18 1233.07
188.07 1703.42 1.00 2 1574.49 2966.50 2635.58 1633.94
191.08 554.03 1.00 2 1465.36 2746.23 1164.07 2281.28
201.39 5369.49 0.58 4 1296.59 505.76 1952.02 2426.23 1850.97 810.79 132.89 699.80
204.72 3135.96 0.64 4 2651.71 684.00 2471.77 2618.76 2037.93 1719.63 2143.40 1883.06
206.82 640.86 1.00 2 2586.76 2348.82 2595.09 2989.63
207.07 7053.74 0.61 6 1866.63 2429.67 1538.08 1233.64 998.35 145.53 803.34 2748.92 520.08 2391.94 1834.39 1604.02
208.13 7806.44 0.56 6 1072.24 1244.17 461.72 2675.32 2309.52 1766.19 1058.70 975.29 2584.72 780.04 1416.93 888.32
209.80 6890.15 0.63 6 91.19 1826.14 637.77 2003.92 1913.91 2471.02 2617.95 2240.12 36.35 2310.47 1426.89 1454.37
212.42 3721.14 0.61 4 400.55 2174.80 1350.93 1507.76 660.19 1421.27 1737.81 2942.09
213.24 6761.86 0.67 6 2533.90 2463.81 2522.10 1009.91 629.23 1167.72 1727.57 1460.94 458.57 806.18 810.91 39.55
213.49 5474.26 0.70 6 2232.31 1994.96 1380.83 1828.99 926.29 1540.46 1413.49 1597.77 2867.00 341.04 1276.08 801.91
213.69 1784.63 1.00 2 1532.23 401.45 2425.26 1946.57
214.06 2903.08 0.74 4 1872.95 119.37 1542.57 1058.23 1357.30 630.39 194.41 1482.34
218.03 1301.72 1.00 2 132.72 1472.49 1380.72 1842.55
218.21 5010.70 0.79 6 659.35 2913.22 1081.78 1645.91 497.24 1259.97 1288.09 2210.49 2149.29 2270.23 1441.70 2784.28
218.66 6032.88 0.55 4 270.07 2734.04 996.37 841.10 1801.39 2288.12 2524.60 52.69
228.73 9636.29 0.61 6 178.06 2640.17 397.23 296.87 2197.36 2053.15 1251.54 1152.57 967.95 2702.61 1219.06 833.35
229.57 5978.61 0.72 4 2727.16 1568.04 1565.95 2171.73 476.90 11.08 2517.30 960.00
238.10 7704.92 0.55 6 953.32 126.71 1132.92 2073.90 2951.01 1719.11 613.93 2260.53 897.47 1528.32 1494.80 1917.47
243.78 5988.80 0.60 6 629.36 2547.92 1151.85 545.38 1926.72 2044.15 1330.36 2099.38 1771.07 1971.61 1114.59 2945.18
246.59 2529.35 1.01 4 573.03 1062.94 1326.78 2219.21 1338.27 2401.10 2297.83 2519.59
249.79 4489.61 0.76 4 174.23 1743.09 2286.32 1881.56 1108.78 2962.70 502.94 2480.32
255.07 6253.58 0.55 6 1588.89 2680.57 1501.96 884.70 1085.44 1019.66 2293.07 1406.22 440.04 1144.45 937.23 1868.57
269.28 4063.80 0.56 4 2119.32 1988.26 1822.42 1362.36 2548.61 1984.06 138.66 2141.54
272.06 5003.02 1.08 6 1896.10 1001.22 1640.47 464.06 1568.98 1160.90 264.65 2635.48 1701.22 2367.33 1966.99 2287.25
290.34 7317.06 0.65 6 107.73 2437.65 1344.06 2013.30 2953.29 1742.77 2288.73 1285.24 1656.57 2429.76 2109.80 211.80
298.12 5805.75 0.72 6 2897.17 109.94 395.87 1443.14 1162.87 1820.09 355.27 1364.04 440.20 1664.51 692.90 824.70
341.69 8784.70 0.59 6 1575.37 2583.73 1195.78 452.81 541.22 2806.96 2878.45 2055.74 1781.03 2043.78 2359.05 1807.88
