32.45 922.32 1.00 2 74.86 2470.88 948.64 2766.15
56.41 820.49 1.00 2 2160.60 72.32 2912.02 401.81
76.28 1613.86 1.00 2 335.84 111.17 317.31 1724.92
90.64 4231.93 0.54 4 1384.18 1846.01 103.82 1354.41 268.43 2257.91 480.74 327.47
121.23 5561.40 0.61 4 1621.61 1142.02 2653.80 1965.26 123.77 1527.95 1486.84 556.91
147.99 299.61 1.00 2 934.72 2853.10 666.81 2987.24
158.72 735.88 1.00 2 52.19 883.98 478.41 284.10
170.28 6813.88 0.87 6 540.88 1851.07 1924.66 1059.37 1410.97 236.71 624.73 547.89 283.12 2768.85 1396.86 2455.02
175.20 759.94 1.00 2 527.34 2950.83 381.46 2205.02
175.21 7360.51 0.68 6 644.02 1763.14 2197.71 2809.56 915.27 2469.88 2265.99 425.75 2191.28 1750.02 2393.51 1423.38
180.88 6943.87 0.73 6 2844.06 2481.48 331.32 2865.25 272.76 2416.27 1077.27 1620.15 1611.07 2766.56 1621.48 1213.81
182.93 8046.68 0.74 6 161.38 2935.11 879.41 2359.56 432.67 1943.84 2475.16 2278.73 2707.17 551.00 46.19 1026.96
184.18 9208.95 0.82 6 2875.31 1750.18 1814.75 90.08 1000.62 2393.82 29.93 1394.54 287.34 730.19 2897.09 77.99
187.56 6878.21 0.69 6 2272.34 856.61 1240.87 1436.91 2941.99 2023.39 1819.95 1607.58 1283.88 2636.42 380.71 1390.83
197.59 2079.64 1.00 2 70.59 255.76 1684.67 1567.11
207.15 6657.31 0.93 6 473.16 672.00 822.96 562.47 197.75 499.50 2896.39 1230.66 2143.25 29.19 2230.44 1475.00
208.36 7617.99 0.69 6 2997.38 2723.56 1972.05 2929.26 2292.27 2799.87 1500.60 807.70 2930.16 328.61 2305.60 2827.16
210.95 7147.35 0.60 6 604.80 1823.79 592.14 978.11 1529.58 811.26 2191.09 383.57 691.38 1621.00 2833.65 117.22
211.15 7657.31 0.80 6 1368.56 70.91 97.59 874.73 1311.55 130.84 2247.60 1314.97 2539.11 391.89 1210.99 2210.93
211.68 9784.09 0.50 6 2320.42 2230.44 332.88 501.55 1421.88 18.87 2377.04 2996.38 2423.23 2893.24 770.51 734.64
214.56 927.90 1.00 2 2568.78 808.69 1870.64 1419.91
220.76 5237.98 0.93 4 1503.75 2277.69 2918.34 567.34 2888.56 927.14 779.32 2543.59
230.78 6638.87 0.54 6 1595.80 2320.00 1853.33 1164.61 900.60 2966.98 2180.27 2220.04 1625.33 2199.17 2852.86 2828.41
243.97 8198.66 0.65 6 2816.40 445.15 4.47 624.41 54.52 1556.99 43.63 2707.99 653.41 182.88 746.00 875.07
244.19 5309.45 0.63 4 210.08 786.24 682.20 2738.23 974.29 407.83 1911.52 577.96
249.29 4364.74 0.78 6 2775.69 1281.65 1964.59 793.48 1493.28 1288.15 1052.54 375.28 1597.05 1122.78 2254.29 673.17
249.39 6469.34 0.79 6 36.11 1089.06 1238.62 89.91 1821.63 751.15 971.83 717.52 964.95 2830.35 1746.01 2112.16
251.75 7087.27 1.00 6 356.22 290.34 247.45 288.36 1986.46 1665.89 2505.10 2859.28 2647.14 955.02 1108.14 777.41
256.53 8326.37 0.73 6 2997.82 363.95 2258.91 1883.33 1483.42 2801.46 357.33 2394.96 2461.20 416.59 2226.49 1745.92
273.28 7064.05 0.71 6 1520.99 2761.95 1789.39 2301.17 2672.05 422.22 1957.85 1540.02 2904.44 447.88 1592.64 1502.39
281.36 9768.09 0.67 6 2142.95 1209.92 14.49 1548.47 69.43 2864.83 717.82 333.69 1715.21 2334.43 2551.18 1153.45
282.19 4509.30 1.23 6 390.07 2950.70 1325.79 2993.37 2489.61 1987.17 2869.18 1864.20 2556.90 1325.99 1734.54 1917.34
287.01 5050.34 0.67 6 1376.54 2858.14 1528.16 2541.91 1053.25 2096.37 1182.72 2960.60 2110.78 1162.28 1200.57 457.93
294.42 7121.02 0.96 6 1996.68 2676.76 1393.94 518.68 1374.84 88.87 343.27 95.12 166.14 1279.41 2170.22 2236.91
310.40 8220.20 0.77 6 2314.77 2851.25 1646.86 2059.86 2358.91 2923.66 1654.98 996.05 2814.80 1885.03 1037.85 53.70
316.42 10620.76 0.54 6 2599.80 1642.84 734.83 151.99 2917.32 1545.15 1440.09 774.04 2764.08 2447.81 2052.89 747.12
318.44 7221.94 0.61 6 2556.39 899.54 1866.12 998.69 2230.57 1877.76 2475.65 75.46 20.53 1497.66 614.87 2195.67
326.02 7300.89 0.60 6 1475.45 446.70 1265.57 1473.51 2820.60 2270.59 704.64 1675.00 1229.50 507.23 2248.36 378.65
371.87 10193.31 0.54 6 2444.69 2673.62 936.17 2176.22 533.11 432.98 2740.34 2261.76 2911.94 916.38 1319.42 2962.73
392.17 13308.51 0.56 6 2589.69 1295.83 175.68 413.84 2430.34 2119.02 444.81 161.01 2643.70 2163.05 1617.22 274.81
