28.08 804.05 1.00 2 1479.45 1292.47 1687.31 2069.19
50.79 939.64 1.00 2 2778.68 1468.65 2976.77 2387.17
117.40 5569.76 0.76 6 2009.51 2881.96 1139.76 1873.86 2573.39 1070.64 1695.65 1070.66 2670.77 974.15 2276.78 1597.46
125.83 291.66 1.00 2 736.84 1036.06 1024.47 1084.40
128.10 4404.97 1.24 6 2942.11 1715.11 2466.94 702.66 2481.83 592.93 2001.90 577.63 135.61 538.17 885.00 183.83
128.93 346.53 1.00 2 1547.67 1590.11 1215.55 1689.00
129.13 256.37 1.00 2 707.41 447.82 808.23 683.53
149.78 1688.77 0.70 4 127.38 1138.34 78.75 1797.63 121.15 1304.07 8.39 783.86
153.65 4782.36 0.79 6 2099.06 498.57 2651.49 1592.60 2885.67 1756.86 2141.09 2141.17 2702.74 1775.05 990.15 1359.17
164.75 5637.71 0.84 6 477.21 1134.26 525.29 2528.72 472.60 219.64 514.13 105.39 1261.07 254.48 1245.16 1303.86
176.94 6547.01 0.58 6 1348.40 1855.94 2172.19 1099.93 2504.24 1295.47 94.47 2177.23 2269.77 2283.28 2063.75 2500.86
182.29 5314.55 1.34 6 2571.53 1680.19 2137.35 2450.11 2627.40 2396.83 1183.82 1948.97 158.50 539.38 721.45 152.27
184.07 403.47 1.00 2 2946.90 994.65 2917.43 1397.05
190.88 3944.19 0.55 4 1620.04 861.55 451.73 2473.07 1566.67 2303.96 866.93 1864.96
191.25 7862.38 0.75 6 2662.40 300.28 1727.02 0.28 2259.98 1668.86 1511.10 687.99 2089.14 2803.96 492.88 2216.70
193.38 6169.08 1.11 6 2506.87 588.81 1394.61 273.07 380.34 161.38 886.60 2317.67 1744.21 2389.81 2211.01 1600.63
195.80 6590.18 0.70 6 2486.33 1782.81 1347.18 516.41 947.19 1818.84 1981.55 646.76 2510.07 1335.23 2778.64 2394.91
199.26 8662.93 0.71 6 1835.32 280.53 2239.25 2814.82 831.24 501.11 750.95 1794.97 723.63 1428.04 2271.98 2185.99
200.75 10037.52 0.48 6 2068.91 1661.62 580.26 325.40 753.50 2413.78 1703.85 4.38 919.01 2292.49 1758.58 1886.54
209.17 658.75 1.00 2 2564.44 2170.08 2868.63 2754.39
211.81 690.36 1.00 2 1835.63 1514.66 2275.20 982.32
215.31 10065.48 0.56 6 309.58 2687.78 614.88 1237.08 2042.88 2927.78 693.91 2599.65 2987.87 217.81 1323.84 407.16
225.96 7197.89 0.69 6 2574.91 1631.01 250.70 1575.23 1646.72 2484.33 222.52 1617.01 280.61 783.42 132.06 1471.53
232.51 6325.63 0.56 6 2157.68 2965.21 2384.07 1512.06 477.82 1637.33 938.53 2016.54 869.59 876.41 443.83 2004.43
240.75 11037.27 0.46 6 2214.07 655.41 2754.61 1227.41 2669.40 2679.31 290.57 769.37 2973.95 1929.06 280.45 2770.70
244.68 3333.93 0.54 6 2495.26 184.59 2060.48 172.57 2749.46 626.81 2064.77 112.62 2558.90 716.45 2295.14 1065.19
249.98 8099.15 0.52 6 2513.70 419.14 268.15 443.47 1901.56 240.47 2370.08 2096.33 1327.04 1266.37 2280.42 1382.70
254.40 5519.90 0.40 4 2845.34 1495.34 1134.26 2291.56 2792.70 1546.99 1584.96 192.50
258.52 4326.20 0.50 4 1515.65 2754.15 1105.12 1668.27 2316.11 2192.34 1502.91 535.36
270.21 7210.69 0.64 6 964.92 1983.97 2355.42 1125.98 1875.05 159.11 1098.63 2464.73 125.62 2142.86 623.75 1230.55
271.66 6183.07 0.84 6 803.40 464.58 1857.22 885.45 2008.49 2191.66 196.59 2089.93 512.61 1714.26 1222.92 475.78
290.35 7917.65 0.69 6 2568.08 1674.79 50.98 1873.19 140.96 367.23 1854.27 2359.57 1908.73 2815.79 1175.03 2504.69
291.54 6577.01 0.75 6 874.88 2946.63 2250.88 2272.97 1209.84 687.24 1169.64 1064.03 2598.82 126.96 2027.25 1019.79
292.00 9800.06 0.47 6 34.59 81.97 2859.27 294.78 1114.62 2362.40 1994.65 72.62 2350.95 1617.09 2245.42 1814.61
303.11 5655.51 0.82 6 2362.12 1633.13 1779.95 1892.62 1214.98 969.06 1819.37 595.86 593.97 650.35 677.15 2647.15
308.69 7734.66 0.69 6 728.15 1259.40 2175.69 1584.96 2334.88 246.50 2150.97 1104.77 641.62 928.76 2620.33 2466.11
309.55 10777.58 0.76 6 2044.02 2978.26 2428.79 91.04 2423.92 1757.52 1013.04 99.32 967.49 2272.68 247.90 571.27
311.82 8790.94 0.61 6 2773.93 554.30 372.79 1667.38 1876.74 775.98 193.54 803.43 1587.87 14.92 2570.84 532.34
335.43 7571.70 0.56 6 2485.58 773.15 1184.16 665.64 283.72 1799.57 945.22 2126.63 424.25 306.53 1578.63 2163.76
355.52 9476.19 0.56 6 2049.55 881.50 69.79 253.82 839.36 871.80 2877.66 2734.30 1131.81 1233.57 1727.13 2444.17
