18.89 744.57 1.00 2 919.82 2014.42 1015.29 2752.84
29.47 173.74 1.00 2 692.98 2730.87 738.29 2898.60
30.50 824.89 1.00 2 2709.66 1648.30 2163.53 1030.09
35.61 1380.37 1.00 2 577.39 1497.26 1471.03 2549.32
36.65 632.40 1.00 2 2417.47 296.91 2770.89 821.34
39.51 1475.67 1.00 2 238.60 2987.91 44.62 1525.04
42.62 1531.04 1.00 2 2103.36 2631.65 576.74 2515.46
42.64 2032.10 1.00 2 2724.47 771.71 930.33 1725.93
45.00 449.78 1.00 2 847.11 2122.10 884.81 2570.30
50.99 949.56 1.00 2 436.44 2106.67 1035.15 1369.65
51.05 852.63 1.00 2 1285.76 2756.80 1496.66 1930.66
51.60 1780.12 1.00 2 1798.52 2700.79 1480.63 949.28
54.70 835.16 1.00 2 1417.34 1363.26 785.48 1909.37
55.51 775.45 1.00 2 1180.03 821.84 1861.07 451.02
57.24 2561.77 1.00 2 2021.11 2743.62 182.62 959.64
58.91 2045.61 1.00 2 2795.98 561.88 780.99 209.26
59.87 2993.29 1.00 2 1221.44 528.43 2936.24 2981.84
62.41 920.72 1.00 2 887.46 1688.76 30.52 1352.05
63.97 1098.48 1.00 2 2603.56 2216.24 1529.80 1984.49
65.34 567.20 1.00 2 1517.76 2881.22 1409.50 2324.45
65.89 1794.41 1.00 2 1930.10 861.80 683.70 2152.68
72.31 2515.51 1.00 2 2213.27 2521.58 494.07 685.24
73.21 2260.65 1.00 2 401.70 2878.65 1373.95 837.75
73.44 2671.79 1.00 2 1032.80 969.44 2886.78 2893.28
75.29 1164.37 1.00 2 779.02 363.31 1508.29 1271.01
78.16 608.20 1.00 2 860.46 2757.38 825.70 2150.17
80.00 1099.96 1.00 2 214.32 1027.16 1091.18 1691.26
105.06 2053.12 1.00 2 1050.83 350.93 442.16 2311.75
107.73 2586.65 1.00 2 2902.53 2599.89 539.80 1547.15
108.94 1747.02 1.00 2 2248.55 1967.47 808.45 978.44
111.88 294.21 1.00 2 585.49 1697.14 326.51 1557.54
117.05 652.71 1.00 2 1955.30 1860.95 1865.15 2507.41
118.58 429.13 1.00 2 1636.04 673.59 1520.83 1086.97
118.77 1538.58 1.00 2 1331.85 1865.15 2841.01 2164.60
136.48 924.12 1.00 2 497.84 2785.56 1339.00 2402.87
136.55 3027.55 1.00 2 61.65 1417.75 2990.45 2184.70
137.79 2989.47 1.07 4 370.54 1569.14 214.12 1180.35 219.97 302.26 1912.16 283.98
140.50 4725.23 1.17 6 2693.67 1977.32 1716.92 1677.11 1523.59 1736.82 223.43 96.57 874.70 521.22 742.89 1137.81
141.32 4066.12 0.95 4 1703.63 1084.98 783.13 793.50 2545.86 1586.37 2963.90 2676.71
142.00 3699.98 1.09 6 1402.19 80.48 1956.94 213.35 1831.05 877.38 2316.52 1243.21 2201.24 1772.76 968.03 1349.40
145.10 2454.82 0.99 4 458.77 2873.35 766.00 1473.27 1488.10 1575.83 1443.79 1864.54
148.59 2729.26 1.00 2 2288.95 2964.45 390.01 1004.13
149.64 682.12 1.00 2 2663.41 2465.05 2010.98 2266.01
149.77 988.44 1.00 2 2578.11 1138.38 1891.34 427.49
150.10 805.03 1.00 2 1585.03 923.08 1832.42 1689.15
152.28 2214.18 1.00 2 1085.85 803.12 2599.10 2419.50
152.39 2619.65 1.01 4 2373.44 2543.14 1551.34 1483.90 724.85 1812.80 986.43 2101.11
158.72 1935.94 1.00 2 2493.52 2981.70 2873.23 1083.35
158.99 649.63 1.00 2 1149.23 1794.25 511.81 1668.87
160.25 612.47 1.00 2 1901.09 2720.59 2050.99 2126.75
168.38 3919.08 0.97 4 1915.38 2797.93 1331.35 537.92 1154.49 651.94 766.11 1970.32
169.83 1891.39 1.00 2 2407.88 2405.31 2357.69 514.59
170.39 1519.67 1.00 2 375.71 976.76 1538.21 1955.54
173.22 1161.22 1.00 2 2776.57 1493.82 2026.57 2380.34
177.18 2459.17 1.00 2 1148.77 190.72 2495.54 2248.32
180.50 1124.92 1.00 2 401.99 1968.99 1333.42 1338.20
182.94 1546.89 1.00 2 2324.12 536.96 2732.48 2028.97
184.15 2107.69 1.00 2 2623.76 2356.72 579.84 1842.20
188.18 909.06 1.00 2 1724.10 2796.57 2486.04 2300.75
190.51 2625.75 1.00 2 2633.66 169.20 15.00 361.87
197.21 2660.28 1.00 2 8.39 2701.02 2661.37 2504.05
197.32 2066.09 1.00 2 490.56 780.44 2379.63 1617.18
201.69 2384.29 1.00 2 1427.19 583.30 230.13 2645.31
208.20 2209.78 1.00 2 2119.44 1126.82 810.50 2907.22
209.78 989.25 1.00 2 810.95 816.33 4.41 243.53
214.11 2705.71 1.00 4 578.45 291.08 1962.42 802.97 2583.35 899.36 2349.00 345.13
219.96 4898.21 0.93 6 994.48 671.64 1942.80 1722.40 1995.43 1923.44 2883.55 212.03 2322.19 213.70 2451.85 988.40
229.24 3162.15 1.22 4 1724.07 2916.61 1898.98 2007.40 2288.60 1153.09 1658.59 19.03
231.87 1693.51 1.00 2 577.74 417.80 1928.65 1439.08
233.31 1865.51 1.00 2 2309.27 2784.36 1088.26 1373.94
241.08 2453.94 1.16 4 2961.73 1176.63 2083.16 1384.31 1116.12 1360.81 1257.76 1927.19
241.13 3456.64 0.92 4 1340.27 1994.50 2770.37 1997.29 2531.39 1351.40 1242.09 994.24
245.47 8173.69 1.02 6 1980.02 236.19 2924.03 1515.66 2914.76 155.55 768.08 2304.50 652.23 1393.20 174.72 2567.20
255.75 3487.48 0.93 4 1857.72 2418.06 2388.60 2905.89 2184.59 2058.89 2159.76 163.78
263.75 7587.62 0.99 6 2919.28 2670.89 2425.72 2227.10 2753.82 313.98 460.84 496.74 53.56 1258.23 1809.83 1731.87
278.44 5122.23 1.09 4 1941.17 176.38 468.16 266.02 2021.72 2687.10 2723.64 2370.92
284.28 5214.01 0.97 6 2813.10 268.94 2991.65 1430.59 2486.01 1119.86 1593.76 1358.79 1737.16 821.67 1288.90 2735.47
