9.69 84.35 1.00 2 817.91 2133.50 888.80 2179.23
16.86 843.05 1.00 2 489.03 1198.02 559.41 357.91
35.90 695.00 1.00 2 2768.55 1089.91 2928.67 413.60
89.81 2090.52 1.00 2 148.62 2149.82 1291.15 399.14
111.43 4371.38 0.94 6 1153.10 2219.59 1458.49 1666.57 1164.78 1203.85 903.62 389.22 1345.27 648.25 991.93 2437.80
111.63 881.33 1.00 2 369.32 2800.73 239.86 1928.96
112.49 5524.47 0.96 6 1782.00 1209.83 2051.23 2963.37 1801.86 1411.15 885.81 1364.47 440.22 940.62 21.03 1432.22
126.07 2603.51 1.00 2 462.79 1264.80 2764.52 48.11
146.63 731.30 1.00 2 195.78 1850.54 683.86 2395.13
147.67 6583.46 0.66 6 1716.88 2187.58 2378.02 2411.72 1222.34 744.59 1729.74 1263.67 2993.41 396.81 2109.37 1728.65
152.23 911.61 1.00 2 1548.80 880.01 637.25 890.77
154.90 945.00 1.00 2 1979.53 1813.95 1575.81 2668.37
158.88 5844.16 0.55 6 1016.90 2065.68 1113.08 1402.47 336.34 1947.80 2302.18 1380.20 1792.37 693.80 560.02 1177.27
166.99 4249.31 0.67 6 1491.15 281.67 1320.11 185.52 225.16 735.88 1269.74 1040.58 386.85 766.98 979.19 1327.01
172.94 746.98 1.00 2 2407.97 10.35 1675.54 157.08
174.89 344.42 1.00 2 2605.63 1419.73 2275.83 1519.02
184.63 931.37 1.00 2 160.94 2693.42 810.75 2026.19
184.66 1033.16 1.00 2 2472.27 1920.94 2373.26 892.53
185.90 194.83 1.00 2 626.60 1568.16 652.77 1761.22
187.26 6262.83 0.74 6 634.08 2658.95 1194.41 1218.43 2057.49 448.22 2535.80 2286.27 2600.87 1791.35 1479.97 1485.12
190.70 6734.99 0.80 6 2887.93 844.55 1541.38 373.07 2155.10 1785.73 855.94 988.13 48.87 1683.18 1043.58 1051.17
198.49 7424.63 0.69 6 2901.02 1046.45 885.83 965.04 1771.61 411.19 2444.18 1478.99 2433.96 2944.45 957.07 2241.50
204.28 8713.79 0.74 6 1180.11 124.59 25.09 132.05 263.19 1899.86 1187.43 1301.92 2192.80 2661.30 797.95 24.04
205.70 5185.19 0.67 6 966.81 1821.82 1380.02 1640.82 147.53 557.21 791.53 2011.66 20.75 2059.99 728.66 2238.28
217.06 7053.18 0.58 6 590.22 2399.33 81.52 1123.38 1323.66 2038.17 188.66 1511.90 597.14 13.10 1904.43 270.50
222.35 6317.63 0.93 6 1574.14 1726.74 2810.19 2542.84 990.29 2655.52 1193.58 2893.27 1213.85 644.42 1661.19 584.42
226.77 9538.35 0.58 6 1635.06 362.05 1777.10 2965.31 1917.28 429.49 2578.74 1759.92 176.11 2222.34 405.77 1824.93
237.98 11398.81 0.61 6 2875.74 170.12 2317.73 2755.60 2252.15 867.83 1595.47 2675.14 2686.20 239.78 2237.69 2468.62
238.32 6515.90 0.64 6 1434.81 1422.14 733.08 17.94 491.83 1810.41 2193.11 1626.18 1927.17 1690.99 1297.46 725.69
239.74 7587.03 0.96 6 796.04 2128.97 1096.10 291.22 2962.54 1402.61 2905.89 2195.77 2434.95 2083.19 163.24 2168.05
243.05 6452.51 0.91 6 568.96 2452.14 1437.17 2358.40 2581.83 867.29 2070.61 1811.11 399.78 1696.57 119.75 2605.73
252.00 5699.82 1.00 6 27.28 2018.00 252.31 2528.22 1167.01 2744.52 994.20 963.25 2070.13 380.51 1327.70 1309.25
264.65 9832.42 0.53 6 944.69 1222.20 1225.17 2432.58 1269.17 1342.93 36.21 2908.52 2521.07 928.79 889.00 2591.08
265.04 5451.89 0.82 6 1195.28 2785.74 1135.36 103.66 1510.27 912.71 2190.34 84.83 1843.09 508.40 1890.52 254.44
282.09 8104.73 0.59 6 2764.68 966.48 2804.31 2687.31 1781.22 560.49 2289.26 2446.43 1380.57 1851.93 496.01 1420.19
294.22 8410.98 0.56 6 710.27 2799.16 2602.40 1955.12 547.08 1725.69 478.36 2162.79 140.20 714.90 754.09 2974.73
295.86 5593.09 0.61 6 2310.22 2038.17 2124.20 2526.34 1796.23 2118.20 2245.68 2515.93 1794.47 232.16 1281.75 1767.83
296.19 7309.45 0.72 6 1297.49 1876.25 1478.29 1402.32 1242.50 2177.93 2337.25 2740.83 655.03 2817.70 2099.53 101.31
316.66 7332.81 0.79 6 1284.08 1260.74 2525.57 1289.10 735.33 1214.51 1113.75 2778.01 479.70 2528.31 2414.55 1987.08
320.14 6207.10 0.66 4 667.30 1771.43 302.53 2155.80 2679.56 304.29 1757.17 2803.68
329.70 6984.98 0.71 6 1860.66 944.98 1791.65 2401.31 2325.23 1309.56 940.75 2600.33 622.61 2470.64 649.43 395.36
332.74 7837.18 0.61 6 1070.49 2540.85 2865.60 787.12 1721.03 801.80 2428.72 1210.62 1234.87 212.92 1785.04 1937.07
392.17 12408.26 0.64 6 2069.18 1867.01 372.95 11.34 2954.04 640.33 605.22 2878.19 2497.01 2365.81 464.18 2320.37
