30.23 511.29 1.00 2 2370.18 2181.54 1968.51 2497.89
51.40 370.05 1.00 2 266.04 2517.54 633.78 2558.84
63.42 570.77 1.00 2 1481.25 565.58 2049.80 515.22
67.22 1261.05 1.00 2 1826.41 653.76 2741.57 1521.35
79.62 1980.99 1.00 2 2234.54 2259.88 310.07 1790.05
83.17 1458.32 1.00 2 1167.05 2407.43 2073.16 1264.78
104.44 1022.15 1.00 2 1185.49 1714.34 783.36 774.62
114.06 5403.16 0.72 4 1931.55 1447.66 669.16 193.24 172.95 989.49 2723.53 149.64
116.95 1247.36 1.00 2 1984.43 1013.02 2873.80 138.42
118.19 5409.30 0.84 6 2228.48 2056.77 1354.99 384.85 1555.78 61.27 1737.03 245.87 470.63 1439.44 1609.42 1339.05
120.36 617.79 1.00 2 408.26 1436.47 679.09 881.20
122.25 5312.69 0.80 4 1750.17 2966.70 2482.15 1004.00 1201.44 160.28 1344.60 1838.47
130.18 6509.14 0.88 6 1922.09 1204.69 2296.52 1729.96 2338.39 2120.84 681.04 2528.82 543.37 2856.27 2844.12 340.84
139.98 299.01 1.00 2 309.15 1484.98 577.22 1617.46
153.61 1080.33 1.00 2 1249.59 821.89 1838.07 1727.87
154.90 6344.80 0.73 6 2963.53 1067.84 1603.61 306.02 1298.01 1477.55 2213.31 1658.68 2821.46 2903.70 1895.53 2054.13
157.91 1395.75 1.00 2 2004.92 1544.26 1972.11 2939.62
158.44 6222.01 1.19 6 2872.71 2119.70 2979.46 600.35 2943.21 1099.57 1219.15 729.76 282.36 1789.13 1057.20 2453.93
159.46 1572.99 1.00 2 1317.65 1053.11 2683.34 272.58
168.05 7302.50 0.85 6 1431.19 854.58 170.64 483.69 372.72 837.48 1842.90 1872.85 2604.75 319.37 2561.00 2371.58
172.49 5824.70 0.65 6 361.60 2512.74 1580.65 803.28 931.42 1806.15 230.65 1841.76 109.89 2543.65 168.85 1428.66
180.49 624.26 1.00 2 2212.73 1143.75 2707.59 763.21
183.48 6873.93 0.86 6 2131.58 1944.81 1591.20 2843.28 621.54 2469.89 2661.18 160.66 2093.10 341.49 1498.77 1278.05
185.96 197.91 1.00 2 2637.41 2763.49 2530.58 2596.89
188.77 4438.37 0.83 4 2107.85 1382.71 985.87 2837.12 1908.15 2676.11 2777.19 1255.61
193.20 6559.96 0.64 6 490.03 1071.77 998.72 674.72 2460.99 703.26 887.56 1547.67 2084.53 2711.42 1793.11 1757.99
193.36 4968.23 0.83 6 1761.43 2087.29 1737.88 1394.44 96.33 2955.81 917.56 2645.79 1888.91 2744.00 1833.84 2598.73
204.70 5034.93 0.84 4 1524.67 199.63 1411.41 2802.92 618.59 2888.97 1358.46 1434.66
204.71 6835.43 0.72 6 2275.51 370.99 2197.55 1811.27 2331.59 2675.93 1445.49 835.35 462.38 2732.33 317.52 2426.17
210.54 2227.07 1.00 2 714.39 626.06 1112.78 2817.21
210.73 6536.33 0.63 4 538.51 2805.17 2120.01 1217.45 2456.70 2974.37 111.97 2088.64
231.60 2379.88 1.00 2 746.22 1280.76 2712.92 2620.87
233.63 7981.32 0.80 6 209.22 1800.60 2641.75 200.31 2846.04 762.18 2219.30 968.01 2217.16 2944.36 1480.59 1262.92
242.89 6644.59 0.81 6 33.62 2759.64 1939.02 2204.93 1850.19 2638.68 916.89 1951.37 2835.29 282.17 2518.46 688.60
243.96 7897.85 0.68 6 2474.44 2169.98 281.45 1168.84 26.03 2315.44 1664.58 955.02 2327.94 1809.32 1410.88 1199.83
254.11 6605.66 1.07 6 889.59 2916.07 2008.21 2004.46 2425.53 2261.81 2617.85 812.25 472.03 838.53 21.97 1802.77
256.44 7021.92 0.60 6 2428.13 1235.38 704.07 938.01 1632.83 1946.44 2737.09 554.48 2705.36 282.43 930.01 805.37
277.99 5099.62 0.84 6 806.97 1020.08 1042.19 2922.24 2807.84 2420.88 2498.59 1732.85 2557.69 1900.80 2966.09 1826.34
278.81 4140.48 0.71 4 1831.56 1205.90 1289.10 1767.13 1131.87 2888.61 1833.87 774.64
281.45 6672.33 0.65 6 2870.43 725.59 1749.26 2809.62 503.64 1040.92 1146.69 1144.81 1270.28 519.81 695.14 1151.17
303.55 8377.68 0.63 6 2120.04 2691.76 2492.45 402.71 2053.13 1870.77 1402.37 959.76 2516.31 2970.35 1525.71 2473.96
305.06 5952.86 0.96 6 1265.85 980.28 2585.66 1214.57 2407.70 1569.10 968.15 288.38 134.40 1373.72 13.59 2286.07
309.18 6958.97 0.68 6 111.85 1303.97 527.18 747.27 1860.67 400.65 2425.12 2435.81 1686.06 1151.16 989.31 62.47
317.19 8759.26 0.82 6 1156.63 228.28 81.48 598.90 543.72 1733.72 2705.45 2339.70 1149.99 1849.51 2970.23 105.70
317.92 6295.89 0.59 4 2394.51 1020.67 1365.99 2803.68 409.12 1525.98 2957.87 2218.72
324.13 8506.33 0.79 6 1706.04 278.60 2347.31 575.62 2379.15 2350.32 196.27 2468.16 2030.42 2507.32 916.63 841.33
330.96 8547.87 0.62 6 1892.78 446.39 533.02 2234.04 2417.86 2023.64 6.60 1273.92 810.48 573.95 1616.39 690.22
