10.69 534.46 1.00 2 2080.48 2683.21 2494.79 2345.58
64.50 925.22 1.00 2 2570.32 2849.33 2316.51 1959.60
66.33 1316.72 1.00 2 1436.37 2396.21 200.01 1943.26
76.63 231.58 1.00 2 1956.09 288.28 2186.89 269.42
80.27 1513.41 1.00 2 1156.10 1203.88 172.00 2353.64
107.56 1877.95 1.00 2 1303.79 474.89 44.73 1868.25
124.85 4942.73 0.47 4 2856.85 2758.93 2263.14 876.11 1525.07 1904.22 2991.41 1038.32
128.27 913.38 1.00 2 2654.44 267.08 2448.65 1156.97
150.23 5411.31 0.58 6 1594.72 814.67 313.62 708.94 971.88 40.66 2051.02 1475.33 1456.70 945.77 1979.97 659.25
157.85 4692.68 0.96 6 273.97 2162.69 963.12 1641.37 1431.48 1.58 1777.28 634.56 1073.26 554.59 411.26 760.86
163.96 4497.88 0.59 6 922.44 2822.40 1289.99 2839.90 1941.80 1217.95 1714.72 2255.69 1210.60 1595.94 1699.18 1569.66
164.94 7846.90 0.78 6 2363.74 362.38 2560.62 1143.40 467.91 299.33 1517.00 475.18 296.01 1474.18 1934.42 2856.45
171.07 7853.75 0.61 6 2941.45 666.78 1896.36 548.66 1998.66 2525.44 2888.24 2033.31 268.92 2577.09 1304.23 2122.35
173.04 7652.18 0.59 6 786.42 2578.59 972.94 2261.25 2909.59 650.07 2338.05 1435.43 393.07 629.46 2072.56 458.30
174.30 6915.11 0.47 4 1853.80 2979.17 2700.65 726.73 633.19 1968.27 2691.27 2371.07
174.61 6130.48 0.89 6 1991.91 687.72 1096.13 189.77 135.10 955.26 2484.52 1420.58 2191.49 2372.26 1706.03 2397.85
185.64 9182.22 0.75 6 676.51 679.91 2915.98 1408.63 2928.37 136.69 1280.46 1521.83 274.91 146.86 562.31 1821.40
191.59 8079.64 0.63 6 2971.17 2574.19 1995.01 2055.98 2875.06 1215.08 1698.22 2152.06 2580.70 535.91 1131.08 2463.16
191.87 593.62 1.00 2 2418.49 2768.09 1828.45 2833.15
193.00 6750.06 0.92 6 2810.35 1979.06 2161.14 216.06 1026.66 1284.80 1104.86 1284.36 1698.68 2754.94 50.72 2800.04
193.72 4486.17 0.89 6 2132.90 3.57 1186.93 927.56 1202.74 1717.19 1262.59 1683.79 1996.14 1305.78 1779.26 2770.07
230.11 7205.64 0.50 6 2086.36 2891.50 1634.09 1057.25 2822.11 2054.81 1604.30 1425.46 2521.98 2807.91 2700.33 2094.85
246.28 5414.08 1.14 6 772.19 218.98 1352.67 679.24 791.38 1577.47 2690.06 1835.96 2642.75 2631.22 2028.06 1972.15
249.30 5064.81 0.52 4 1684.07 438.31 1260.38 1816.32 143.23 984.56 1431.08 2805.54
250.74 8537.04 0.68 6 646.86 494.92 239.71 1805.83 1956.10 2024.85 1471.65 1451.62 2311.47 395.55 84.96 2877.43
252.41 4820.33 1.55 6 310.83 23.93 130.06 980.47 578.15 1890.89 2682.65 1713.02 2697.71 1555.72 2353.11 1111.63
253.98 6198.91 0.51 6 2748.50 1862.29 1006.20 1180.41 1303.87 895.61 1678.77 1709.75 2767.81 1241.84 991.22 785.18
262.83 8241.55 0.63 6 137.04 363.15 2323.79 1458.87 1689.12 1368.28 207.76 2526.49 1134.41 2979.56 2764.98 1439.81
268.34 5017.01 0.86 6 913.16 2786.70 1699.72 2468.88 1067.31 409.08 445.15 1832.82 424.31 2211.89 344.40 2201.52
275.97 5598.54 0.53 4 1417.85 1756.82 733.30 128.73 2577.43 376.98 834.41 1298.51
276.54 4727.02 0.48 6 783.27 1081.49 981.77 1163.66 1626.12 1112.96 895.03 778.12 253.93 668.47 2655.05 889.87
277.38 8268.81 0.64 6 1042.68 2071.88 99.08 1220.12 1410.78 112.91 101.32 2573.70 1059.01 2097.09 2217.34 2925.15
277.96 7998.01 0.69 6 1695.14 1849.38 329.73 1904.97 2087.84 668.22 2888.66 1324.14 1950.22 412.06 617.67 2084.16
282.21 7310.51 0.68 6 2703.38 2770.04 1186.57 2784.01 727.37 2117.06 2235.99 922.17 1767.26 2258.94 2573.17 827.36
284.17 6608.30 0.61 6 2964.98 2007.02 1567.15 2574.40 387.27 2073.82 1599.54 2311.61 808.83 747.53 345.43 1436.21
285.70 4884.94 0.72 6 550.70 2486.44 407.20 2573.93 549.33 1219.73 472.71 2012.25 584.71 1372.56 1968.07 56.15
286.20 9710.22 0.70 6 926.30 345.86 986.45 565.13 2356.91 1910.80 275.09 2309.89 2861.44 2016.34 545.07 374.07
308.01 9200.46 0.48 6 1780.69 2157.05 484.54 483.31 899.13 2962.34 537.74 1049.29 1240.58 619.11 2559.98 1842.24
319.62 7280.84 0.64 6 1384.41 2575.42 1784.72 570.94 2518.75 2891.53 2592.96 1586.30 1747.05 1884.01 1666.13 1290.73
355.38 8069.22 0.60 6 695.97 1352.29 2079.44 2402.99 2493.59 98.01 1738.34 1513.30 1188.74 2464.66 2374.41 2965.73
