6.14 307.01 1.00 2 2569.30 2621.87 2334.56 2819.73
30.34 516.94 1.00 2 2953.80 2507.38 2595.91 2880.40
30.98 648.90 1.00 2 248.36 1552.96 389.68 2186.28
48.72 1336.21 1.00 2 2879.36 2025.41 1565.22 1783.55
50.28 513.91 1.00 2 2007.32 2911.46 1678.70 2516.35
51.65 782.59 1.00 2 2308.85 1548.54 1639.86 1954.60
56.29 914.47 1.00 2 1009.45 2131.34 723.53 2999.97
72.95 947.40 1.00 2 1081.76 2156.77 609.81 2978.25
75.90 3695.20 1.40 6 905.21 845.52 521.19 2116.84 735.67 2140.90 2096.55 2559.56 1911.30 2668.64 2321.61 2361.53
76.02 3101.00 1.16 4 624.36 2754.91 821.76 1369.03 1243.67 977.13 2132.93 287.57
81.22 960.94 1.00 2 2979.07 1417.16 2495.90 2247.79
82.55 327.30 1.00 2 2085.73 1305.58 2167.61 1622.47
84.08 3003.78 0.76 4 218.95 2164.60 362.46 2966.54 6.09 2183.16 357.78 902.09
85.80 2690.06 0.74 4 1729.69 1089.72 905.92 2754.94 910.29 2194.36 638.66 2195.01
90.25 812.37 1.00 2 1544.55 818.89 813.96 463.65
98.05 2502.42 1.00 2 1664.78 92.38 2906.74 2264.86
101.68 583.91 1.00 2 581.49 1001.53 397.13 447.50
102.92 946.15 1.00 2 1185.50 2030.95 269.44 1794.25
104.31 1115.46 1.00 2 2436.22 1184.90 1324.93 1281.21
104.72 635.88 1.00 2 557.71 2924.91 1191.61 2975.09
114.46 4322.88 0.70 4 1203.99 763.74 309.21 1747.57 2137.69 245.18 1514.51 181.05
115.61 3280.70 0.77 4 1218.54 1715.25 1997.53 1235.80 1756.67 1843.51 58.59 1623.43
143.96 6797.81 0.89 6 2661.00 2675.81 506.95 1604.63 1216.15 1475.83 605.98 639.80 1415.62 1077.60 2980.64 374.08
162.76 1638.09 1.00 2 102.09 2229.19 33.42 592.54
168.98 1548.94 1.00 2 1460.60 1642.28 2765.76 808.15
169.68 4584.02 0.86 4 2595.70 2801.61 177.80 1424.32 528.01 1229.54 859.19 2590.45
171.37 5768.74 1.23 6 2486.83 1939.76 922.32 2273.94 325.25 2151.84 1083.02 189.53 2005.91 400.79 2487.33 566.74
174.89 4444.26 0.98 4 480.48 308.89 1429.89 1050.07 2993.81 814.34 2577.31 2419.40
178.47 5423.69 0.75 4 2817.66 674.39 2383.43 2118.90 109.75 2401.65 1711.92 2667.91
180.49 924.29 1.00 2 1840.83 1821.57 2741.12 2030.82
182.23 4111.38 0.79 4 2276.81 2997.28 773.73 2281.79 1384.34 2325.83 2197.32 681.30
184.47 4023.60 0.74 4 259.62 1544.82 1394.95 2233.89 439.91 445.46 1104.29 375.43
185.51 3275.62 0.91 4 419.44 2359.57 2022.51 558.72 2564.58 657.35 2252.75 623.69
187.50 375.19 1.00 2 739.84 1678.54 1075.12 1846.91
188.90 2144.88 1.00 2 2931.73 1883.50 887.38 2532.45
199.00 2050.23 0.79 4 612.53 2177.48 640.15 2408.37 398.36 2976.13 114.05 1809.69
203.06 1253.23 1.00 2 2612.50 2486.51 1731.02 1595.68
203.54 4777.11 0.77 6 2124.27 600.32 2950.33 185.55 2639.22 1198.32 2280.17 1724.27 2395.66 2521.69 2772.45 1224.58
205.02 650.92 1.00 2 603.19 1688.65 961.16 2232.30
206.03 1101.64 1.00 2 439.91 1409.11 506.69 309.49
206.42 1220.80 1.00 2 2671.73 2.91 1583.21 555.60
209.41 770.37 1.00 2 1244.27 1306.44 1987.57 1104.00
212.86 8543.02 0.70 6 2184.03 1375.47 2662.07 1897.57 2794.26 470.47 169.52 1680.95 1021.91 517.75 2252.89 2181.22
212.93 5946.68 1.43 6 677.30 650.12 2856.11 767.07 2857.34 668.04 2535.47 1166.82 515.49 2779.22 30.33 2731.56
213.27 7463.70 0.75 6 2528.34 63.52 1560.56 182.31 1250.74 2140.78 139.93 737.90 1894.54 2255.44 2291.14 2254.38
220.91 3345.62 0.71 4 2139.87 1887.72 2972.43 1807.60 1350.91 1943.08 1567.18 1087.98
221.02 1250.95 1.00 2 223.46 174.62 1471.80 93.93
222.43 4521.37 1.06 6 699.66 2284.99 1612.22 2432.09 1195.87 2298.13 2048.40 1896.77 631.63 842.79 247.47 1080.14
228.87 5743.39 0.84 6 2792.11 582.37 2978.73 388.56 1200.74 2319.99 1477.70 691.64 1598.37 1064.86 2312.33 692.63
235.62 3380.81 0.85 4 1744.96 2022.58 2338.13 2042.81 2891.86 2393.60 2182.45 383.30
241.10 2154.89 1.00 2 448.85 2556.52 47.10 439.41
250.93 5146.32 0.79 6 1069.63 907.36 1102.95 1997.06 1862.17 472.03 2496.00 432.24 1618.14 667.37 868.10 969.63
257.43 4671.39 0.75 4 1553.64 653.08 68.57 494.94 633.68 2080.16 1781.59 1122.39
291.37 7568.56 0.84 6 657.36 303.08 1878.90 2258.22 2848.43 1714.10 1571.29 2132.59 2061.25 341.02 1156.93 49.69
293.91 6095.42 0.87 6 35.05 1307.74 1572.02 1913.69 1373.23 2971.40 2630.85 2209.32 2302.24 1209.82 1482.64 1413.09
296.09 5504.55 0.74 6 1057.41 2278.12 884.87 1718.28 1811.15 1845.26 726.04 2031.01 2957.36 683.56 2750.86 867.09
312.01 9400.30 0.72 6 106.04 2429.74 2200.05 2143.14 1752.20 427.72 2152.38 2473.66 159.62 1629.65 622.85 2806.82
