41.65 382.56 1.00 2 315.42 1876.63 629.12 2095.59
42.60 1229.94 1.00 2 2603.43 186.31 2825.68 1396.00
43.90 695.25 1.00 2 1241.57 1946.10 852.81 1369.70
50.97 2048.67 1.00 2 836.40 2932.36 859.03 883.82
51.74 386.95 1.00 2 2500.14 239.71 2790.28 495.74
52.07 503.32 1.00 2 1540.80 1130.13 1060.92 978.31
53.47 673.57 1.00 2 2090.86 896.42 1867.75 1531.97
54.90 1144.93 1.00 2 2623.01 1255.11 2584.73 2399.40
57.91 1095.57 1.00 2 1474.63 2542.31 1672.80 1464.81
59.87 1093.34 1.00 2 2274.89 142.46 1185.28 232.72
63.80 2189.82 0.86 4 1971.69 1005.86 948.22 696.20 756.97 90.77 1136.30 393.96
66.89 1944.26 1.00 2 2740.77 2146.42 2725.32 202.22
69.62 781.18 1.00 2 2283.54 526.81 1504.50 468.96
76.29 914.59 1.00 2 985.02 133.37 237.73 660.66
77.98 3099.23 1.00 2 2409.95 408.31 396.94 2764.79
87.73 1086.56 1.00 2 1144.91 1309.44 878.94 2362.94
88.20 1609.98 1.00 2 2078.04 1597.85 859.68 2650.28
89.85 3292.44 0.92 4 391.61 1907.00 639.54 1319.98 898.53 744.23 2025.56 2425.28
95.83 791.68 1.00 2 665.59 1913.18 1040.88 2610.26
98.44 4922.05 0.72 4 2985.35 2166.13 639.09 2984.16 1743.73 2075.76 2750.82 2073.77
100.20 810.22 1.00 2 1026.37 1275.85 578.63 1951.12
105.99 2799.71 1.00 2 1298.37 124.51 2775.98 2502.54
110.71 1435.53 1.00 2 2270.24 2867.87 2112.70 1441.02
113.00 1149.79 1.00 2 1069.36 1752.03 654.97 2824.55
113.34 1366.88 1.00 2 2576.34 2554.11 1358.75 1932.95
115.31 765.70 1.00 2 2724.73 1563.62 2179.34 2101.07
115.97 5198.44 0.68 4 1812.13 1265.80 356.49 2661.26 2364.97 1048.42 2943.57 1228.77
116.71 535.61 1.00 2 2913.20 1612.31 2863.02 1079.06
119.24 1561.85 1.00 2 2301.31 167.80 991.77 1018.97
124.57 6028.69 1.03 6 2887.68 1304.89 2973.14 2963.61 2687.44 1547.80 2086.14 998.61 1744.28 753.50 81.65 459.57
126.36 1218.00 1.00 2 668.80 1736.54 1349.60 2746.51
129.60 679.91 1.00 2 1293.70 2238.33 621.69 2135.03
135.02 1550.99 1.00 2 1374.46 116.03 312.78 1246.71
151.43 1871.27 1.00 2 835.61 2013.61 2693.33 2238.38
168.78 739.17 1.00 2 1103.53 2673.10 972.63 1945.61
169.47 2573.46 0.68 4 1870.80 211.66 1806.86 1056.75 2069.35 850.27 1395.73 2068.42
173.25 1462.56 1.00 2 1211.10 63.53 1907.66 1349.56
173.49 1374.29 1.00 2 497.10 2300.84 212.63 956.31
175.60 379.95 1.00 2 2324.53 222.92 1950.33 288.84
184.28 6913.76 0.78 6 2563.54 2041.99 2814.42 2744.61 1840.36 1170.34 528.06 418.53 1569.93 1620.88 2767.03 1817.16
184.67 6233.40 0.75 6 2023.54 2443.47 1380.81 2378.01 2237.38 2753.89 1621.18 2601.14 2263.91 502.76 623.96 1297.77
187.69 784.41 1.00 2 2723.03 1474.28 2131.60 959.01
188.17 1108.50 1.00 2 2682.66 2320.92 1935.71 1501.87
191.01 1050.65 1.00 2 201.30 1887.46 554.92 898.11
192.13 6206.70 0.85 6 2788.40 2246.92 2834.22 2107.27 432.08 1388.31 1635.42 408.55 2333.39 558.46 1136.16 87.18
197.72 5285.94 0.78 4 2327.85 661.88 510.65 1033.17 1908.09 2474.74 2773.40 1344.49
197.87 3493.63 0.84 4 1464.57 72.09 177.47 386.32 1665.48 969.09 2155.23 676.17
203.83 5391.33 0.84 4 2734.80 936.52 2289.91 2912.88 489.65 763.72 993.20 1013.25
212.08 5204.01 1.16 6 1751.34 1912.90 1934.77 698.54 2621.26 1140.34 2592.68 1199.19 1172.92 2360.31 30.48 2891.73
212.30 2814.78 0.93 4 2064.99 1160.17 1329.33 901.09 1689.44 1894.62 1093.65 2670.27
212.54 1626.90 1.00 2 2853.21 565.66 2186.35 2049.61
216.50 1724.96 1.00 2 725.92 2170.49 274.69 505.59
222.06 1802.86 1.00 2 518.62 600.83 2318.71 700.65
226.28 3913.88 0.69 6 1142.91 1824.46 2090.51 1744.10 1483.91 1705.04 1980.15 1104.27 2693.92 1060.36 1834.82 1112.56
228.00 7700.05 0.72 6 729.60 18.88 1683.11 2493.49 2230.14 1220.10 2981.82 1449.35 1312.89 239.98 1997.51 682.67
253.19 3059.37 0.87 4 1085.09 2491.36 950.95 1704.55 494.30 1434.59 2122.21 846.94
253.55 6077.39 1.04 6 2865.65 1727.76 2164.02 1513.66 431.34 671.54 86.81 351.98 273.35 2277.62 1067.56 1649.17
261.89 6994.35 0.79 6 87.02 1977.71 2032.17 785.31 2032.47 837.14 1269.72 485.04 938.36 2520.92 478.98 823.76
262.88 6243.77 1.03 6 160.02 2673.28 114.57 2020.98 655.38 1371.10 1644.34 2994.63 2839.94 1097.93 2513.12 593.18
270.51 3725.45 1.20 4 2451.90 1823.35 2732.69 710.00 758.64 408.89 461.59 907.46
293.21 5960.56 0.88 6 180.13 613.53 1420.75 1157.15 607.44 1538.67 2368.48 1994.43 1868.88 786.23 2323.83 424.49
319.60 7979.82 0.76 6 2519.52 2692.71 2826.18 2069.04 2690.65 430.24 1677.45 1872.80 392.94 2559.72 2799.09 2827.21
335.73 7586.35 0.88 6 2976.05 2634.16 1931.96 2382.90 528.08 2149.65 857.19 2210.35 66.16 751.54 2468.22 2703.53
