9.01 250.33 1.00 2 2548.57 344.94 2597.66 99.47
11.38 268.90 1.00 2 224.99 671.83 318.79 923.84
18.27 813.31 1.00 2 575.97 1823.42 38.96 2434.23
23.17 358.33 1.00 2 2457.82 2469.94 2476.56 2112.11
30.55 827.43 1.00 2 1573.72 1181.34 2400.68 1153.42
34.71 335.64 1.00 2 543.68 581.01 543.61 916.66
40.56 2027.79 1.00 2 2398.34 537.47 2359.87 2564.90
51.24 862.07 1.00 2 1861.35 1406.92 1993.72 2258.76
52.15 1107.32 1.00 2 2023.88 171.40 1526.75 1160.86
52.23 1011.58 1.00 2 1697.71 2942.75 2687.42 2733.51
61.47 473.73 1.00 2 1502.86 2958.93 1436.55 2489.86
62.45 1122.47 1.00 2 1006.93 2033.49 287.62 2895.19
66.99 349.66 1.00 2 2518.97 1973.56 2655.06 2295.65
73.66 2382.80 1.00 2 2933.42 1752.10 1183.21 135.16
77.54 376.91 1.00 2 825.23 1330.06 758.22 959.15
77.56 2778.17 0.74 4 1590.95 2766.41 1716.89 1385.37 1144.26 1839.29 693.50 1356.27
80.31 215.65 1.00 2 2174.93 2037.68 2244.11 1833.42
84.21 1310.49 1.00 2 1488.55 504.65 602.29 1470.01
87.38 768.77 1.00 2 108.24 1915.58 759.56 2323.96
94.55 527.65 1.00 2 1123.79 1596.29 596.16 1601.03
109.87 2393.62 1.19 4 1051.95 1181.12 1004.34 1333.35 2615.63 791.51 2224.25 1155.03
110.43 1821.65 1.00 2 724.01 1485.46 1801.55 16.68
119.60 1179.81 1.00 2 2432.39 2119.57 2515.29 942.68
122.23 4011.64 0.73 4 2027.78 616.81 2550.14 13.81 2425.12 2190.47 2899.24 1272.03
124.07 2903.37 0.84 4 777.85 1750.10 234.92 1060.75 795.23 1327.86 1885.07 2214.83
124.12 4406.11 1.07 4 1092.11 2745.02 2304.66 1466.68 1331.79 586.41 21.34 346.89
126.60 5430.00 0.85 4 55.64 2517.74 1712.06 268.69 2942.31 1976.02 2943.72 1443.62
130.94 1247.23 1.00 2 1182.29 1295.65 112.03 655.23
131.70 3885.06 0.97 4 2761.30 1773.48 2747.42 2978.58 2487.83 2846.68 1232.17 814.63
135.36 6368.02 1.25 6 2901.05 923.45 2915.46 1498.17 2978.47 1811.13 550.29 596.43 468.85 223.76 261.09 2592.02
137.19 659.69 1.00 2 1281.35 790.76 644.89 964.30
137.20 559.92 1.00 2 2586.63 1113.61 2117.44 1419.18
141.69 1884.40 1.00 2 1281.12 2074.97 2993.41 2861.75
150.88 543.96 1.00 2 1197.38 284.56 655.26 329.36
155.39 1069.27 1.00 2 1583.57 1002.36 2268.65 181.39
157.24 762.10 1.00 2 562.81 1385.16 1091.75 1933.82
160.35 1917.34 1.00 2 606.55 588.94 708.18 2503.58
163.14 5857.14 0.81 6 1021.00 1525.16 2060.00 1260.30 1571.24 2020.65 2063.58 2602.45 188.51 2783.69 1422.85 2825.29
174.18 1909.25 1.00 2 255.59 2538.42 2098.79 2040.60
177.50 1174.96 1.00 2 89.89 1281.95 122.49 107.44
181.30 4164.79 0.72 6 137.67 2214.28 691.38 1598.89 606.27 874.05 423.46 1082.89 1894.92 1295.64 1183.70 843.40
181.55 2177.49 1.00 2 359.25 479.76 547.00 2649.14
183.08 953.87 1.00 2 2035.18 2603.93 2632.92 1860.57
187.11 1055.73 1.00 2 1437.63 1542.22 1843.02 567.43
190.67 233.37 1.00 2 2500.22 1946.92 2696.80 1821.16
193.48 474.10 1.00 2 1874.98 162.26 2229.65 476.86
195.82 1091.05 1.00 2 1872.52 2485.89 2844.50 2981.54
198.31 4015.60 0.85 4 2621.56 983.69 787.11 2643.46 1175.22 2930.26 1427.33 1901.54
202.06 4402.84 0.72 4 2447.15 160.12 1467.70 134.76 266.36 537.12 2412.58 330.53
207.98 6498.98 0.75 6 944.46 680.97 80.96 1322.78 2600.70 97.61 1871.23 998.30 2444.22 838.97 2903.51 1574.93
208.68 1334.10 1.00 2 15.24 2139.74 1026.83 1269.98
209.00 1449.91 1.00 2 2915.15 101.02 1879.00 1115.23
215.43 3371.56 0.87 4 1501.65 26.94 2407.93 1213.39 2750.00 1515.07 1923.54 357.32
221.04 6451.94 0.85 4 664.23 627.10 262.08 3.92 2902.77 2626.42 2639.73 655.27
222.28 3313.90 0.89 4 1365.21 614.95 1324.10 2192.25 1613.53 1936.46 1536.87 588.83
224.74 1537.03 1.00 2 734.48 1320.50 1928.00 352.02
225.30 1465.11 1.00 2 1059.66 2415.28 2524.76 2412.93
229.63 1581.54 1.00 2 2047.85 625.44 490.06 352.43
233.00 7350.05 0.84 6 2774.74 1741.04 743.02 1802.51 128.70 2756.41 559.59 1821.49 908.83 2221.00 2434.27 87.53
239.68 3584.09 0.75 6 2600.61 1662.24 1989.66 1169.88 2844.67 1284.07 2457.50 734.57 2958.08 737.11 2232.62 976.87
241.95 6697.41 0.75 6 2571.34 409.47 1711.13 1423.61 2347.68 2126.14 1457.08 2466.71 334.38 1783.91 2273.72 851.03
248.99 3649.56 1.21 4 2666.27 1652.48 2989.55 1762.87 1976.97 2703.00 71.86 2987.54
257.35 6467.52 0.73 6 1770.13 2565.04 1031.82 2272.20 95.11 2281.58 68.78 2425.69 1923.98 550.27 86.98 1210.46
284.58 6228.88 0.72 4 31.89 762.92 639.20 2789.09 2524.28 1053.81 985.69 854.24
292.25 7412.53 0.94 6 1562.75 892.79 2898.10 2727.68 2937.63 1467.84 2016.52 2099.65 745.38 1233.68 198.41 134.61
297.93 5496.27 1.17 6 1794.35 1867.35 2878.18 2467.56 2549.06 1198.65 1143.29 656.83 495.40 737.66 794.21 9.65
