12.86 642.95 1.00 2 2992.46 197.34 2353.37 126.89
64.38 2519.04 0.89 4 147.31 1439.68 522.59 966.96 798.52 699.90 549.05 2210.90
117.78 5788.99 0.55 6 1831.68 1505.51 2490.39 2465.13 1818.33 2969.09 2423.50 892.89 2787.78 1185.00 1916.64 1944.08
122.93 4546.63 0.62 6 2792.67 2809.54 2192.87 1612.51 2783.41 1524.65 2831.14 2397.56 1877.88 2893.75 2445.96 2554.20
135.66 6382.82 0.45 6 595.99 1770.95 1146.66 1669.63 1146.01 298.73 2055.47 2441.00 877.85 1232.66 648.85 859.97
137.15 5957.67 1.11 6 2901.12 2009.19 2735.91 2987.01 2134.46 2733.21 1785.36 1748.59 1338.20 43.98 495.43 1292.36
145.94 6096.82 1.26 6 2964.14 1980.97 1546.71 2459.44 82.29 2409.75 78.92 1401.81 1621.65 514.58 1883.31 285.23
160.16 1507.81 1.00 2 1653.46 290.69 238.86 812.61
164.44 6822.08 0.71 6 267.07 164.77 705.63 2053.04 1786.42 2654.85 475.08 1996.07 2252.78 1714.69 2340.12 1345.74
177.35 6167.64 0.88 6 1422.92 1419.83 2526.36 1140.75 274.51 1943.86 281.09 2527.78 255.38 1787.04 252.10 473.49
185.27 4763.60 0.82 6 2280.15 2476.56 375.17 1507.60 666.01 1603.87 1219.89 1627.86 1721.61 2368.03 1598.11 1505.43
187.67 5783.40 1.05 6 2698.76 1926.98 2681.29 2072.79 1132.16 321.03 531.09 852.35 1674.56 999.92 2793.03 1743.10
188.59 3129.59 0.49 4 1614.72 2259.02 2869.28 2188.46 1891.46 1640.11 2598.90 1385.18
189.64 1081.97 1.00 2 1492.51 150.01 2367.53 786.39
190.27 6513.26 0.50 6 2672.97 2023.02 1799.71 1270.42 2178.62 1176.31 1771.29 2374.39 2711.43 451.31 2829.81 2010.83
199.92 3395.95 0.47 6 1550.91 2985.83 1867.64 2757.35 1637.75 1849.40 2361.83 2519.20 1879.77 2841.55 1615.21 2414.30
203.91 395.43 1.00 2 1117.53 2917.24 1510.08 2869.64
205.35 8067.54 0.70 6 2911.52 2784.23 1321.06 1520.54 517.73 2435.61 2682.49 912.34 1313.00 34.60 778.50 140.47
208.26 8513.23 0.74 6 439.82 335.87 414.72 2273.50 1068.15 1539.44 2928.03 2887.56 1353.87 2640.53 2781.31 1713.26
215.58 6578.85 0.81 6 794.49 1835.41 937.18 194.28 306.63 427.02 76.86 1359.18 34.85 1682.50 2943.68 1066.71
215.93 3896.45 0.94 6 746.93 2925.77 1321.04 2790.93 940.67 1979.72 1187.48 1855.64 1143.49 937.05 331.94 1841.09
226.78 1438.79 1.00 2 1600.23 1551.21 1164.73 179.91
230.62 1831.07 1.00 2 310.97 530.63 2127.42 299.74
231.77 6788.62 0.78 6 1842.24 2641.00 1438.57 2971.79 1727.25 1274.74 412.38 775.59 2258.69 1335.52 1869.72 190.23
235.43 7871.28 0.47 6 2576.98 1975.89 1920.00 2654.30 849.12 1829.47 1923.53 545.18 2778.68 2106.03 1151.19 745.96
242.57 7028.58 0.62 6 899.70 643.36 2270.07 2174.31 1799.07 2444.59 2489.09 1759.49 1073.24 2266.47 2995.74 2619.40
245.08 4454.03 0.84 6 1232.37 2128.07 779.72 1117.17 147.46 1782.35 377.29 1544.00 167.43 1456.52 1953.98 903.40
252.44 6922.13 0.64 6 2490.18 65.79 835.25 906.26 292.08 953.65 496.72 2719.29 433.93 373.71 94.70 579.75
268.77 10138.34 0.51 6 2543.80 1993.75 1063.92 2140.15 2370.35 1270.57 150.08 129.40 775.95 2371.41 1063.83 132.06
285.52 5176.14 1.02 6 1256.20 2101.80 1002.01 1824.72 2084.38 2025.80 162.58 1189.47 686.71 161.10 480.79 560.21
286.21 7210.70 0.61 6 2677.57 270.89 2167.14 2038.57 1433.27 1083.95 1020.85 783.66 175.76 2062.36 2090.97 1144.47
292.87 6143.49 0.56 6 43.07 2371.51 1092.56 2268.80 1713.63 2347.55 932.23 1270.77 1019.75 2677.39 925.56 956.80
293.62 9280.76 0.44 6 2144.20 323.88 2683.33 1025.19 763.54 1668.88 640.03 2159.14 2943.04 131.37 283.19 997.35
299.66 5583.17 1.00 6 524.72 882.34 1284.55 2644.06 1203.71 2291.43 2889.84 2394.58 2081.85 1421.85 1839.82 1170.43
307.12 9355.82 0.55 6 867.46 84.76 189.54 2266.82 2242.57 2317.20 1701.66 1206.19 1452.72 2734.66 380.33 776.08
318.83 7841.58 0.55 6 407.66 1591.06 879.95 1129.01 2356.55 2221.68 1741.09 536.78 1125.13 2595.55 1670.26 1304.72
366.34 10816.88 0.54 6 2084.30 1053.78 2048.30 185.60 2313.88 2422.51 211.15 235.82 2497.57 1613.45 621.42 943.16
373.49 9874.38 0.55 6 662.20 2343.78 392.57 2571.11 2627.66 2349.84 2415.79 86.67 1108.59 2396.79 2562.86 552.98
