18.34 217.14 1.00 2 965.43 970.09 1020.58 760.07
19.93 496.60 1.00 2 90.47 2227.06 533.72 2450.99
34.78 739.20 1.00 2 42.06 1533.76 4.69 795.51
35.30 1164.86 1.00 2 2003.41 1788.45 1185.34 959.21
43.62 1981.00 0.93 4 2633.58 2036.90 1661.87 1894.99 1710.58 2124.00 2430.27 2382.89
44.15 407.27 1.00 2 2829.02 982.64 2833.64 1389.89
47.61 1480.44 1.00 2 1335.91 1897.40 2353.51 2972.67
48.57 1628.36 1.00 2 1748.07 2264.27 128.23 2097.85
55.84 1691.99 1.00 2 2820.21 1544.53 1451.24 550.18
57.02 2451.20 1.00 2 60.98 1650.42 1934.41 69.72
57.35 2867.32 0.87 4 2024.05 1515.54 2491.90 876.18 2345.81 1137.22 2879.81 2830.97
58.13 1506.50 1.00 2 1270.62 2111.31 385.53 892.23
61.33 766.63 1.00 2 1797.80 770.28 1410.94 1432.15
67.99 1499.59 1.00 2 2026.54 2039.54 1493.12 638.03
70.08 2003.96 1.00 2 1548.82 2560.44 2849.55 1035.99
72.60 1030.04 1.00 2 1788.99 1444.11 792.60 1182.98
76.83 1441.51 1.00 2 1888.64 2057.17 546.98 1530.01
84.71 1735.65 1.00 2 2866.71 1238.81 2821.11 2973.85
86.39 2319.65 1.00 2 2709.60 2361.05 390.24 2397.50
89.26 1163.17 1.00 2 1115.14 433.22 1087.22 1596.06
98.72 1736.18 1.00 2 2271.51 1160.57 2966.77 2751.46
100.64 1432.16 1.00 2 1983.56 527.57 2065.72 1957.38
103.64 1482.07 1.00 2 892.60 1383.76 1158.02 2841.86
105.02 1851.11 1.00 2 2182.94 2668.36 1468.86 960.53
110.25 1412.54 1.00 2 1719.33 528.16 2886.21 1324.19
110.67 2633.68 0.84 4 2249.94 1378.39 2304.14 1104.76 2252.10 510.83 1269.59 1969.30
112.64 4031.89 0.84 4 1369.91 1758.97 540.12 651.43 465.87 995.66 2730.26 617.02
113.23 1061.39 1.00 2 2377.63 161.45 2036.47 1166.52
113.50 2574.82 1.00 2 734.94 2968.71 151.25 460.92
116.88 2344.16 1.00 2 31.56 2908.76 2277.81 2238.35
117.51 4675.72 0.90 4 469.88 523.49 878.99 2927.86 2573.42 2699.42 2076.79 2875.81
117.68 3184.08 0.94 4 2662.17 2938.04 2005.52 1423.70 1812.74 1492.61 2380.96 2693.77
119.27 2163.44 1.00 2 1245.60 2035.29 2818.85 550.24
119.35 867.42 1.00 2 2188.41 2245.87 2980.81 1892.99
120.50 3925.21 0.88 4 2307.12 1596.10 1996.85 27.23 1446.32 144.26 2126.58 1770.87
125.73 686.53 1.00 2 1422.61 2957.07 2080.19 2759.80
126.69 1034.32 1.00 2 2660.52 2296.27 1787.09 1742.23
130.30 1015.25 1.00 2 1081.63 1550.49 1754.31 2310.90
131.21 1160.64 1.00 2 1632.38 1322.00 1406.44 183.57
143.06 2653.15 1.00 2 1955.84 602.55 435.28 2776.74
146.75 2137.47 1.00 2 1813.06 1094.67 480.27 2765.74
147.59 79.57 1.00 2 1123.69 2681.32 1052.25 2716.35
149.45 472.37 1.00 2 2000.70 2303.34 1640.81 2609.31
151.36 1268.25 1.00 2 1079.12 1446.09 2079.57 2225.55
157.93 1196.74 1.00 2 1673.93 469.53 660.34 1105.80
158.69 2034.26 1.00 2 148.88 381.88 741.86 2327.79
166.86 942.79 1.00 2 1946.75 900.96 2829.66 1231.62
172.31 4715.38 0.89 4 1136.63 780.92 613.83 1214.65 2093.01 2366.03 2796.11 321.95
178.10 1404.89 1.00 2 1992.57 2551.48 1496.51 1237.08
181.16 3358.03 0.91 4 1152.54 2296.74 2111.41 549.24 2791.34 976.97 2466.28 1434.77
183.18 459.17 1.00 2 991.48 2808.07 701.91 2451.72
188.37 1018.33 1.00 2 779.98 1498.64 238.14 636.44
190.73 1036.74 1.00 2 1594.17 2315.84 1644.16 1280.31
195.16 457.98 1.00 2 864.90 939.67 969.40 493.77
198.41 1320.49 1.00 2 581.58 1152.29 1902.00 1165.99
199.07 5053.37 0.87 4 2728.49 324.28 2295.44 2675.99 613.45 1962.11 586.23 2796.57
206.48 924.10 1.00 2 1800.86 26.02 2724.85 11.71
206.96 1548.06 1.00 2 1328.06 2231.26 1225.27 686.61
212.42 2820.99 1.00 2 2996.13 2847.57 2177.92 147.84
213.77 1488.50 1.00 2 1454.77 620.21 2658.21 1496.21
214.46 3623.23 1.13 4 532.01 2785.16 431.16 2561.59 2392.13 1070.44 1581.47 1493.56
214.55 6027.28 0.93 4 169.46 1531.25 2429.45 2540.57 2610.38 2895.16 166.42 901.38
218.03 1201.67 1.00 2 1066.21 1762.49 1352.69 2929.52
221.43 1571.40 1.00 2 1419.71 2254.65 79.26 1434.60
222.50 2225.13 1.29 4 2858.02 1731.47 2595.93 2077.18 2581.86 468.65 2759.63 510.81
228.62 3830.84 1.00 4 2027.66 962.88 1559.76 308.13 1364.56 452.67 29.42 2894.71
228.71 2335.37 1.00 2 343.33 2774.61 1034.78 543.95
243.30 7965.05 0.89 6 1183.39 894.34 114.75 955.09 1179.75 2976.38 668.90 2602.47 1888.64 2510.52 653.14 49.53
245.44 2671.95 1.00 2 2727.42 1691.02 491.54 228.11
247.77 6388.30 1.04 6 2476.12 636.43 585.11 2446.11 749.14 2273.53 386.07 1527.94 1262.08 469.81 2532.92 861.38
250.92 4346.20 1.00 4 31.61 4.53 2041.30 1261.40 2713.44 1668.18 1783.62 2411.15
255.10 5955.17 0.84 4 2648.73 2072.41 77.50 2964.96 969.49 1470.74 1311.54 17.23
258.67 6533.52 0.94 6 2972.48 1578.90 1123.23 2167.30 254.92 1307.20 518.34 1876.21 1059.58 1241.03 2963.10 1093.76
262.09 3304.25 1.03 4 1229.07 48.22 951.25 344.55 1597.90 2224.45 1669.95 1317.25
268.09 5504.42 0.91 6 1638.99 2803.89 931.50 2806.65 2032.95 1628.81 1440.55 1209.36 1051.86 76.69 1951.53 960.18
