15.69 484.65 1.00 2 2411.12 828.33 2884.33 932.98
35.72 586.07 1.00 2 39.14 108.35 623.57 152.12
92.54 826.92 1.00 2 440.57 649.33 1232.81 412.34
95.06 253.23 1.00 2 791.01 603.04 1016.51 718.27
96.54 4127.17 1.05 6 685.92 1987.46 832.27 1461.82 395.04 2247.92 466.46 755.89 836.28 634.27 1574.70 329.12
103.77 3588.54 0.98 4 2330.54 391.93 141.10 760.40 280.61 1006.40 591.12 2046.55
104.60 3429.87 0.67 4 2474.64 1033.30 2484.53 1370.75 2379.14 692.43 1067.58 2709.28
129.13 5456.68 0.54 4 1264.38 2860.46 588.85 30.62 1079.70 1807.33 379.60 1881.91
130.59 6529.54 0.60 6 1019.01 709.00 1811.62 647.84 2827.81 1525.56 1604.93 2424.89 1642.47 1126.31 1745.65 2697.64
141.86 1092.76 1.00 2 1718.06 2775.88 2810.54 2751.20
143.33 2566.64 1.00 2 401.93 2897.08 2967.97 2841.70
149.10 6154.98 0.76 6 2811.31 2087.64 2150.82 1494.08 2627.43 731.10 657.05 393.60 2551.46 381.58 2153.56 124.29
162.15 4607.50 0.83 6 674.16 1250.50 1130.79 1360.85 404.07 2646.19 25.61 1941.67 388.43 506.83 352.41 886.55
171.39 8169.36 0.58 6 160.26 287.92 2261.98 487.54 1845.13 1609.96 1541.74 504.36 161.92 1653.60 1875.82 2516.05
174.36 6117.90 0.49 6 200.64 1161.30 2404.38 609.07 1503.26 1100.68 486.61 1702.47 355.55 1460.54 1671.54 1105.72
177.78 489.12 1.00 2 2100.80 2445.87 2441.01 2797.29
189.42 7470.87 0.70 6 287.86 1611.81 68.75 485.70 1134.36 1824.36 396.06 213.11 1794.64 1247.13 2581.80 477.36
190.80 6639.93 0.60 6 2523.72 2524.30 2259.43 2672.77 2789.58 252.34 2722.23 1381.51 1149.49 2101.28 1536.43 1181.15
199.54 4377.10 0.72 4 1112.16 1416.56 2793.58 1783.94 2571.74 1179.08 1508.37 2886.83
205.28 4463.97 0.55 4 190.75 625.87 1029.77 1109.82 841.07 237.24 1606.46 2724.78
206.60 8130.17 0.52 6 2650.38 2057.36 2247.22 1592.66 791.01 2526.44 2226.89 1409.03 357.99 2355.47 2225.62 2463.53
210.99 7349.72 0.56 6 1085.01 909.59 764.21 1968.08 2939.09 2054.57 860.82 2289.20 1322.93 1294.46 1813.98 565.69
212.77 5638.37 0.78 6 2503.36 2545.02 1121.59 2156.30 2183.29 2748.41 1587.01 1217.00 1109.38 1400.71 1691.15 805.69
214.87 6843.63 0.74 6 2486.25 1030.57 799.67 453.92 1908.70 2864.88 1963.64 2086.28 2037.53 2550.45 1601.40 1478.98
230.37 6818.55 0.80 6 2922.32 559.98 1594.89 674.74 2445.71 2426.75 1096.90 172.81 782.23 606.92 722.66 236.06
240.15 6707.43 0.85 6 992.48 1360.59 2392.46 804.75 1907.18 2840.97 1760.48 2684.74 2316.27 2704.46 1081.48 719.79
246.38 8119.06 0.65 6 2958.99 2851.11 2790.92 442.56 2461.98 253.91 1853.10 2219.72 720.31 933.40 1802.36 2048.09
249.84 5792.18 0.86 6 2860.97 1952.00 2691.78 2822.88 950.20 926.84 1750.56 743.44 2449.73 902.99 2155.18 167.51
250.48 5223.89 1.19 6 2759.26 426.27 1646.95 277.13 469.26 1088.24 360.74 1105.08 2797.60 842.55 2908.38 838.08
269.91 7395.54 0.53 6 919.05 262.62 1787.83 969.29 1191.22 2532.72 1025.07 2281.25 2819.85 1727.15 545.17 2560.35
286.87 7943.47 0.64 6 718.59 1359.60 1103.83 2152.21 1154.42 2799.38 2942.51 410.13 2961.90 797.09 857.75 2993.09
295.35 6867.43 0.65 6 1944.31 2447.60 2389.90 2625.94 1334.13 1358.90 75.95 1587.11 2461.07 667.69 1731.91 1200.91
296.86 6643.05 0.47 4 971.74 564.90 2733.08 1937.12 1404.09 334.43 139.92 2289.58
311.85 6992.49 0.98 6 1974.86 136.89 2569.00 534.54 1882.64 260.53 75.95 455.95 384.07 927.57 2980.36 2725.30
318.94 6546.90 0.94 6 1802.80 559.46 2352.28 1031.91 1056.75 2679.75 2178.76 2567.84 2157.41 2899.08 1977.82 639.63
324.14 8607.04 0.51 6 2688.78 1298.84 779.28 2532.42 145.83 1491.66 2717.53 2392.53 1951.46 2036.14 1928.45 490.80
328.50 9425.09 0.61 6 1699.71 660.03 2883.15 2042.01 2058.78 365.95 2310.96 678.02 54.22 1602.47 2820.44 2465.85
330.69 8034.44 0.84 6 188.65 2782.71 959.37 1987.70 79.41 903.37 1102.46 1947.23 2836.09 359.75 2902.98 2076.90
346.01 8300.51 0.45 6 370.25 2755.42 595.38 594.35 462.52 2326.70 2289.19 1587.26 1867.30 1053.19 528.03 2162.54
359.07 8253.28 0.57 6 703.89 506.93 1328.08 2097.93 1823.77 4.27 1919.81 2312.57 570.31 1566.64 1090.77 1421.04
