91.17 358.44 1.00 2 727.94 1536.62 381.82 1629.81
132.97 6648.61 0.61 6 1788.94 2201.65 2101.41 1430.27 715.86 945.34 282.73 1509.72 915.97 2720.00 208.36 562.03
165.72 6786.09 0.62 6 1493.50 733.10 1078.26 2233.10 1916.20 2896.36 2223.04 2919.87 581.53 2864.44 2631.43 2036.40
169.58 6378.79 0.55 6 1560.23 1029.82 1365.08 2904.46 2908.41 1496.78 1837.10 1300.38 2377.02 865.23 2056.58 1398.95
178.65 7732.33 0.77 6 2323.58 2570.87 338.28 2057.35 2935.91 2568.80 2706.50 1787.23 2184.65 62.18 1978.10 424.90
184.40 5920.15 0.57 6 294.42 783.78 1691.72 2036.77 2049.96 598.52 906.07 932.21 967.44 1734.50 407.07 1662.85
190.07 7703.62 0.68 6 2697.66 1347.81 795.93 2037.20 1251.88 2981.83 2874.92 1580.72 2663.98 1173.08 927.97 123.30
200.22 7611.17 0.68 6 450.68 2900.01 910.94 864.78 122.86 849.05 1871.39 1992.96 2399.36 46.78 1779.21 159.58
203.43 9571.74 0.38 6 1749.48 1464.92 2456.78 1701.80 1575.81 501.91 742.53 328.16 2971.24 2506.08 439.75 281.73
211.60 6280.01 0.98 6 1696.72 880.03 1208.83 17.86 1380.66 163.04 2266.01 1177.98 2422.44 2624.73 164.08 2489.68
214.46 7122.82 0.62 6 903.19 256.79 1637.49 1127.90 415.83 1325.70 1700.00 1884.96 2627.76 1310.68 939.78 2804.64
216.26 5013.21 0.71 6 1972.40 512.33 1428.48 870.11 1478.89 2003.10 2224.99 1640.04 2002.61 2877.27 1173.57 2092.96
216.84 10541.89 0.35 6 2699.61 425.50 1002.16 532.55 2037.61 2559.27 38.20 1423.80 791.50 230.93 1782.02 2908.62
218.01 5400.54 0.38 6 2948.09 2460.81 2465.06 2043.96 1297.06 1908.59 2525.16 1640.16 2577.94 1851.48 554.42 2455.65
218.61 10030.64 0.46 6 913.81 2208.56 2969.38 772.02 40.68 1057.88 1357.85 2204.45 1459.48 1092.87 2130.47 2674.12
232.26 7012.91 0.84 6 1949.64 1000.45 1444.40 993.92 2023.24 2218.09 292.20 871.73 182.59 2221.42 159.06 615.19
244.49 9524.63 0.60 6 917.46 1290.97 754.30 1050.65 1995.98 2306.66 1980.76 1.93 849.80 2577.03 465.11 258.01
246.51 8425.30 0.61 6 2137.80 1405.14 1230.78 83.02 1262.76 2267.57 1283.01 1261.52 1676.73 2872.48 1845.63 907.17
252.43 7721.29 0.78 6 432.46 2221.27 2027.04 2556.77 290.59 612.88 1485.91 670.63 902.68 932.67 1421.23 2498.18
254.02 9700.84 0.42 6 812.01 2987.74 242.15 656.57 2435.13 1911.13 590.18 1755.67 1419.53 1063.90 1267.69 2900.72
273.94 7296.82 0.35 6 2721.18 2888.39 830.71 2945.26 1509.62 1046.50 1403.72 2169.20 1073.24 2567.52 2118.67 1171.87
280.80 8939.87 0.61 6 2967.48 19.35 344.13 0.11 1331.45 166.96 1454.87 2063.32 1811.37 363.10 365.43 1213.67
282.14 7107.03 0.68 6 1935.40 1129.57 1728.12 2782.24 388.27 972.23 1415.26 1976.92 2326.19 1576.30 2865.58 1044.29
283.25 5362.52 0.95 6 1056.32 1855.44 201.46 1282.54 234.43 2347.16 1676.09 413.62 1128.35 212.60 894.68 353.78
290.61 8430.43 0.67 6 322.01 1250.69 1371.25 1692.63 1935.33 2679.66 1274.50 83.91 33.06 908.28 1859.63 127.90
299.37 7368.54 0.51 6 2197.94 709.85 2677.42 2267.44 1835.71 343.42 2699.38 521.99 1260.17 193.11 2540.41 218.65
299.84 6792.01 0.80 6 858.27 603.58 2426.02 576.89 2005.97 610.62 486.27 2441.51 1746.32 1887.35 2430.03 2679.87
303.61 8480.33 0.58 6 188.30 1967.76 1017.87 2145.55 2287.82 908.79 1055.60 2157.63 2360.09 835.02 1181.79 2748.48
308.89 8144.70 0.76 6 1852.43 1211.32 477.54 289.62 1429.24 2279.73 134.79 2556.09 318.66 2802.70 2943.99 2425.67
320.74 7536.82 0.59 6 1078.68 1224.08 555.91 2189.93 1488.53 2497.21 1639.74 215.90 2732.97 1926.70 1711.11 1421.20
326.93 8446.39 0.36 6 2290.06 1819.60 963.48 2096.18 1721.34 599.20 2522.04 2770.65 1132.89 2966.61 757.48 1312.54
357.95 8197.70 0.78 6 1014.14 782.64 417.87 1641.26 1990.01 2634.81 1003.62 2294.21 2201.62 2772.52 706.85 218.74
379.85 9592.29 0.54 6 1726.07 2559.59 1197.66 169.94 1412.94 2752.17 2795.43 1500.14 2092.55 332.62 789.16 89.93
409.47 11373.53 0.61 6 691.72 1804.47 2821.85 2766.82 203.86 2614.42 992.76 672.06 754.15 2109.82 2904.34 224.33
