32.78 738.86 1.00 2 1348.96 2224.39 1530.17 2940.67
32.83 441.41 1.00 2 2323.18 1666.67 2639.17 1974.89
36.18 409.05 1.00 2 2292.93 2593.60 2182.22 2199.82
43.96 297.85 1.00 2 125.40 362.21 48.24 649.89
47.02 850.92 1.00 2 358.16 407.28 1205.55 329.90
52.68 334.06 1.00 2 2161.97 1971.87 2431.08 1773.93
53.10 255.07 1.00 2 114.11 553.13 316.98 707.74
64.26 412.86 1.00 2 1266.08 774.84 1517.16 447.10
65.22 1160.78 1.00 2 2223.23 2084.63 2679.55 1017.31
68.89 544.63 1.00 2 2056.27 2181.69 1697.95 2591.85
70.05 2202.31 1.00 2 738.78 2304.16 2845.20 1661.41
75.89 1794.38 1.00 2 2137.20 75.49 2981.91 1658.60
80.82 3041.12 0.94 4 7.23 809.31 2161.62 216.91 2072.96 503.47 1675.11 817.41
82.60 1929.98 1.00 2 2942.79 2130.61 1023.82 1924.72
83.60 979.86 1.00 2 2704.36 2173.14 1796.45 2541.71
85.40 2569.78 1.29 4 2555.03 970.89 2617.87 989.10 1625.52 1778.31 1963.15 2967.76
86.93 1646.70 1.00 2 2868.03 871.84 1290.49 1344.05
88.96 2847.77 1.00 2 2262.23 1804.42 24.86 42.62
96.98 1748.85 1.00 2 1865.68 2470.75 2350.26 790.38
99.17 1958.53 1.00 2 1189.62 476.08 1371.11 2426.18
108.07 2903.51 1.01 4 205.46 1232.80 66.12 411.29 1244.52 910.38 1909.11 482.29
115.65 582.47 1.00 2 1300.11 1149.22 1142.67 588.43
118.54 5327.19 0.98 6 2049.73 230.84 2747.83 2310.06 382.52 2025.44 446.09 2099.74 744.78 2437.22 785.13 2636.24
118.79 5939.65 0.83 6 2084.36 1089.69 2632.48 751.39 2937.77 1363.03 2598.00 602.27 1003.73 200.75 593.66 2295.69
123.96 5898.20 1.21 6 753.53 2604.36 198.41 2980.75 592.08 806.53 1589.88 59.68 1269.33 478.51 2289.88 1190.13
124.19 309.42 1.00 2 2715.26 2350.27 2465.71 2533.21
143.65 182.74 1.00 2 155.22 2780.15 238.42 2617.45
144.08 503.87 1.00 2 2513.94 2245.24 2899.00 2570.24
148.55 3227.73 1.19 4 390.55 381.23 443.25 813.65 678.33 1415.29 2182.40 2946.25
148.83 1441.59 1.00 2 2682.05 53.24 2582.68 1491.40
151.27 3763.33 0.83 4 1870.87 2548.09 1709.43 2261.40 909.62 2781.35 872.11 301.28
153.91 3695.50 1.05 4 812.01 118.39 2119.33 1690.62 1156.86 2626.91 968.89 2382.92
157.35 4567.32 0.97 4 1166.38 2585.94 237.10 2530.29 445.91 734.07 2235.26 1108.33
158.64 1832.00 1.00 2 2033.83 80.21 389.83 888.60
158.76 737.82 1.00 2 1404.83 1673.43 1182.84 2377.07
158.95 1047.65 1.00 2 2234.07 1412.08 1937.70 407.23
163.22 1961.00 1.00 2 2602.64 53.19 2246.70 1981.62
163.36 1368.04 1.00 2 1911.45 2665.31 1266.09 1459.06
163.43 2371.37 1.00 2 2505.08 2463.57 2337.24 98.15
164.23 3611.66 0.83 4 2519.35 2337.84 1190.58 1511.96 1470.02 961.78 39.96 968.74
164.33 1116.34 1.00 2 885.83 1653.91 1527.89 740.70
165.69 3484.69 0.86 4 1512.00 1729.83 1554.23 1106.98 936.88 2893.09 1900.47 2776.53
173.65 882.45 1.00 2 756.76 1337.70 1017.23 494.57
176.91 3845.46 0.99 4 2521.20 2025.99 1693.80 2783.63 1421.48 1591.20 374.95 515.95
179.92 496.00 1.00 2 2064.18 2075.83 1763.54 1681.34
181.45 372.66 1.00 2 1424.41 2641.38 1728.68 2856.54
185.94 697.13 1.00 2 1105.52 1508.91 1782.18 1341.22
187.59 4979.75 0.98 4 2752.38 1156.64 296.21 652.71 282.08 559.05 2599.22 1092.22
190.05 3902.71 0.87 4 762.95 1597.27 2257.78 1033.16 1839.07 1822.01 1017.64 2970.37
196.36 6318.21 1.01 6 2905.86 1061.85 2277.04 1172.23 1536.87 289.65 2146.30 2615.11 1472.91 2581.86 68.10 2939.92
198.10 1004.83 1.00 2 392.41 1916.91 450.64 2920.05
201.03 2751.53 1.07 4 1927.23 1340.90 2258.81 1933.05 2134.71 2357.54 565.17 2799.58
207.05 852.71 1.00 2 1722.57 1855.20 871.73 1911.64
208.79 4139.36 0.89 4 1714.18 802.37 640.64 286.45 669.63 1094.26 2640.65 1927.62
220.16 2208.24 1.00 2 2488.18 2047.41 532.97 1021.00
220.40 1120.08 1.00 2 1381.88 1482.99 1712.84 412.92
222.96 5848.14 0.93 6 1111.37 2746.10 1375.45 2065.02 707.87 2418.60 1244.36 426.21 416.57 1242.95 1410.03 692.09
229.53 4976.31 0.98 4 2089.55 1863.85 2849.34 2207.87 91.95 650.89 371.09 1585.76
236.46 2022.99 1.00 2 1897.67 2883.70 154.98 1856.32
239.40 2970.19 0.88 4 951.70 1221.91 2112.23 1422.60 2556.52 2138.06 2850.77 1234.53
246.85 4842.40 0.92 6 2797.27 427.40 2823.53 389.02 2292.53 1430.68 973.51 1774.42 791.03 1080.25 2309.89 1367.96
248.94 2847.18 0.93 4 2934.43 1757.33 2137.03 1005.95 2112.79 193.93 1314.68 688.97
259.97 5098.73 0.87 6 319.95 2413.58 279.70 2807.05 1747.31 1188.71 1576.62 1032.82 845.92 927.04 2297.59 1467.56
283.50 6074.92 0.99 6 2985.84 681.82 2496.56 2619.54 2274.36 2387.46 1135.39 1593.73 529.04 2351.31 856.09 993.68
287.35 5167.70 0.95 6 2961.48 1934.53 1559.45 2285.14 2152.74 2238.88 1576.02 2379.32 1550.34 1303.55 235.29 674.48
