24.55 827.48 1.00 2 1135.21 457.08 331.39 260.64
32.75 1337.68 1.00 2 922.80 921.72 1257.83 2216.76
39.48 274.19 1.00 2 2406.44 559.46 2589.57 355.39
55.72 585.98 1.00 2 1340.17 2484.22 1868.69 2737.26
61.60 80.14 1.00 2 1944.04 2536.20 1908.40 2464.43
71.88 1494.16 1.00 2 607.91 187.45 2096.60 315.10
72.91 745.59 1.00 2 2253.77 152.79 1521.98 295.57
75.92 996.22 1.00 2 2281.68 2819.72 2051.23 1850.52
100.58 529.09 1.00 2 879.48 2395.21 404.86 2629.02
103.36 2567.84 0.64 4 1399.90 1956.69 314.89 1891.02 1244.82 2342.02 1163.86 2781.94
108.07 803.40 1.00 2 2892.03 486.81 2472.72 1172.11
114.94 746.79 1.00 2 1310.79 2070.28 737.72 2549.11
120.67 2933.71 0.51 4 985.97 1093.98 618.10 1312.65 28.28 361.44 670.37 1590.33
163.09 7354.60 0.56 6 2455.08 2299.24 1479.17 586.69 1390.80 7.56 303.23 2130.77 1651.29 1593.59 2006.07 700.51
166.23 7211.29 0.51 6 676.04 2031.50 2592.00 2418.87 831.68 2404.11 2366.87 1501.33 2172.05 1584.71 1610.52 2979.22
176.52 8825.81 0.59 6 1084.82 109.50 1530.78 1501.80 436.72 705.88 2924.90 326.56 1450.12 904.01 2592.28 2435.09
178.99 8449.30 0.60 6 2371.89 1298.47 1068.84 1070.75 2909.69 1979.77 758.33 2214.76 1724.50 516.20 829.24 849.16
202.69 434.74 1.00 2 2870.98 982.12 2561.26 1287.19
213.27 8363.48 0.85 6 148.50 268.40 629.57 2756.95 320.81 2069.58 828.07 2815.08 1424.53 350.33 2242.62 1769.08
227.35 9967.55 0.50 6 1215.45 2598.51 2449.68 2978.89 2634.49 933.01 54.86 2540.23 545.23 482.99 1969.53 836.90
228.66 9633.04 0.54 6 1204.35 932.87 12.57 2837.90 2189.94 2616.89 2231.92 1583.68 1490.01 301.44 1155.15 2962.36
235.22 6361.10 0.86 6 2783.23 652.76 2864.97 1946.33 469.62 2545.60 1091.94 2937.68 2300.53 2678.36 2108.45 2084.51
236.25 7612.25 0.73 6 20.92 2394.81 2148.95 1099.01 1501.50 44.19 1641.09 2021.21 1055.69 2601.39 1954.00 2007.39
237.13 7956.54 0.55 6 1764.24 2963.53 361.84 593.90 1342.23 1257.68 753.94 1471.23 1016.54 680.06 2589.87 2699.01
245.90 7594.89 0.69 6 114.15 2979.94 1654.46 2540.75 59.77 2402.54 1807.39 2290.26 778.74 1999.15 2046.72 1069.52
251.65 3682.29 0.61 4 2179.89 2900.69 415.09 1811.23 1202.66 1252.71 653.66 1587.04
253.51 5175.38 0.51 4 2214.44 2972.33 1387.73 424.04 2315.11 1268.55 1074.31 1324.63
258.49 6924.52 0.61 6 2442.14 949.18 1104.90 213.80 2422.63 1650.15 685.90 442.08 1428.81 1094.19 1164.40 872.40
261.66 5182.90 0.97 6 2984.72 2257.92 2521.61 1509.76 2311.73 1183.28 1443.46 2167.98 972.95 1377.06 1584.23 2943.80
268.40 7720.14 0.66 6 1860.01 2597.11 2565.84 1510.17 2738.62 2215.77 1733.66 865.68 661.17 30.66 1802.06 2428.47
268.70 8334.85 0.82 6 2743.17 1094.03 426.11 965.56 2683.95 2470.35 2245.70 2632.42 2207.40 2516.19 1165.19 13.24
268.72 6536.09 0.71 6 2743.18 333.50 1347.12 1478.04 1776.83 2295.23 1638.03 229.08 2421.54 401.96 1493.25 295.39
271.38 3769.05 0.85 4 772.12 26.50 965.01 1350.70 575.56 1968.71 2210.24 1500.57
278.09 7604.34 0.71 6 2138.75 735.20 2587.51 698.02 977.55 2460.56 2003.24 2807.15 1649.85 280.42 2641.39 828.41
287.53 11076.52 0.57 6 2118.51 67.90 2027.99 2511.36 412.81 1403.95 2767.87 1674.34 1567.76 10.39 2281.36 2145.18
288.27 6713.65 0.73 6 81.95 610.72 1084.96 2416.53 649.54 1460.03 2480.73 1391.54 2264.10 1442.05 920.69 684.81
296.82 8240.99 0.58 6 1496.01 778.73 2460.79 1755.62 960.17 740.35 2980.88 1471.75 1273.46 2877.47 1010.88 2233.38
298.71 6835.52 0.72 6 47.84 557.14 543.20 149.43 2680.51 557.81 1326.90 2464.01 1687.87 996.99 1548.58 900.77
304.26 11612.90 0.61 6 1403.84 2836.48 2070.78 333.20 463.89 2681.27 317.35 82.47 1846.71 2927.84 2030.54 2637.35
331.84 7192.15 0.70 6 2081.77 2340.52 1040.56 76.20 2316.01 1422.80 2332.26 779.12 1574.48 2502.73 1733.13 2226.61
333.66 9482.93 0.58 6 1086.84 464.29 2287.28 2436.29 1150.06 460.52 2562.25 1918.48 1385.58 681.25 2360.30 1305.40
340.34 8417.02 0.51 6 137.08 1249.86 1958.11 1131.74 202.79 2504.50 752.02 30.86 620.62 1434.70 619.58 1014.77
347.15 8257.64 0.61 6 2166.11 2507.69 2015.47 90.63 1569.95 1180.15 1822.14 1219.31 789.74 2755.57 2038.27 529.09
