14.83 441.34 1.00 2 680.15 350.91 283.47 157.45
20.95 247.58 1.00 2 220.81 2687.96 34.84 2524.52
23.03 1051.75 1.00 2 1149.65 2059.73 621.20 2969.08
23.94 1196.82 1.00 2 2547.62 1304.34 2958.65 2428.36
35.23 1361.48 1.00 2 1649.20 468.49 316.21 191.42
42.00 1599.77 1.00 2 257.15 1346.63 1806.20 1746.25
43.39 669.68 1.00 2 979.60 1270.29 505.59 1743.36
44.43 521.56 1.00 2 243.46 903.04 131.53 1412.46
51.54 2377.09 1.00 2 2229.72 391.36 1158.99 2513.64
61.14 257.01 1.00 2 1331.01 2769.27 1409.89 2524.67
63.61 1580.51 1.00 2 2900.59 1099.00 1337.25 1331.38
64.74 1436.97 1.00 2 1495.13 574.93 385.52 1487.97
66.01 1400.44 1.00 2 2046.81 2789.90 2541.12 1479.60
66.74 1137.13 1.00 2 2730.35 2773.57 1784.33 2142.61
69.99 599.31 1.00 2 2141.87 277.22 2674.07 1.64
74.19 2609.53 0.94 4 1094.40 1107.24 1084.53 791.20 1415.53 1296.60 719.42 2835.70
77.20 1360.15 1.00 2 774.17 2169.96 348.03 878.29
78.74 437.17 1.00 2 310.59 377.17 639.65 664.97
79.07 1853.44 1.00 2 947.73 1393.77 2738.05 1873.34
79.92 1996.21 1.00 2 2377.14 2305.30 489.64 2955.09
79.94 3397.24 1.22 4 949.31 2763.72 330.40 1997.63 750.15 1003.35 1717.97 86.52
81.52 976.06 1.00 2 1963.96 1628.25 1426.76 2443.17
81.65 1082.52 1.00 2 1229.60 1791.33 930.80 2831.79
92.20 809.76 1.00 2 1761.39 1072.97 2515.75 778.58
95.42 1071.21 1.00 2 1365.23 88.84 733.17 953.70
98.48 524.18 1.00 2 2881.18 2122.09 2527.15 2508.65
103.35 4267.67 0.93 4 2271.26 998.14 698.25 1074.33 2314.06 2393.77 2407.71 2993.23
105.50 1874.94 1.00 2 86.78 312.80 1950.75 110.31
108.54 3127.23 0.96 4 1203.13 2186.09 2912.41 951.75 2585.60 295.90 2871.30 280.85
109.19 1859.30 1.00 2 271.42 2857.10 1894.40 1949.93
119.48 1874.18 1.00 2 1196.43 171.75 2683.03 1313.06
119.70 2084.97 1.00 2 91.96 1709.21 1997.11 2556.26
122.23 511.62 1.00 2 2464.58 310.20 2073.09 639.58
125.84 491.98 1.00 2 2022.89 1922.30 2228.49 2369.27
127.58 5078.96 0.89 4 450.22 557.16 2271.29 1436.81 2785.37 1581.77 293.44 1190.56
129.23 461.40 1.00 2 1795.86 2051.82 1916.92 1606.59
132.43 4021.69 0.98 4 2417.90 935.26 1249.41 650.50 1092.78 916.06 2745.92 2805.70
137.78 789.23 1.00 2 1729.81 2053.50 963.69 2243.08
149.00 549.80 1.00 2 1997.28 2525.20 1451.06 2587.79
149.25 262.65 1.00 2 1193.48 1716.89 1343.07 1932.79
156.55 527.50 1.00 2 2213.25 1075.41 1693.98 982.65
158.40 2019.93 1.00 2 1898.21 2270.74 35.65 1489.10
159.27 2463.58 1.00 2 2377.53 28.65 101.20 970.74
162.30 1414.83 1.00 2 1808.94 103.28 1994.56 1505.89
171.68 1784.06 1.00 2 1080.75 2508.30 1088.44 724.26
172.88 544.23 1.00 2 2219.02 1538.40 2675.82 1834.24
175.31 765.46 1.00 2 2766.75 1908.77 2790.88 1143.69
178.02 1200.97 1.00 2 616.47 2636.29 1816.81 2675.22
179.09 354.33 1.00 2 480.57 724.25 243.93 987.97
179.41 770.32 1.00 2 1531.57 1598.22 2207.12 1968.39
187.04 4252.08 1.11 6 1883.74 1013.82 2068.33 1172.73 1485.74 1274.06 446.42 837.23 440.59 2536.50 974.26 2283.75
188.33 3016.52 1.07 4 2900.73 1916.18 2489.34 2569.66 1465.36 2513.44 1406.39 1296.06
193.37 6468.48 0.86 4 576.17 22.32 272.28 1478.76 366.74 2941.42 2648.80 268.01
193.72 485.89 1.00 2 1951.67 697.57 1470.22 763.14
194.69 5734.58 0.86 6 2789.66 2732.82 2459.71 445.66 2610.21 617.33 872.31 389.64 872.72 368.92 2286.91 517.58
200.70 1134.97 1.00 2 1286.76 1273.85 2067.20 2097.91
208.52 1026.15 1.00 2 35.60 757.89 104.06 1781.76
208.63 1631.49 1.00 2 2499.69 1557.31 1032.10 2270.01
210.51 2225.40 1.00 2 1181.26 2397.18 267.09 368.21
217.71 1285.53 1.00 2 196.52 2126.73 862.47 1027.14
217.73 6386.49 0.87 6 760.44 2995.70 1187.27 1309.49 437.57 686.47 951.31 874.92 824.25 2258.68 2528.88 1932.66
218.09 2204.44 1.00 2 1458.14 411.01 6.93 2070.39
222.00 1199.77 1.00 2 1922.99 2720.94 2590.55 1724.03
223.28 1863.96 1.00 2 2724.61 303.69 2687.67 2167.29
224.92 1745.76 1.00 2 2689.15 782.71 1108.85 1524.55
225.61 1580.72 1.00 2 2932.60 1987.53 2989.12 407.82
225.73 3486.68 0.97 4 864.06 1278.06 1038.99 808.23 1906.34 271.16 2437.49 2163.18
233.13 3256.48 0.93 4 2880.08 2465.04 1808.03 2634.59 1381.05 1747.70 445.56 2478.00
233.59 6279.32 0.94 4 700.86 2839.69 2941.20 2785.35 2256.19 811.01 312.68 671.30
240.22 2210.98 1.00 2 2877.77 2380.76 678.68 2609.71
248.64 5431.82 0.92 4 146.34 2950.47 55.62 2735.81 2385.49 642.80 346.73 982.42
258.79 6739.57 1.05 6 160.54 1672.28 41.07 319.43 721.33 802.39 2297.89 682.27 2021.04 1902.00 668.69 2957.19
263.91 8395.65 0.93 6 2683.67 2646.92 237.70 2761.70 1555.56 2847.82 378.89 219.86 785.13 164.44 1792.79 1043.12
273.02 4650.79 0.98 4 2873.92 783.62 1490.42 2125.18 568.44 2373.47 565.89 604.65
288.82 7041.02 0.87 6 2363.53 2814.25 2765.10 459.48 2189.76 1171.71 97.53 1050.30 202.26 800.70 1515.98 1190.18
