78.04 301.77 1.00 2 329.20 323.64 63.46 466.63
112.19 4709.31 0.83 6 1271.95 1526.05 1545.03 2993.86 1216.41 1848.86 2192.39 1438.97 2664.24 2093.65 2732.66 2237.75
122.12 606.24 1.00 2 1586.59 1114.78 1950.75 630.10
132.15 6607.69 1.00 6 466.47 379.11 158.59 2176.26 747.33 1826.11 1136.40 2206.27 2923.50 2122.51 2120.36 549.31
137.99 99.47 1.00 2 2252.18 1152.45 2338.12 1202.55
141.01 5850.60 0.48 6 2142.48 2107.78 2216.95 2852.61 1584.33 1827.58 2249.00 732.68 2470.09 2641.00 1822.12 2893.94
144.99 349.45 1.00 2 814.48 552.20 480.01 653.42
150.64 7232.19 0.82 6 2958.74 2395.41 1283.30 2825.03 915.56 2573.76 1506.69 827.47 2644.16 2442.07 2842.36 1219.54
161.95 5997.28 0.65 6 2799.33 1928.92 1389.17 1853.25 1846.59 985.66 2477.18 106.29 1464.80 1067.23 1061.68 15.46
164.92 7646.09 0.91 6 938.21 270.42 2834.60 495.34 1662.48 1478.55 238.42 2189.86 172.23 2230.23 2623.06 2886.50
176.00 5100.19 0.87 6 1500.00 2302.15 1026.42 2929.32 868.40 1457.79 709.51 2034.93 2212.29 1302.99 2282.70 743.24
179.53 6576.36 0.36 6 2670.59 558.47 1476.14 254.23 371.53 1462.24 1063.60 304.01 1542.96 461.13 466.89 1969.90
183.32 5866.08 0.85 6 797.40 1263.29 2142.96 974.66 1505.58 2770.68 1650.37 2399.46 2293.18 2645.30 2529.19 1166.55
184.73 7436.72 0.57 6 2742.14 749.30 353.60 897.53 2214.08 1706.53 1617.36 2299.24 880.64 639.20 652.39 914.46
185.56 6277.86 1.02 6 1077.71 2611.54 120.77 1183.64 480.94 596.98 595.39 568.70 2231.77 2702.99 1437.88 1995.73
196.85 7142.45 0.43 6 678.29 1186.08 546.55 2434.63 2518.07 485.50 897.85 1285.02 326.08 1315.72 1061.21 1301.88
197.24 5261.94 0.70 6 272.81 152.87 1899.93 694.28 1529.59 1931.62 1221.89 919.34 1008.53 1437.59 912.87 807.74
206.41 8820.57 0.48 6 2023.57 2645.79 225.37 2518.23 1268.17 1137.28 1570.55 675.21 1541.05 2857.45 1119.85 339.70
216.11 3805.62 1.32 6 2090.17 2637.47 2123.26 1575.22 2124.76 1656.45 2371.94 1366.32 910.23 661.01 513.33 136.84
217.61 6880.36 0.67 6 457.49 1533.72 2592.50 2982.77 595.24 2119.38 748.40 2300.18 742.06 2461.83 2429.86 2103.43
228.39 5219.45 1.30 6 2720.44 2925.38 2151.98 2732.55 2794.00 1511.61 2684.74 1345.45 203.13 1257.01 65.62 1797.46
230.47 5923.33 1.04 6 1152.15 2661.58 361.06 1759.68 571.30 2113.98 391.46 2227.76 2736.53 1963.07 2776.50 224.64
262.08 8804.24 0.62 6 1507.00 543.56 1903.43 688.15 2971.20 2787.29 2977.66 1773.59 396.89 115.10 1278.91 1849.40
262.27 8213.49 0.60 6 841.67 1053.07 142.67 122.67 635.93 1416.17 1254.22 959.52 156.39 2234.26 2725.45 302.29
280.26 8812.89 0.57 6 554.52 2844.98 290.66 40.98 993.64 2223.88 1090.74 913.07 1655.30 2585.92 1084.15 2336.42
281.90 7594.80 0.73 6 2090.12 386.80 2383.17 2081.41 2054.08 2610.77 136.34 1698.52 2222.15 1192.48 2914.62 496.55
282.86 6243.01 0.32 6 2471.80 657.84 2914.81 1612.17 2341.54 319.33 2895.68 530.21 2936.29 2334.56 2237.31 1145.94
284.46 6622.77 0.64 6 1042.39 1815.48 2116.39 1647.83 1834.45 973.91 1107.33 249.74 2166.24 1225.03 171.79 2447.77
296.16 6608.13 0.82 6 1961.47 2610.08 2450.54 661.92 2423.20 2258.69 1902.92 1652.63 806.38 1744.99 466.92 695.17
310.04 7002.19 0.74 6 2178.86 1105.92 544.54 555.08 1471.56 2188.44 2706.50 281.07 2587.06 566.58 1942.69 63.14
316.10 6705.10 0.90 6 2423.98 1809.88 2479.69 2290.34 745.03 250.79 1133.63 62.15 1933.45 131.22 427.91 1882.15
321.09 6354.31 0.69 6 995.27 463.54 1882.46 369.23 890.22 1534.63 167.63 2076.12 2474.77 308.45 2509.45 425.51
324.91 7445.64 0.85 6 488.76 533.20 208.36 216.15 2911.16 300.70 1182.59 1823.47 735.76 2727.39 1580.34 2180.29
331.75 9287.71 0.68 6 714.65 117.27 2781.74 811.30 747.02 2470.23 444.42 2650.81 2371.86 1927.24 1603.78 4.20
337.52 7475.93 0.73 6 40.49 2899.08 2208.39 1015.17 1441.28 1688.55 2872.85 319.02 2122.37 606.96 1332.98 489.43
355.97 11898.31 0.48 6 1639.74 1028.69 606.00 2162.31 1651.49 757.58 2176.05 2968.93 131.43 575.12 2631.23 2560.31
