18.61 630.39 1.00 2 1402.57 577.31 2015.92 722.89
29.00 350.19 1.00 2 2040.54 2388.94 1950.03 2727.23
35.93 596.32 1.00 2 1080.68 1560.42 1281.73 2121.83
37.91 1195.49 1.00 2 2610.27 1187.57 1506.46 1646.69
42.03 1101.69 1.00 2 1812.21 2954.94 2668.48 2261.73
44.72 935.84 1.00 2 1251.26 260.03 2001.66 819.22
46.97 548.55 1.00 2 2896.67 1807.40 2355.15 1894.91
57.47 373.34 1.00 2 1659.94 238.65 1455.10 550.77
60.53 1326.45 1.00 2 2413.50 1936.20 2369.96 610.47
69.21 1260.68 1.00 2 459.87 1739.82 1091.44 648.75
69.96 2098.06 1.00 2 2550.28 2925.05 683.57 1967.32
78.29 3914.25 1.05 6 2443.85 1463.52 2483.73 1238.61 2134.81 1420.73 1896.02 912.51 1620.89 2152.84 164.56 2046.07
78.41 720.26 1.00 2 1028.26 2878.45 637.70 2273.28
82.51 1525.68 1.00 2 366.58 1784.41 1279.34 561.89
84.52 1126.05 1.00 2 2993.05 2246.04 2853.65 1128.65
84.79 1539.68 1.00 2 2501.23 548.80 1043.05 54.50
86.35 3517.35 0.91 4 2273.25 2238.63 2827.94 1848.22 2086.19 2867.19 508.23 2915.59
90.31 3015.58 0.94 4 2606.48 1633.39 1737.91 571.84 1633.37 363.92 1406.75 1756.85
90.51 1725.29 1.00 4 2544.51 734.65 1906.81 1196.56 1989.26 1369.50 1725.89 2067.77
95.06 1752.92 1.00 2 23.41 17.11 315.60 1745.50
108.91 345.68 1.00 2 1404.84 2488.01 1611.05 2210.56
112.27 913.39 1.00 2 296.18 1401.97 1038.97 870.40
112.41 2120.32 1.33 4 1118.15 218.19 1306.09 345.81 854.03 1478.44 1395.59 1879.07
114.86 943.13 1.00 2 1587.40 2716.07 645.32 2671.61
116.78 2139.14 1.00 2 2693.73 2069.85 1356.59 400.12
123.35 1567.56 1.00 2 1966.62 128.79 492.08 660.73
123.87 593.58 1.00 2 626.15 2571.39 848.74 2021.13
124.45 4322.55 1.29 6 1829.76 2421.16 473.26 2791.14 287.40 2293.15 273.18 2020.35 83.41 1156.67 541.14 17.71
129.66 783.23 1.00 2 1083.04 592.16 1825.00 843.04
134.43 4421.49 0.81 4 2784.54 727.10 2057.20 2036.67 2477.91 1911.48 873.27 14.61
136.39 1519.67 1.00 2 1521.60 2624.02 2262.04 1296.93
136.73 1036.72 1.00 2 222.78 1994.23 82.41 967.06
140.52 626.13 1.00 2 1019.23 1529.81 965.79 2153.66
146.73 2136.69 1.00 2 2859.25 21.18 959.58 999.28
150.76 3137.94 0.90 4 2093.68 1639.15 1050.91 2134.20 416.50 2208.08 1153.14 1082.84
151.92 1096.09 1.00 2 23.34 1492.65 490.26 500.99
159.91 7595.46 0.80 6 1914.10 2625.72 316.07 1060.31 2186.60 1159.01 2934.42 1248.56 2812.02 894.79 1640.54 2940.96
167.23 761.44 1.00 2 1216.62 585.73 1972.09 490.58
168.90 1644.79 1.00 2 2723.32 391.31 1083.02 269.97
170.14 1106.87 1.00 2 1382.66 2004.88 814.55 1054.93
172.97 1148.62 1.00 2 2435.99 1319.80 1306.89 1530.65
175.00 4949.90 0.92 6 421.89 2902.09 159.69 1869.73 1559.02 2583.14 2718.34 2531.30 1970.37 2198.33 1635.95 2181.27
176.05 1102.68 1.00 2 2865.98 2379.50 2488.38 1343.49
176.42 3921.07 0.92 4 1482.32 79.72 1337.80 332.45 2247.90 250.32 2409.61 2961.65
176.59 5529.57 0.82 4 2817.03 2549.81 656.16 2591.61 1588.80 771.54 2729.01 1442.88
180.65 1732.32 1.00 2 819.50 2852.89 2405.92 2157.05
182.35 2917.63 0.90 4 2201.51 1677.40 1951.23 1178.11 2178.23 2988.57 1979.64 2492.33
185.34 966.84 1.00 2 1753.41 1014.98 803.92 1197.32
186.15 2707.47 1.02 4 1923.72 2945.70 1645.49 1694.12 727.12 2175.25 353.41 2068.81
190.25 4112.49 0.94 4 701.59 47.22 896.60 1449.98 513.35 1844.38 2420.76 2828.46
192.03 501.74 1.00 2 2069.16 1596.35 1572.40 1666.89
192.40 619.86 1.00 2 446.31 1851.81 1059.94 1764.17
192.71 1035.73 1.00 2 2610.01 1400.10 2395.60 386.81
199.54 5876.87 0.84 6 849.10 2140.19 614.69 339.77 1123.97 1800.91 1924.54 536.16 1998.20 37.86 2130.57 533.85
199.79 3089.31 0.91 4 472.95 2479.25 586.34 1150.06 766.86 1281.53 93.10 2657.38
200.85 1842.68 1.00 2 2387.18 1206.35 1316.93 2706.36
206.93 1446.43 1.00 2 1321.28 1971.36 967.79 568.79
208.29 914.58 1.00 2 1881.05 490.23 2703.42 90.04
209.59 679.44 1.00 2 858.55 857.99 405.95 1364.74
210.67 633.37 1.00 2 1756.61 697.56 2168.51 1178.70
210.77 4638.26 0.88 6 959.19 1582.85 873.64 2787.26 1489.72 751.51 1505.40 491.45 1339.74 698.05 1356.25 1476.41
218.80 3839.98 0.93 4 1789.61 1091.63 944.39 198.43 536.31 124.37 1407.19 2139.77
218.81 1540.61 1.00 2 644.88 2174.26 2101.76 2675.25
246.95 4347.53 0.80 4 1732.65 2741.74 2533.55 2462.84 299.40 2259.19 1005.80 1220.62
249.88 3794.22 0.93 4 457.71 616.91 1050.02 690.01 12.59 2111.91 1356.35 2621.93
251.89 4794.53 0.91 4 1980.73 75.72 240.75 739.36 1904.16 1629.07 2947.99 1563.65
255.59 4379.68 0.91 4 86.96 1451.82 1349.55 919.27 1704.73 2370.44 225.30 2698.49
256.12 3606.21 0.94 4 2351.52 1082.28 1375.74 514.19 1506.09 523.95 1823.05 2848.83
260.11 3405.74 0.79 4 2446.73 728.04 586.34 1819.28 1509.09 1997.93 1585.53 2297.37
