8.27 413.34 1.00 2 2523.55 2934.22 2540.98 2521.25
23.62 280.81 1.00 2 1220.33 2518.23 1296.48 2247.94
25.30 465.13 1.00 2 1841.73 909.24 2304.16 959.30
26.57 628.35 1.00 2 2681.11 1849.92 2664.00 1221.80
31.41 470.44 1.00 2 2225.95 551.29 1773.04 424.08
32.29 614.63 1.00 2 916.28 2963.86 910.73 2349.26
44.75 937.51 1.00 2 165.23 920.36 246.10 1854.37
45.52 1876.14 1.00 2 1923.34 1087.33 2546.92 2856.81
72.07 1003.74 1.00 2 1653.80 1367.60 2110.38 473.70
73.36 3168.14 0.62 4 962.18 116.97 30.79 1322.85 176.66 921.94 263.85 2136.63
74.54 927.15 1.00 2 801.99 1018.80 1480.04 386.45
80.04 501.84 1.00 2 1255.53 1075.84 901.31 1431.32
83.98 1299.23 1.00 2 2415.18 1669.50 2817.83 434.24
90.72 936.07 1.00 2 1353.47 2413.93 2077.77 1820.96
91.94 1896.82 1.00 2 91.52 2880.49 1983.02 2738.61
95.15 1057.55 1.00 2 1023.20 2154.05 69.88 2611.87
105.16 4058.23 0.69 4 2816.28 2573.06 2201.23 308.94 1793.85 1023.73 1258.05 313.92
108.23 5311.49 0.92 6 2206.52 304.81 1416.55 579.58 2171.19 264.36 189.94 943.18 272.03 261.47 748.38 997.02
113.18 3258.87 0.93 4 1706.11 417.46 2810.95 1900.65 2398.96 1900.06 1476.83 2280.19
113.47 1073.40 1.00 2 293.06 2180.75 580.59 1146.57
126.61 130.62 1.00 2 2718.70 2150.71 2703.21 2280.41
129.04 2351.77 0.88 4 661.67 1676.59 1328.39 2640.22 1592.53 2780.24 1042.78 2091.77
133.84 291.81 1.00 2 1310.37 1529.86 1028.54 1605.53
134.10 404.89 1.00 2 332.35 655.00 736.41 629.01
135.65 1482.58 1.00 2 778.85 2426.64 2193.23 2871.10
137.76 388.02 1.00 2 894.08 2826.37 1267.22 2719.94
138.42 320.93 1.00 2 1917.42 1507.15 1832.44 1197.67
143.13 2256.27 1.00 2 642.96 50.03 987.81 2279.78
154.80 1640.18 1.00 2 1987.28 1990.65 2617.91 476.55
157.13 3156.38 0.75 4 2766.31 1445.98 1341.65 2646.62 1767.37 1996.23 2261.00 1846.20
157.87 393.36 1.00 2 360.90 2244.58 353.45 1851.29
167.38 2668.81 0.62 4 2190.46 1480.27 1531.60 1551.20 2423.49 767.54 2444.08 1586.16
174.38 2819.00 0.83 4 2310.67 2504.14 447.75 2672.76 995.19 2066.30 1102.68 1990.60
177.56 7378.15 0.78 6 2084.32 1147.34 279.85 176.62 2106.96 1579.31 1922.15 2070.07 2261.27 2520.61 397.24 1992.46
184.92 5945.99 0.64 4 1548.03 47.81 86.04 2373.88 1140.31 864.11 2495.26 786.44
185.76 7488.02 0.80 6 401.99 2220.16 2472.68 2775.17 2431.66 1067.52 1213.49 424.19 455.83 251.16 1914.11 511.50
186.77 4338.37 0.67 6 2190.83 2570.51 2295.89 2189.56 1708.61 924.12 1563.17 2392.92 1680.36 2852.22 1767.36 2260.46
186.86 7242.87 0.70 6 2346.49 2506.97 438.03 1587.23 2398.89 2125.25 1705.44 1144.38 1894.28 1489.71 2237.27 33.37
193.88 5893.99 0.74 6 1903.69 2916.16 1176.43 2063.43 1166.79 1881.01 1753.27 991.45 612.71 281.31 1063.26 2415.78
199.23 2061.51 1.00 2 1796.56 712.75 2167.88 2740.54
203.87 7193.50 0.62 6 1048.94 885.72 134.09 2030.67 1927.56 2119.49 558.80 2151.66 1535.16 2776.52 442.26 1895.26
234.17 5008.67 0.72 6 971.84 1654.99 842.18 976.36 238.05 1072.24 1438.89 806.40 1724.52 1004.17 602.00 2812.88
241.37 4068.57 1.20 6 149.46 2866.24 551.06 2505.21 112.92 2275.80 1052.89 1512.95 1188.01 575.01 981.84 1426.20
247.46 2473.20 1.00 2 2048.40 2409.06 1093.29 127.72
251.64 4281.83 0.62 4 1917.90 517.66 842.29 1624.35 842.35 378.76 2235.32 915.93
251.84 8291.98 0.92 6 2733.97 1840.03 1168.06 2876.94 2782.43 2530.04 2488.76 222.21 1250.07 383.93 69.09 264.55
260.00 3899.83 0.97 6 1200.74 2240.61 783.64 1250.49 462.72 1178.85 312.98 1037.76 47.32 735.15 1845.16 1312.26
264.10 5904.89 0.86 4 193.11 1908.34 2661.97 2785.63 2912.20 1157.32 1285.63 969.69
271.84 4191.95 0.86 4 2567.38 2794.18 2101.55 1487.32 2474.09 1208.70 144.23 998.27
272.66 6032.88 0.77 6 1479.06 771.52 1066.78 954.88 1307.49 2660.16 672.06 1839.39 2302.51 2335.95 1834.13 1321.80
273.86 6693.09 0.66 6 967.13 1033.84 1885.52 2771.30 1612.35 1372.06 2361.87 989.26 2100.06 1465.63 829.30 2900.90
287.12 8955.77 0.68 6 700.08 1321.50 2648.11 2871.94 168.89 1693.20 1682.38 1765.57 1226.52 645.16 2186.14 378.28
301.40 6570.16 0.70 6 1988.46 502.18 1703.18 1559.70 147.94 248.44 1144.71 1659.89 762.12 1964.72 1901.31 1518.45
312.29 6014.39 0.99 6 618.63 2775.54 1720.16 321.26 2463.03 1047.07 2557.70 896.74 2072.62 2131.79 1333.34 1879.61
322.24 7311.83 0.91 6 100.76 24.32 1660.65 215.97 1315.90 726.03 611.94 2729.97 2563.00 2611.40 2383.68 1580.95
