9.65 482.51 1.00 2 505.50 1504.51 333.96 1053.52
36.90 845.03 1.00 2 2770.61 22.97 2788.44 867.80
59.85 592.57 1.00 2 751.74 2753.14 718.65 2161.49
75.68 583.92 1.00 2 700.58 2268.44 1113.76 2681.04
76.41 1520.41 1.00 2 665.76 1981.96 2176.16 2156.17
78.28 514.19 1.00 2 668.01 1991.65 207.34 1763.24
91.16 1058.25 1.00 2 1655.51 420.04 659.86 61.49
91.35 1467.46 1.00 2 200.03 145.41 994.68 1379.09
91.53 1276.73 1.00 2 248.98 955.04 1332.48 279.70
103.22 361.11 1.00 2 873.35 543.85 666.72 247.70
116.39 5719.71 0.68 6 2378.23 484.01 542.94 1668.20 1413.13 2598.98 688.11 1656.64 851.73 1608.15 1578.03 1073.75
130.13 6106.68 0.82 6 1817.99 1786.49 117.04 2253.93 347.47 1119.08 95.85 818.76 803.93 1816.02 2345.27 2113.59
140.88 1643.81 1.00 2 1624.72 2307.30 2715.52 1077.55
142.93 3546.51 0.70 4 841.06 1436.73 1920.44 2546.64 1195.40 1841.34 887.28 903.88
143.69 784.45 1.00 2 438.67 2525.06 1129.72 2153.82
145.85 792.42 1.00 2 842.32 1476.69 1542.37 1105.40
156.45 1522.41 1.00 2 551.42 1745.30 1024.77 298.35
159.14 6857.09 0.89 6 1918.67 2808.02 2941.63 1796.38 382.88 1621.35 1078.15 1468.13 1393.08 720.79 2554.46 71.19
159.23 61.33 1.00 2 179.62 396.14 207.74 341.63
161.83 3991.71 0.68 4 14.30 95.73 923.44 2160.44 240.05 2128.31 1026.02 2826.89
163.58 5379.08 0.77 6 1727.74 2209.71 1289.78 1912.90 459.68 1823.21 2502.35 1808.23 2068.41 1077.86 1629.67 44.32
181.65 4482.72 0.74 4 493.63 1356.54 664.87 433.20 717.49 2288.67 2384.48 2026.97
182.93 4246.26 0.82 4 1920.11 2764.87 1176.93 2714.46 417.90 1160.62 2070.48 1800.28
188.23 7411.61 0.81 6 67.72 666.04 1677.74 2131.11 1393.98 1755.55 1033.06 2944.02 74.81 2986.16 346.23 437.73
189.80 8790.12 0.79 6 2808.04 1041.09 2322.91 582.72 2782.94 494.20 89.10 2558.98 2901.55 2831.04 1929.39 1776.15
190.08 303.85 1.00 2 309.84 1977.33 605.12 2049.03
190.10 1704.83 1.00 2 1642.32 1220.34 222.54 2164.08
192.27 8213.53 0.79 6 900.31 1866.18 988.29 903.85 378.74 2286.34 2730.10 2136.89 1839.79 2614.76 2282.85 286.82
195.97 3698.51 0.62 4 1928.96 634.94 1461.64 1811.11 1856.99 1468.23 6.18 1938.38
199.75 387.62 1.00 2 491.00 1283.91 878.51 1293.25
208.17 7908.39 0.57 6 1788.78 41.22 2873.46 2744.90 918.18 2304.47 2442.96 1657.65 2352.74 1777.07 1634.19 834.77
215.47 1373.38 1.00 2 630.93 1571.38 123.73 295.09
217.36 1567.91 1.00 2 1238.20 1710.37 2647.15 1022.48
222.63 1631.62 1.00 2 824.37 2612.39 2443.58 2411.49
230.09 9804.32 0.57 6 1967.36 863.73 863.51 2651.36 255.01 1529.82 1667.01 2399.60 386.68 109.24 1666.40 1830.73
233.30 5864.78 0.94 6 2517.00 1759.11 2340.71 2463.97 1253.96 2014.27 1500.34 906.21 22.77 453.67 146.25 1729.36
244.30 8415.00 0.59 6 2321.62 1496.69 2629.32 27.45 2231.84 2702.86 2728.19 969.33 845.95 552.56 522.33 904.44
249.57 7478.47 0.58 6 138.27 60.77 1327.87 297.63 416.50 393.07 2484.42 1815.30 886.47 470.92 906.11 1221.81
260.94 8746.91 0.59 6 1194.96 324.04 845.37 2870.06 2502.29 1689.30 1603.73 945.98 2784.50 1152.52 1136.47 486.45
261.82 7590.76 0.60 6 722.21 528.28 1424.52 2971.55 378.61 1064.85 1218.36 1812.37 14.86 663.87 99.05 646.35
277.18 7258.96 0.71 6 2909.48 927.31 1864.95 2695.55 2338.91 2180.87 2181.28 1738.10 680.71 856.96 2932.25 410.15
292.34 5716.83 0.85 6 2091.87 621.54 1976.12 1506.61 380.43 1436.24 778.96 1033.74 1140.30 1837.82 2893.33 2140.82
300.70 7034.88 0.61 6 1435.38 1641.28 1887.60 1433.47 406.45 595.27 2782.08 72.12 1282.73 1005.90 1458.88 1617.45
320.28 8513.85 0.68 6 1284.03 175.24 2688.99 1254.27 480.36 259.62 530.39 1412.79 375.06 2351.26 2100.88 963.46
323.88 7894.01 0.62 6 1757.32 214.84 1550.45 853.45 2734.84 251.36 414.18 2456.21 1537.89 1242.26 858.20 456.67
324.36 6518.12 0.69 6 2597.40 2630.47 2416.45 1463.56 1036.28 2886.71 2614.51 1106.40 2980.27 947.77 2728.76 1467.03
331.79 9389.59 0.70 6 2347.11 354.81 587.44 1842.84 2010.24 2922.10 887.13 2270.81 2737.31 2759.99 1283.72 1262.16
334.36 9817.93 0.65 6 703.00 2887.12 2748.15 1603.42 868.88 2201.75 1952.67 1406.17 226.41 994.49 2513.60 1331.81
362.86 9542.77 0.65 6 934.71 64.72 1360.67 1009.96 1613.62 2723.59 86.75 2239.37 2724.99 1709.39 445.51 729.87
