13.18 158.94 1.00 2 1010.17 1441.30 1075.49 1296.41
27.62 781.08 1.00 2 977.38 1957.86 229.72 2183.91
46.04 1301.85 1.00 2 1918.98 1304.81 1551.37 55.94
63.61 1380.70 1.00 2 2577.80 1616.75 2613.88 2996.98
77.55 2777.41 0.97 4 2929.21 2779.06 1937.14 2344.62 972.62 2727.99 1225.59 2122.23
83.99 99.68 1.00 2 817.84 860.56 718.28 855.78
85.28 4263.82 0.68 4 49.20 2102.39 1927.43 2616.55 1372.73 2560.06 2599.61 1299.69
89.71 1685.36 1.00 2 1379.00 1572.54 2276.96 146.32
91.52 875.79 1.00 2 2025.61 2670.58 1164.37 2829.60
95.30 1865.13 1.00 2 648.70 982.64 440.04 2836.06
97.22 961.23 1.00 2 2728.47 2744.49 1816.36 2441.15
106.20 1510.02 1.00 2 1333.49 939.49 123.42 1842.76
111.36 1568.17 1.00 2 794.90 1487.39 2320.15 1123.00
114.11 2205.45 0.80 4 1345.48 659.52 839.82 1071.98 372.10 1339.50 1384.65 1284.02
114.32 4115.79 0.74 4 503.46 993.40 99.88 390.16 1337.11 901.99 167.09 2586.61
125.77 488.26 1.00 2 2206.84 2444.80 1754.74 2260.39
125.98 4398.89 0.76 6 1283.50 517.29 1542.49 2368.76 748.10 1940.48 1129.18 2492.76 1887.56 2281.77 1718.91 2276.22
134.70 1135.18 1.00 2 2013.32 40.44 2873.93 780.69
141.39 1169.34 1.00 2 1085.02 1264.25 235.99 2068.30
141.83 6891.32 0.68 6 154.47 2538.84 242.38 2890.12 2388.35 2853.27 1863.68 2724.56 644.68 1570.80 2797.03 1344.09
142.53 226.69 1.00 2 1758.50 50.33 1925.71 203.40
149.32 4166.05 0.82 4 2022.80 451.62 1265.04 1430.33 667.05 1319.23 2526.64 2706.53
160.88 7344.20 0.79 6 1267.13 60.01 877.59 1688.93 852.26 622.46 287.77 1474.18 2169.61 542.11 2896.65 1832.09
163.57 6878.53 0.79 6 2372.96 687.98 2474.47 2248.17 1682.97 216.30 1029.47 136.68 792.88 533.84 2494.32 1611.18
164.56 1127.96 1.00 2 541.44 2113.12 1489.14 2724.80
169.64 3382.01 0.80 4 1117.80 1071.21 871.51 790.17 1518.72 726.50 732.50 2949.57
173.02 5650.84 0.72 6 2242.07 646.90 1886.60 774.49 2241.63 2156.19 912.13 843.78 1526.01 1793.25 697.89 1611.65
178.37 6718.36 0.80 6 1221.61 1677.86 969.23 1052.38 65.21 238.40 155.31 1156.09 56.84 2519.70 2292.38 1317.82
181.90 2094.85 1.00 2 2154.99 2104.15 2074.97 10.83
184.85 4442.45 1.18 6 951.27 1413.55 178.18 1765.08 139.53 2553.32 623.09 2330.87 2366.30 1930.05 2215.42 2388.93
186.72 2536.08 1.00 2 1118.59 399.50 1212.35 2933.85
192.54 1126.90 1.00 2 25.99 1066.02 1121.66 802.61
202.69 4834.57 0.83 4 2401.47 1964.08 2861.49 2741.36 1268.00 738.01 2594.76 390.40
203.28 5963.81 0.68 6 1507.31 1002.85 1338.38 1379.09 82.49 2259.71 1762.30 2545.32 761.25 2477.48 720.08 1167.88
210.72 1835.92 1.00 2 1047.79 2852.60 2806.99 2327.46
211.33 966.27 1.00 2 2296.29 2197.02 2978.26 2881.55
213.21 960.45 1.00 2 195.09 774.60 1155.54 777.35
213.76 8188.16 0.76 6 1734.32 1803.25 1945.57 4.60 2578.96 442.29 252.18 2419.54 881.84 2761.98 2604.68 2124.34
216.24 911.91 1.00 2 308.39 1824.80 1109.93 1389.93
216.58 3628.78 0.68 4 2566.10 946.64 1869.43 1266.99 2514.53 2041.23 2743.88 201.26
216.70 4534.86 0.94 6 1205.38 229.50 1275.15 279.03 1533.37 2006.79 2190.50 1411.15 1928.51 1943.73 841.99 1384.67
220.59 5529.37 0.76 4 1234.85 2951.56 86.71 2998.62 1893.89 2746.26 2210.59 210.42
226.82 4740.83 0.83 4 1750.65 1199.69 1150.20 2656.31 1952.70 2345.92 2124.51 47.47
228.09 1604.34 1.00 2 2110.73 2946.09 519.15 2744.18
244.63 7731.72 0.61 6 1259.67 1425.96 67.58 2599.73 924.38 1335.46 75.07 2616.36 1263.75 1064.07 599.16 264.80
271.39 5869.43 1.04 6 2221.95 1018.75 907.34 384.61 846.08 50.06 783.45 897.70 563.93 1817.12 2691.57 2621.28
280.80 8040.07 0.63 6 1793.56 1703.09 2980.86 260.29 1507.15 2246.63 2206.79 2500.64 305.41 2660.19 1343.47 2787.45
292.61 5830.57 0.72 4 1094.04 503.36 983.61 2630.47 356.78 1651.13 2420.19 173.66
299.21 7560.31 0.67 6 164.39 201.70 1128.29 924.98 639.64 1772.34 2627.01 1595.80 922.58 2602.84 270.87 1361.35
308.14 6406.97 1.10 6 1732.01 910.77 227.93 512.43 990.88 2422.95 2658.58 2380.96 2993.88 2937.62 2518.51 2919.00
310.83 7241.29 0.95 6 2601.19 1490.70 2908.12 2756.02 2834.03 1255.22 907.34 611.36 229.06 2022.95 954.84 2444.14
326.71 8335.51 0.63 6 499.45 2166.02 676.98 1072.05 2045.88 2264.35 2349.27 1442.55 246.26 2747.33 1218.86 930.28
353.97 8398.71 0.71 6 331.81 1382.15 1614.11 2827.39 1597.48 2863.78 2273.70 533.44 291.30 661.02 275.10 2674.59
