42.90 245.10 1.00 2 554.25 2505.39 550.62 2750.46
82.78 338.85 1.00 2 2712.36 2329.89 2833.49 2646.35
114.56 4227.78 0.67 4 1639.10 2605.05 2278.42 2764.77 1351.73 2650.61 2418.67 241.16
116.07 2103.45 1.00 2 2533.33 1785.07 497.71 2314.94
124.13 4506.53 0.87 4 2771.55 1336.94 2055.75 2824.09 2335.60 2664.52 873.62 594.85
124.37 5018.44 0.91 6 540.55 1239.63 1648.78 286.97 2035.82 805.91 2883.24 1705.92 2937.89 798.42 2486.48 181.65
135.00 1149.88 1.00 2 480.16 2719.24 1151.79 1785.89
152.72 335.81 1.00 2 2124.59 763.12 2393.69 964.01
162.01 7500.45 0.74 6 2490.40 1953.75 2906.14 319.82 2511.45 1212.44 1470.29 1820.24 493.15 2338.31 1660.38 97.15
162.50 7824.81 0.95 6 630.17 1207.32 618.73 178.91 441.68 309.86 2511.88 1366.33 528.19 2831.08 2284.73 2507.75
163.17 5858.62 0.65 4 2224.30 2268.70 2642.93 1847.35 975.29 182.60 1838.24 2959.92
165.02 1750.81 1.00 2 2225.48 1599.14 805.74 2623.68
165.79 289.38 1.00 2 2880.11 824.81 2650.26 1000.63
167.02 8350.82 0.59 6 2645.51 1499.43 1309.00 230.92 2493.52 1580.91 1017.00 764.07 2113.39 82.86 441.49 542.78
169.48 3074.10 0.94 4 2854.14 353.71 594.26 1443.37 728.18 1489.24 926.97 1115.09
170.62 5731.11 0.73 6 1162.85 1044.19 1689.64 1287.71 1259.34 1185.40 143.27 2924.82 376.32 1291.34 993.38 514.94
197.20 9060.18 0.66 6 472.84 2649.12 527.16 310.70 621.99 2569.43 1115.85 866.85 1274.49 1735.75 537.51 88.76
198.13 406.63 1.00 2 1330.15 403.14 1195.51 786.83
202.58 7028.83 0.67 6 2589.04 1658.89 1764.34 794.32 70.18 2168.36 911.17 2931.69 2246.76 1759.15 1517.00 1638.39
204.50 825.13 1.00 2 1816.45 1965.37 1183.26 2494.43
211.10 2455.12 0.74 4 1510.37 2353.16 2488.63 1624.46 2205.72 1591.21 2917.98 961.92
212.93 8146.54 0.51 6 975.15 2096.64 381.66 2102.14 1622.75 261.02 656.95 1814.13 2973.92 1479.77 2684.42 353.62
214.33 6216.57 0.68 6 2153.74 2692.39 1512.88 1663.15 624.45 580.92 678.11 1214.46 1680.79 2085.43 2327.29 578.24
220.13 5306.37 0.73 4 2600.89 1922.75 1025.69 2957.95 1699.07 2705.06 293.37 397.32
220.36 9018.24 0.76 6 1130.21 671.63 479.73 835.91 2747.64 15.99 339.40 2425.02 1330.80 2936.66 666.88 1688.46
221.97 7198.32 0.67 6 714.59 97.72 103.78 675.51 577.29 618.87 777.14 1717.27 2696.26 1045.49 19.68 503.32
230.49 5624.53 0.92 6 1186.57 228.04 696.36 1202.35 822.21 955.51 687.24 1444.85 2832.46 2564.91 2003.34 1526.09
233.50 1774.87 1.00 2 2211.97 253.21 658.82 1112.21
245.98 7499.07 0.60 6 486.60 2549.41 1280.26 21.73 2239.86 1615.10 1182.34 489.63 1612.21 1040.46 1935.33 367.35
253.27 6063.28 0.54 4 811.45 573.16 2073.25 2580.18 2115.45 188.38 1063.88 953.39
254.82 8540.95 0.64 6 1072.56 122.21 2416.08 1032.16 2654.21 678.73 2428.76 2717.60 2920.28 340.57 1012.93 985.68
255.74 5086.92 0.84 6 626.91 703.43 1674.57 1062.87 171.48 1020.88 510.47 1768.70 1073.91 1852.53 2149.23 1996.54
257.49 4574.59 0.55 4 1311.73 2381.20 53.97 1523.75 404.93 2365.61 1193.70 375.99
262.91 6045.63 0.55 4 1398.41 2921.47 2579.91 459.98 1123.09 2223.75 280.27 1635.77
266.19 5909.66 0.71 6 2795.31 2373.65 2907.38 907.53 1294.27 1902.14 1772.10 2207.86 1628.19 1477.91 2488.54 594.82
311.01 10450.66 0.51 6 2494.96 2365.98 2639.11 172.60 1178.47 2723.02 2257.98 271.40 2340.23 2254.07 1835.19 1844.36
313.61 8880.69 0.59 6 812.72 2159.39 315.20 713.29 1324.85 2751.98 418.72 1745.66 2523.95 1552.27 1382.99 418.97
324.77 7438.71 0.56 6 1051.09 2264.95 2387.44 2801.48 2966.57 1341.67 1599.85 1058.01 1217.21 2270.80 1657.41 566.11
335.58 10579.12 0.51 6 2753.43 755.62 2103.66 2671.07 2299.36 79.35 308.66 2717.12 1277.17 1345.71 1713.25 475.02
335.72 7685.95 0.80 6 2281.44 2642.44 2837.29 2378.76 862.42 1720.19 1938.36 271.92 737.05 820.58 1782.06 2364.18
337.43 8371.38 0.54 6 1753.50 504.85 2340.42 2624.69 1756.81 506.32 915.43 650.12 2211.34 240.46 477.07 550.70
344.91 13845.29 0.53 6 904.06 8.37 2260.61 2539.46 30.69 2144.61 2244.55 2981.15 65.10 133.78 309.85 2879.49
393.17 10058.59 0.52 6 2493.13 1028.07 1083.92 582.62 1941.05 56.29 2517.43 2888.62 200.26 2507.86 694.80 224.61
