10.77 438.68 1.00 2 312.55 2319.78 111.38 1929.94
25.09 1254.55 1.00 2 1692.70 1123.57 1011.48 70.09
31.70 1084.81 1.00 2 1426.87 490.77 343.52 546.96
42.87 743.45 1.00 2 1624.42 2667.42 2367.86 2671.99
49.14 456.83 1.00 2 1225.06 2533.93 1250.87 2077.83
52.60 729.87 1.00 2 1509.81 972.13 2221.95 812.26
66.50 1625.13 1.00 2 237.45 2990.49 1264.17 1730.76
86.50 1225.23 1.00 2 2267.67 771.47 1312.64 3.93
94.95 3547.35 0.78 4 1957.10 1333.41 162.42 858.22 839.18 1362.09 1678.98 1472.99
99.67 183.61 1.00 2 161.13 2923.34 274.77 2779.12
102.25 1312.67 1.00 2 787.53 1669.93 1082.89 2948.94
105.02 351.25 1.00 2 1711.95 1.51 2028.86 152.99
118.48 923.95 1.00 2 318.41 1665.80 1086.36 2179.54
121.57 278.73 1.00 2 2244.50 763.21 2280.25 1039.65
125.91 895.61 1.00 2 516.45 2703.66 1412.00 2713.40
126.82 1240.95 1.00 2 35.46 144.20 1044.05 867.18
132.43 721.70 1.00 2 1150.73 2034.60 1846.59 2225.99
133.50 174.94 1.00 2 2254.78 2224.68 2314.34 2060.18
142.33 6516.62 0.73 6 221.66 1947.16 2453.69 1764.50 2221.90 472.65 2057.60 2264.73 1905.58 2517.24 2759.59 2349.59
148.92 4746.18 0.74 4 1301.93 426.84 1361.28 2763.84 1844.47 1500.37 1637.27 465.19
149.84 4591.81 0.68 4 1567.36 2386.70 439.88 1203.16 408.99 2389.95 2158.66 2122.33
152.87 6743.42 0.69 6 1828.20 337.42 1441.15 478.85 166.96 1677.68 2550.30 672.99 2758.93 126.37 2653.38 1532.72
154.39 7519.71 0.76 6 2748.02 71.27 2034.65 517.93 626.36 928.02 2163.91 2868.56 167.45 1752.06 99.49 1309.27
155.63 181.74 1.00 2 349.68 2074.42 170.26 2103.40
155.78 5389.03 1.06 6 751.83 1484.45 1324.56 2431.39 954.24 1404.31 2718.42 782.61 2097.22 817.75 2326.31 158.57
157.10 2154.93 1.00 2 1797.44 963.87 2601.20 2963.29
158.40 1120.22 1.00 2 2300.47 2425.00 1373.42 1796.14
158.80 1240.05 1.00 2 2301.37 14.40 1590.58 1030.52
160.30 1414.81 1.00 2 1341.87 1600.72 2230.63 2701.53
165.87 493.54 1.00 2 1231.08 1272.87 1535.04 1661.71
174.42 1021.22 1.00 2 1115.83 2078.94 212.46 1602.70
178.42 3421.13 0.84 4 2371.67 1420.11 1961.86 2580.29 1945.27 2023.32 1001.29 690.20
194.34 7616.87 0.77 6 58.36 1279.76 466.89 1882.88 530.65 1383.10 2490.94 795.81 2750.45 2997.97 1359.15 1397.33
195.00 6550.04 1.08 6 587.63 1478.07 99.83 1161.58 31.72 603.79 1936.42 2824.52 2151.71 1628.25 2069.92 2891.09
198.65 5432.30 0.83 6 2481.03 174.65 1643.92 1118.97 2098.16 1944.35 678.27 1273.95 1327.90 1137.92 881.01 249.71
199.79 2789.70 0.82 4 1202.30 849.72 766.48 992.10 135.40 1066.45 1694.81 1732.68
202.22 4111.07 0.69 4 2006.85 497.29 339.02 2335.68 843.84 1213.39 633.57 875.16
202.73 1836.39 1.00 2 2278.08 2654.25 443.39 2575.28
204.28 8713.94 0.67 6 2800.60 186.42 1980.70 2491.78 159.05 873.41 580.55 476.34 2241.87 77.38 1247.87 1257.26
205.23 2861.71 0.68 4 1310.19 547.97 436.07 1324.12 1121.66 730.46 1773.49 291.51
205.32 2365.77 1.00 2 2986.40 964.52 667.12 497.83
218.16 1007.83 1.00 2 207.81 832.90 346.64 1831.13
220.65 5832.46 0.85 4 1420.67 2058.23 2048.03 526.88 2790.87 688.93 245.73 2969.27
221.49 1374.54 0.68 4 1625.27 1383.07 988.17 773.95 1411.91 879.58 1355.76 884.73
221.61 2480.28 0.85 4 2478.70 2467.91 1452.81 2375.05 1551.12 2653.11 2593.39 2154.78
237.31 8365.49 0.68 6 1204.26 916.84 2514.34 1907.93 572.72 369.63 1415.85 2609.84 433.04 1747.90 522.60 2285.26
237.45 7672.27 0.87 6 355.50 3.52 1201.16 2616.67 1438.62 1946.59 1543.31 2171.79 308.32 511.65 2173.59 164.44
239.64 2781.94 1.00 2 2046.58 2960.00 2638.74 241.81
241.83 3291.43 0.82 4 422.72 192.71 2915.23 766.15 2276.09 845.75 2186.53 840.12
255.84 5892.16 0.69 6 139.28 1089.51 1548.63 236.52 1546.52 634.32 894.82 2170.76 818.61 1836.82 2458.46 1012.23
255.99 4399.43 0.69 4 794.09 1038.50 2797.28 25.96 2903.42 1486.02 2554.69 889.52
259.34 3666.85 0.76 4 1289.34 1374.03 2426.02 1032.41 1497.11 1606.01 432.17 2496.54
261.69 4084.47 0.83 4 915.14 14.76 1367.00 311.08 523.51 743.72 2163.17 2756.55
261.87 3593.65 0.89 4 542.79 1338.04 2758.45 1555.41 2828.22 1283.57 1855.98 1769.04
262.81 6940.67 0.73 6 2823.47 2360.71 2694.21 562.96 1837.83 689.31 2552.36 278.75 1375.76 2342.93 1332.42 1271.25
267.50 5374.94 0.76 6 728.29 2480.26 628.93 2456.20 1952.50 2079.54 1236.15 1500.24 1361.88 2083.34 2554.26 24.94
268.68 9533.89 0.75 6 2016.75 810.17 254.22 1811.79 785.07 59.16 2515.36 2375.41 2931.31 1669.10 1319.98 2792.89
