126.78 6339.24 0.64 6 778.06 2706.82 1873.26 2605.09 1133.19 830.29 1226.38 1880.51 498.38 879.38 1026.46 1756.94
138.30 4814.96 0.78 6 383.58 2390.46 1646.24 2624.36 347.04 1987.93 904.04 2019.19 504.16 1338.86 722.70 634.92
173.86 7792.95 0.66 6 1135.31 171.72 300.53 1370.76 2663.91 416.59 1068.09 990.77 2094.92 2175.66 1805.73 2607.02
187.88 8194.11 0.62 6 838.40 2097.79 1855.06 1976.63 563.80 2958.54 2445.16 1105.29 1425.60 1239.38 2872.64 2437.86
201.25 5862.48 0.88 6 370.39 2990.55 2486.06 1485.08 2197.97 2431.26 2119.57 1434.85 2112.42 1130.13 2101.22 157.70
201.57 9478.50 0.29 6 2960.69 2284.09 1011.09 1288.36 2998.34 2450.54 2796.39 1419.70 1112.36 2670.46 2822.97 1995.23
207.48 8874.13 0.54 6 49.89 1080.62 976.58 1332.92 1837.78 244.11 137.26 2422.67 1820.29 1200.50 1283.75 2794.45
210.41 7820.47 0.77 6 2692.53 369.29 2176.24 271.33 2795.34 2299.01 407.27 1603.63 2075.35 2615.82 1802.04 1931.96
214.22 6811.10 0.79 6 2828.67 2511.65 1804.40 437.61 2108.90 1796.64 1499.50 1367.35 1996.05 2403.88 926.67 2971.01
216.85 7342.61 0.70 6 5.04 185.65 2389.70 1559.25 1185.94 1614.88 1606.81 2541.36 1804.85 666.42 1381.81 434.10
222.56 7828.14 0.84 6 2221.74 2811.63 1103.21 2559.99 2939.55 958.93 2233.85 348.32 2862.21 1730.75 1095.07 2037.91
222.87 6743.47 0.44 6 2943.43 999.43 2596.30 537.06 2953.17 1977.75 2483.65 631.84 1462.51 1175.42 2545.55 2973.19
226.34 5016.94 1.05 6 825.65 1959.59 247.91 1467.66 69.08 1718.95 1101.97 360.00 2006.38 1529.25 1717.89 821.17
228.27 5613.52 0.74 6 157.42 2940.83 1958.39 1126.11 1975.56 2333.19 1950.29 1780.18 2075.38 2385.98 2594.69 1950.93
230.75 9137.57 0.67 6 2259.76 1979.24 2147.30 480.71 2298.93 661.13 268.30 1304.68 2786.90 2707.95 772.89 1428.91
231.03 11251.45 0.49 6 1433.69 2018.41 2255.40 21.68 290.53 1567.00 302.43 183.17 1747.34 2962.86 21.79 1808.95
232.49 4724.33 0.94 6 2438.60 59.24 2436.59 1465.69 2141.25 2370.20 1668.18 1609.25 1556.70 1754.16 372.27 2258.96
233.21 6860.69 0.51 6 1643.83 1012.23 2273.14 1173.19 2089.13 585.28 2033.70 2970.94 1583.53 849.12 2568.76 1181.32
234.37 1818.46 1.00 2 1430.59 382.72 28.49 1540.70
234.53 9926.46 0.31 6 2792.53 2960.61 2202.83 881.59 1560.16 1715.68 2571.30 2715.61 585.23 429.48 2570.41 1513.91
239.55 8977.42 0.32 6 1131.03 2152.33 1926.31 1685.70 670.65 347.07 2208.01 1144.95 2568.42 2425.34 263.04 267.42
264.55 8127.53 0.63 6 392.70 2256.80 2549.43 2128.76 412.68 2087.87 1741.15 2415.22 1372.60 491.08 873.24 434.47
273.21 7060.43 0.86 6 2236.08 2383.03 1933.79 1300.97 190.49 2726.64 543.29 1452.57 1714.27 298.32 2385.67 554.67
285.71 6885.35 0.76 6 386.45 618.69 1090.68 1633.28 0.26 901.80 483.63 1687.49 1269.15 2835.69 2838.64 1558.33
290.24 5512.23 0.88 6 373.86 329.97 1920.53 1088.46 2606.57 677.30 1645.11 197.88 1000.55 819.76 29.59 1131.47
304.79 7439.50 0.58 6 2348.41 1977.47 2085.30 1568.00 1614.63 629.52 1334.76 1731.21 2958.06 1056.35 297.03 2459.29
313.69 6084.49 0.86 6 1654.63 1822.40 2839.53 1168.69 2904.00 1595.05 2689.71 512.24 1035.52 2223.89 1783.85 2548.89
315.75 7387.34 0.89 6 1145.35 2710.98 762.54 1276.03 211.67 2198.02 1200.18 249.76 2083.55 1607.71 2986.08 2090.41
317.28 7763.81 0.70 6 711.30 564.22 2872.27 1806.43 385.48 1866.94 899.13 2497.88 648.12 1077.20 223.08 764.90
324.43 10821.52 0.45 6 654.41 2245.15 2177.87 1727.05 442.82 2851.19 2205.96 27.40 2034.95 2965.45 1281.33 2524.98
330.86 7243.16 0.65 6 2906.32 1135.90 527.19 2184.98 1468.86 1586.88 315.01 2776.91 919.65 2464.03 2101.37 2596.20
331.33 10866.59 0.43 6 2777.96 288.14 2909.18 1880.92 722.57 1465.88 2922.48 538.90 1211.98 101.98 2063.95 2863.67
367.32 9665.92 0.48 6 577.88 1116.43 1814.83 1259.06 1300.88 77.73 1971.95 2461.52 460.47 2977.35 1810.82 232.57
371.25 11362.44 0.55 6 2897.04 2692.81 539.81 1664.17 2554.35 105.02 541.99 1797.31 2401.54 369.14 2939.79 1518.44
