14.93 446.72 1.00 2 1222.53 2240.95 1516.97 1905.00
20.93 646.50 1.00 2 2649.82 2890.43 2739.15 2250.13
29.26 962.98 1.00 2 2303.89 531.10 1364.63 743.50
76.59 529.41 1.00 2 337.63 1386.13 866.93 1375.01
98.18 4908.79 1.02 6 2800.69 2573.38 2668.61 2646.04 2019.52 2648.29 531.93 1667.43 1504.80 2678.87 611.54 2443.67
118.95 1747.55 1.00 2 2310.52 1.63 2631.78 1719.40
119.26 263.19 1.00 2 692.78 2756.80 909.05 2906.79
124.53 426.28 1.00 2 394.58 1785.92 129.80 1451.84
124.58 328.98 1.00 2 1995.80 2864.08 1675.88 2787.38
129.77 2488.38 0.49 4 869.63 1805.49 537.42 1603.92 183.62 2519.60 757.99 1560.25
130.06 403.13 1.00 2 425.29 2334.36 350.49 2730.48
139.30 5765.13 0.54 6 2858.00 1446.84 1267.48 1887.45 1962.57 799.20 1156.93 1951.93 1110.70 1746.00 2310.97 1863.51
139.76 3587.87 1.64 6 2831.17 1030.09 2425.28 320.45 1601.11 795.66 1196.00 1744.57 1142.46 2329.22 948.11 2377.01
145.82 5890.83 0.80 6 18.82 2696.56 1401.27 1333.78 1509.50 332.01 1614.68 301.35 1229.25 1381.93 2909.81 1257.00
157.01 1850.68 1.00 2 2455.50 1122.68 902.65 115.86
163.45 5472.40 0.58 6 1425.54 2294.50 2991.05 188.79 1453.29 1687.31 1236.02 1770.80 1313.62 1856.21 1659.74 1785.87
165.39 7369.50 0.94 6 1524.31 2912.45 2211.52 2184.97 2124.74 2292.76 1047.98 560.50 189.90 1430.61 2822.92 59.35
175.24 8161.96 0.49 6 1656.45 2895.40 569.62 1991.47 676.83 1826.32 325.98 2919.44 2373.31 603.38 297.45 1621.69
178.40 7119.82 0.74 6 2559.69 1929.75 1982.22 534.59 2465.73 452.03 1623.05 896.73 2026.67 2972.03 1172.37 1105.92
187.56 7278.24 0.78 6 2860.02 1197.76 2609.63 1724.24 612.42 1850.23 1153.42 512.44 282.60 971.02 1779.53 2673.33
197.12 6856.15 0.51 6 920.98 2039.15 1853.42 1712.94 1527.18 2408.18 764.73 1055.83 1216.88 225.80 2405.95 2540.94
220.76 8637.92 0.52 6 487.52 978.45 1884.82 27.10 409.51 2584.96 1807.03 2013.49 1333.01 893.58 67.42 804.35
221.18 7358.86 0.83 6 500.00 1920.03 980.00 512.70 492.08 418.62 2418.61 2627.51 2507.08 2959.76 1376.04 1190.12
225.82 6991.01 0.62 6 569.86 1997.18 2000.27 1622.57 1421.18 2500.22 123.45 1447.40 710.88 1785.01 2230.54 317.96
229.51 4075.62 1.09 6 1899.92 1389.94 1608.22 1636.73 962.96 2025.32 471.16 2317.20 739.14 1039.52 1662.43 512.91
229.97 4998.72 0.79 6 1979.72 1318.73 1441.20 1166.39 977.04 1791.86 88.20 1496.71 1623.55 2054.20 1802.35 978.77
232.02 6101.14 0.49 4 1243.34 1928.22 2250.36 1283.18 104.76 339.00 2665.67 368.63
239.97 7098.28 0.65 6 1209.89 1776.52 1935.15 51.86 878.35 1673.87 2608.32 1789.32 2904.72 1072.31 2301.76 574.75
245.46 6072.96 0.59 6 1833.85 1308.56 1276.41 534.78 1826.97 995.36 1433.06 946.28 2816.82 542.40 646.36 1905.61
261.68 7884.04 0.56 6 1314.82 1624.09 1295.98 1708.45 2163.04 58.52 2534.01 2971.58 1507.96 1439.56 354.95 1416.31
268.62 3631.10 0.62 4 2608.07 1489.69 1136.70 487.76 2205.66 1328.08 2427.22 1766.55
283.54 4976.92 0.83 6 2383.21 1439.76 2481.63 1304.38 544.62 1335.51 1425.65 28.93 947.91 187.78 917.19 980.14
287.87 7293.30 0.64 6 2698.41 169.07 1975.24 2839.51 2151.39 1416.90 2223.07 1183.16 2791.55 203.97 2769.41 1920.28
289.96 6197.93 0.66 6 423.44 1315.08 2196.75 336.40 1069.22 900.84 1586.77 2230.05 2368.41 1383.73 2417.33 1713.23
293.24 10062.09 0.63 6 1042.90 2952.74 2880.39 2364.91 638.56 2038.97 709.69 448.13 2745.60 141.73 2160.61 2279.32
293.74 6687.23 0.54 6 1007.96 156.68 925.54 278.24 1414.85 2294.06 2555.04 141.49 1344.71 921.77 1915.89 1069.87
305.60 7580.13 0.48 6 1753.37 915.82 2138.41 937.88 983.08 1104.73 2043.80 1038.83 1218.24 2932.50 252.10 199.68
318.93 7346.38 0.66 6 598.32 868.15 1000.11 1464.99 374.44 653.32 2703.91 609.52 1602.95 666.74 249.44 2362.55
330.61 9730.51 0.79 6 289.17 2472.27 18.32 2491.31 2185.96 654.48 695.28 675.67 2908.35 862.41 498.67 2486.70
361.89 8594.44 0.54 6 1982.68 2779.75 2417.33 1535.57 322.14 1274.57 2186.82 1447.89 304.58 1693.58 1435.10 877.61
377.67 9983.64 0.61 6 2065.14 718.94 2941.21 1281.37 1604.84 525.25 1932.93 2755.33 112.30 1423.30 2740.83 204.95
