93.32 366.17 1.00 2 1027.10 927.92 672.93 834.95
94.12 506.03 1.00 2 526.16 2691.40 42.70 2840.84
111.74 5586.91 0.75 6 477.35 2332.57 1225.55 2253.84 958.21 1089.52 2203.38 1203.35 1254.54 1797.75 316.92 2654.27
143.35 5067.71 0.98 6 211.10 1251.27 362.95 2329.79 71.16 1442.42 780.09 2147.93 1941.27 1602.51 2178.10 878.89
149.73 7186.62 0.58 6 2880.72 2285.26 1176.52 2577.17 2478.42 1348.37 953.33 1606.88 1484.50 1391.74 2771.73 532.88
157.73 7286.71 0.33 6 865.22 1598.00 516.81 2721.84 2922.74 1230.88 1002.16 1392.06 1150.06 1959.31 1909.25 1856.63
161.00 649.79 1.00 2 808.15 2798.53 1415.95 2568.71
165.29 4664.67 0.93 6 439.58 877.00 84.01 634.99 778.26 2163.42 1152.68 1910.29 908.87 1752.70 2236.37 2988.35
176.90 7944.99 0.81 6 415.72 1859.76 2196.44 2836.47 1707.92 1415.74 2996.73 1798.70 975.06 749.82 272.90 1110.89
181.69 5784.27 0.58 6 663.06 1112.55 2834.38 474.91 1319.59 884.64 1088.17 873.65 1901.68 1425.85 2231.20 2085.25
186.88 8144.11 0.72 6 2228.90 2650.54 2590.31 2550.93 2623.95 525.63 1962.35 1656.17 484.14 1107.19 2811.42 2764.16
198.69 7534.46 0.55 6 1195.19 2466.95 2149.87 1534.68 372.17 437.95 2306.28 1090.12 1948.89 1285.77 787.50 2475.69
204.37 7218.43 0.51 6 1474.73 734.19 1334.02 2362.12 1783.28 2283.97 780.00 885.88 2098.69 1704.69 444.07 865.29
210.42 6621.16 0.71 6 1217.53 1855.38 467.63 2557.83 2596.23 1455.74 511.23 1032.64 942.89 1123.09 507.36 1575.71
234.54 6727.17 0.70 6 1700.11 743.92 2069.10 1952.42 1368.20 120.70 768.22 2218.31 735.26 2068.91 1827.41 1655.93
236.38 10318.86 0.65 6 968.17 878.95 1383.54 735.14 2390.26 2918.42 2683.34 621.02 1809.75 2969.14 1500.64 333.47
237.23 7461.32 0.62 6 2334.04 2367.82 1377.97 2738.11 2537.24 2349.26 1949.99 1069.50 2718.91 2519.93 1572.36 685.11
243.71 9485.73 0.55 6 2260.73 335.35 1019.50 2738.92 291.38 1926.11 506.86 1238.68 2386.66 630.25 222.21 2697.59
247.07 2453.42 1.00 2 96.25 1512.63 2394.83 2370.41
257.96 6797.77 0.85 6 1.49 2263.68 898.91 2601.78 1683.79 926.41 1804.06 1477.82 747.07 825.87 1320.13 2931.69
265.73 7686.31 0.40 6 2344.24 956.58 349.22 250.16 644.98 1461.69 1901.72 589.28 592.19 1627.11 1707.99 1745.14
266.59 11529.34 0.45 6 1812.02 993.78 1386.64 2887.42 2030.62 2601.19 2760.47 477.80 20.65 96.97 2986.60 2586.51
270.40 5420.16 0.83 6 977.06 1679.92 1508.83 2569.21 976.45 1439.05 598.36 644.94 320.50 729.41 2163.79 1409.62
274.69 6934.32 0.57 6 1615.77 547.97 639.65 1505.34 308.75 900.18 2336.38 2288.56 960.05 1591.20 1828.58 1713.03
274.90 6244.99 0.36 6 910.85 434.96 2235.64 1349.12 1251.37 2286.67 1001.17 1061.80 1275.89 1180.63 1212.24 2906.04
276.12 7306.20 0.66 6 2837.09 1462.74 1411.52 489.39 913.92 2775.89 957.62 2923.06 196.68 1296.04 1329.60 1913.65
290.09 9204.60 0.58 6 274.08 570.04 2709.40 1567.67 1757.03 1743.81 2492.08 191.01 182.60 682.76 1392.81 1610.80
292.55 7527.53 0.75 6 463.79 469.16 2557.07 1830.37 2943.46 1960.47 2299.19 2357.43 471.40 2870.12 2366.25 2339.26
294.82 8841.23 0.60 6 2583.42 334.57 584.40 2417.30 529.60 1521.88 2659.55 2332.19 1843.24 1368.76 1542.60 2854.31
301.53 10376.57 0.57 6 607.59 1992.73 988.55 201.59 2223.77 2617.85 1195.47 296.52 1659.85 1604.26 2911.31 167.92
304.13 7406.37 0.50 6 1060.84 2416.11 58.44 2113.02 884.39 1120.43 2924.96 2301.15 625.83 2150.02 965.54 2372.76
319.98 6399.06 0.93 6 2242.95 69.41 1188.92 1459.07 2738.95 1536.79 357.57 1232.34 144.09 1585.19 48.60 1311.62
325.92 7895.84 0.63 6 2913.40 138.00 2726.66 1461.12 1125.06 304.32 1978.25 2063.40 840.43 1820.11 1918.89 828.14
331.15 7857.31 0.41 6 1108.35 2770.82 2249.48 973.64 455.32 451.26 333.09 402.85 2325.73 1241.33 896.57 599.98
365.20 8960.01 0.60 6 941.88 2560.30 2653.76 552.42 999.04 2033.01 2715.31 1337.52 1404.98 1382.41 2112.18 766.07
383.26 10163.03 0.55 6 264.02 735.68 782.16 1593.08 2316.30 204.01 1718.20 2288.36 874.26 65.56 2357.70 2134.21
