74.04 402.17 1.00 2 2039.71 2627.93 1662.47 2488.55
81.43 671.70 1.00 2 2757.45 1505.62 2128.06 1271.01
113.00 4150.02 0.73 6 1000.40 2406.42 1255.98 1491.31 2464.21 1153.88 1961.86 737.72 1601.31 1597.42 1742.89 1265.52
169.54 8176.78 0.90 6 330.41 305.21 1847.09 355.05 2686.76 1813.52 2867.55 1071.92 2769.96 2759.62 534.20 1591.44
185.29 9264.26 0.58 6 2736.50 72.00 1966.09 677.65 2652.67 2468.35 1281.41 442.13 2636.97 1154.23 337.23 508.68
198.28 3113.80 0.68 4 1861.84 1931.60 2463.71 23.83 2223.13 734.45 2559.18 871.98
200.32 7615.96 0.61 6 413.40 2886.16 79.04 2894.74 90.56 1095.73 2111.89 1132.38 1115.05 2104.21 236.98 231.20
203.81 8990.32 0.55 6 1733.53 2878.76 2984.32 545.62 1271.50 2080.26 835.43 271.34 1155.05 957.95 1241.83 2380.50
205.07 9353.49 0.70 6 2133.92 229.11 445.93 1967.56 2164.03 2356.64 6.54 2799.28 960.77 1171.80 1435.30 201.94
206.58 9729.02 0.41 6 1798.83 2038.30 904.69 2452.69 2748.70 1985.20 450.66 2001.82 1045.16 311.77 2798.65 2432.16
209.22 7861.16 0.77 6 1988.24 221.31 1707.55 2441.13 2230.67 2244.32 2512.31 2611.43 449.15 547.27 2095.69 898.52
230.85 8542.64 0.68 6 1234.57 1012.01 860.31 467.66 2253.40 1509.89 2344.19 2085.74 2643.47 96.36 32.60 2498.04
238.14 8106.97 0.56 6 2449.68 1405.31 2481.76 494.47 584.19 325.20 939.57 1925.67 2410.02 1939.94 233.43 1809.57
247.53 7076.59 0.55 6 483.14 2891.00 1954.18 2790.68 1017.06 1080.95 1548.90 2186.16 1024.25 2356.06 2567.86 1292.70
249.72 10485.95 0.62 6 1675.12 2872.85 884.09 432.42 2738.86 727.49 2762.71 178.73 2559.94 2915.46 2483.47 167.60
251.38 10769.06 0.40 6 1733.63 2080.50 705.58 8.60 1048.04 2546.25 2244.85 2109.28 2981.72 51.46 2600.32 2457.03
255.83 6291.33 0.96 6 2571.00 2751.42 2534.51 2856.13 1517.83 788.48 386.95 1100.20 1121.05 2046.60 2626.61 2047.67
256.00 9299.82 0.40 6 470.40 2919.37 375.40 635.59 551.08 2237.99 1564.50 2933.78 1857.13 656.72 1677.88 2525.14
256.27 7813.40 0.54 6 1759.07 2556.08 1389.32 2655.61 2653.21 2422.43 870.36 454.61 279.87 2155.39 1962.66 2306.48
261.67 8983.50 0.72 6 2539.83 84.15 195.96 1791.33 1655.07 1915.17 846.62 1624.70 2269.56 927.36 97.10 807.50
271.28 7364.16 0.68 6 2315.82 773.83 2629.97 1950.88 1706.20 118.78 1419.78 768.08 421.34 371.90 2577.01 1202.82
272.57 7728.61 0.79 6 1641.41 2906.84 282.34 941.16 840.35 1089.98 2344.34 261.50 2802.17 484.42 267.69 537.56
275.54 9076.92 0.42 6 2255.53 2177.06 292.14 1221.86 2422.48 450.56 2921.55 2107.97 2224.35 303.01 1761.53 1146.34
281.26 8462.94 0.65 6 2672.04 2322.53 1831.16 224.99 1492.57 2414.18 1162.90 626.46 457.20 1883.37 427.87 2611.37
284.23 9811.61 0.46 6 2929.99 1694.39 137.04 943.74 1069.95 847.21 1691.22 2370.68 2830.53 25.44 1194.41 584.65
289.08 6254.03 0.37 6 2008.93 778.34 2704.93 1026.06 1047.83 1257.30 2491.65 277.32 2259.53 493.60 1426.50 2066.49
296.50 7224.91 0.57 6 467.22 1409.90 93.97 1803.23 1084.48 1290.33 1920.65 960.56 1140.85 2809.38 1420.23 162.23
296.90 5945.20 0.80 6 949.55 451.52 1562.08 11.03 498.30 1132.67 1375.98 442.46 1351.68 2497.53 1044.26 2857.13
301.67 8083.31 0.55 6 474.62 1197.84 1386.84 280.51 2700.38 1394.56 218.94 1164.67 1397.63 1927.45 257.47 2195.33
310.86 8243.10 0.74 6 2752.38 2767.47 986.16 951.85 2106.87 1428.66 2304.65 598.41 2989.31 1458.89 835.13 114.85
319.33 7466.46 0.62 6 482.07 2090.07 1167.41 29.79 233.43 2003.89 1064.08 2078.70 2349.22 1791.39 1849.54 971.20
337.04 7552.02 0.72 6 655.87 2937.10 2915.23 1730.51 2097.95 1946.74 1260.53 1638.26 43.11 2441.34 1367.99 1231.16
337.20 7260.12 0.45 6 48.57 2689.96 1056.63 1627.40 340.14 527.44 1506.26 2603.27 1569.51 2295.24 1285.15 530.69
358.17 9108.69 0.51 6 2959.10 2816.91 2592.90 340.82 377.15 1347.99 2228.51 2210.16 2909.93 1219.16 2908.37 292.34
376.38 10919.03 0.54 6 2604.06 2857.94 1907.06 250.77 895.01 2136.62 2051.01 809.54 207.78 1215.21 2613.87 1574.33
