22.15 407.28 1.00 2 1723.08 2924.17 1831.26 2531.52
55.15 2157.40 1.00 2 1687.37 2094.04 2846.37 274.40
55.47 273.35 1.00 2 2643.93 725.87 2614.07 454.15
63.11 355.46 1.00 2 2969.18 2989.37 2672.99 2792.85
83.28 263.90 1.00 2 2824.21 284.26 2958.84 57.29
119.08 454.00 1.00 2 2872.18 1866.12 2909.50 2318.58
135.01 5350.36 0.58 6 1512.54 2355.62 879.11 2432.18 1404.98 1779.29 1685.32 981.69 422.55 1702.46 1719.25 2595.61
146.01 5000.63 0.55 4 549.53 1404.82 2351.01 2185.12 890.31 2912.46 1313.55 1572.05
167.55 8377.28 0.67 6 488.87 1679.97 2362.64 15.17 2835.96 2450.48 984.30 2163.36 266.88 1560.51 548.30 2066.54
177.27 6263.47 0.48 6 1589.82 1216.89 116.75 1287.80 1510.14 1641.49 819.03 1637.01 581.27 1643.86 2903.02 953.76
181.58 378.98 1.00 2 2013.11 2646.92 2392.02 2654.23
182.89 5844.74 0.63 6 150.36 1080.32 1092.67 1191.20 2473.96 1782.20 1859.62 1057.32 617.97 548.32 1622.53 999.92
183.55 7477.43 0.82 6 1236.38 394.52 2297.97 1240.26 2379.09 1544.01 771.27 2869.65 2198.11 2878.01 423.75 1422.40
204.58 9928.91 0.45 6 2151.23 721.11 1168.46 2801.88 1119.42 1444.41 408.75 1259.06 2772.59 2384.52 176.75 1054.30
210.92 845.83 1.00 2 244.66 1765.62 938.84 2248.87
216.53 4326.48 1.25 6 2742.02 2472.74 2151.39 1432.50 724.91 1436.95 176.37 1640.21 132.27 2086.36 801.17 2040.65
220.56 2427.96 1.00 2 502.46 139.28 2859.75 720.81
223.82 9190.88 0.53 6 2414.32 2432.81 2176.06 212.17 1055.39 1684.44 247.93 2705.09 773.45 136.21 1832.32 665.34
228.91 7045.34 0.82 6 1.95 248.08 178.56 473.73 2158.42 549.28 405.70 1313.21 1253.04 2437.37 2635.52 2899.84
229.87 10393.37 0.66 6 1708.54 598.83 1290.56 941.73 769.28 2101.98 98.48 212.64 44.12 2870.94 2963.92 259.87
239.98 11199.18 0.53 6 2657.73 327.62 557.79 242.61 682.24 2450.82 2448.84 258.52 2640.34 2231.60 2381.84 159.72
243.52 7275.93 0.66 6 1964.03 2059.18 1852.91 95.97 1476.94 2294.95 778.89 1901.15 847.56 2867.58 2112.55 2533.57
244.80 8640.02 0.56 6 2296.98 321.42 2191.86 1998.25 299.19 250.00 1480.15 2099.51 1800.27 2668.45 300.35 2336.73
245.26 9263.22 0.53 6 683.55 2763.41 2549.43 1217.68 1001.98 1336.55 2393.38 1891.87 413.70 142.30 1333.00 830.10
246.11 6405.57 0.65 6 1628.28 1880.58 2971.46 1010.43 2879.53 1077.52 2729.57 2866.24 1846.12 2675.72 2279.90 730.89
248.96 7248.25 0.78 6 1391.09 1652.23 1769.66 1098.47 2252.99 197.29 2792.25 2124.89 84.15 691.80 29.17 1178.01
250.38 6918.94 1.00 6 36.61 2070.09 1044.63 2813.06 1519.45 2096.19 1736.93 9.01 2634.86 1285.22 2280.95 193.23
285.79 10289.41 0.60 6 985.60 884.80 161.95 2108.09 2151.26 1112.85 2827.29 2045.93 504.57 71.38 701.42 2452.72
298.82 5140.85 0.85 4 2070.80 1411.34 1668.04 133.37 2111.93 282.59 151.03 2977.25
300.20 8209.87 0.59 6 2149.97 2869.25 866.93 1743.16 2544.20 471.53 1986.64 1710.83 2889.54 1124.91 984.28 653.90
300.22 5610.83 0.50 6 2357.03 1566.76 2059.19 1696.63 1509.40 634.31 2729.58 2168.37 1301.20 2318.41 1114.29 1650.71
306.95 7947.42 0.63 6 317.30 1611.72 560.31 2841.07 2367.83 923.15 551.31 183.44 2107.37 448.35 2568.03 209.23
319.30 8965.06 0.61 6 675.08 8.34 1898.65 2485.33 1138.45 765.31 1472.33 1130.93 218.64 637.55 2696.53 550.93
320.52 7225.82 0.44 6 424.40 1110.13 1385.83 1390.10 3.29 1334.75 1561.98 233.21 73.99 1787.51 272.50 1032.76
322.45 9922.32 0.49 6 1121.40 1701.25 211.99 177.97 1732.83 1932.38 439.52 1084.04 2891.26 1708.18 1193.35 1285.42
327.15 7257.41 0.77 6 486.31 2141.08 1294.35 2872.31 2176.67 512.75 1652.19 542.80 296.92 2385.79 1057.71 2731.16
328.96 12148.23 0.51 6 2796.50 2095.90 941.24 2381.66 2756.92 236.82 249.47 531.38 1697.67 2615.77 332.98 643.80
361.97 9798.41 0.47 6 1369.62 2262.71 2946.06 1353.44 263.18 1780.26 2988.07 1669.45 2571.63 2582.11 1780.79 1270.49
367.07 10353.70 0.62 6 728.93 454.40 1177.75 659.83 844.77 2035.01 2708.56 265.16 408.24 2782.56 2873.06 2770.59
369.32 10765.94 0.54 6 2211.69 95.84 1265.26 2030.30 2292.92 1623.04 119.50 2685.09 1068.51 16.86 2740.57 1531.31
