25.68 1084.01 1.00 2 1277.36 1733.79 446.11 2429.57
38.77 1338.66 1.00 2 962.81 1179.94 397.81 2393.53
41.07 153.60 1.00 2 903.80 905.43 957.79 1049.23
46.51 525.54 1.00 2 236.63 901.97 222.49 376.62
51.98 1299.01 1.00 2 1737.03 248.11 1934.37 1532.05
53.56 1777.79 1.00 2 2026.61 2326.66 2868.31 760.74
56.32 716.13 1.00 2 1055.16 2571.15 422.17 2906.07
58.14 2206.90 1.15 4 2171.09 1432.32 994.45 1270.58 696.43 988.27 514.99 407.25
58.50 1225.03 1.00 2 2078.17 1484.85 1447.55 2535.10
67.63 381.27 1.00 2 1460.35 2246.02 1421.83 1866.70
74.04 1702.16 1.00 2 1508.71 2087.00 206.13 991.28
91.11 1255.55 1.00 2 2631.87 1844.86 1833.89 2814.20
92.36 1718.11 1.00 2 181.33 2150.56 46.92 437.72
98.24 1111.94 1.00 2 898.70 1108.29 159.63 277.53
98.71 335.67 1.00 2 2739.21 2754.98 2404.31 2777.75
99.47 673.34 1.00 2 1168.16 2127.59 508.85 1990.83
104.71 835.43 1.00 2 1708.85 11.90 2509.60 250.08
107.17 1458.59 1.00 2 2933.04 1236.11 2524.69 2636.37
110.56 5227.99 1.02 6 335.81 267.14 567.45 1108.68 228.91 2293.97 1260.69 1755.80 2034.73 638.66 1435.17 650.25
111.28 1063.98 1.00 2 1334.47 1999.22 687.22 1154.76
112.01 5600.47 0.83 4 2255.18 532.33 240.76 600.44 433.79 108.29 2091.08 2676.18
113.27 1563.57 1.00 2 970.00 1248.68 488.00 2736.10
113.80 1990.07 1.00 2 302.24 974.85 1498.45 2565.27
118.70 3335.15 1.00 4 2372.97 2929.44 2768.22 1929.65 2419.76 1611.32 817.76 2405.60
120.34 3816.88 1.27 6 473.76 1856.70 564.29 1774.57 1057.02 1253.12 1546.71 2199.22 2563.93 1352.12 2646.18 769.75
121.20 2060.11 1.00 2 484.11 562.13 2496.51 1002.97
124.02 5201.02 0.82 6 1512.54 341.21 2563.48 1767.70 1356.17 1711.76 1675.59 1209.69 871.15 1105.17 495.61 382.60
124.82 440.85 1.00 2 2714.37 2089.93 2637.81 1655.78
129.59 1279.53 1.00 2 2737.89 496.37 1899.32 1462.81
134.93 2546.36 1.00 2 2884.54 2491.59 1025.05 751.98
135.27 5363.48 1.00 6 1006.94 2798.11 830.71 2163.66 2274.11 1945.12 2379.65 1702.97 2531.98 1120.57 948.80 2896.31
135.49 1874.70 1.00 2 1576.47 2955.85 154.41 1734.27
138.99 3849.70 0.84 4 1046.42 2524.48 4.19 2552.40 450.76 2762.47 2399.09 1514.79
143.41 4670.59 0.85 4 598.40 301.26 973.54 1199.21 1607.52 2669.74 2277.05 683.49
160.43 1121.51 1.00 2 1857.84 1518.27 908.18 921.67
161.60 1080.04 1.00 2 1854.81 1509.59 2881.07 1173.01
164.78 1138.97 1.00 2 1091.96 891.88 222.31 1627.39
166.08 4904.02 1.20 6 1924.50 642.38 1882.97 736.26 630.41 920.06 466.87 2542.57 1344.89 2859.73 1508.39 1902.48
167.75 687.47 1.00 2 295.12 184.91 943.94 412.18
170.18 2608.83 0.77 4 1317.73 1837.87 1646.41 1697.46 2000.95 2181.08 2111.67 533.04
175.15 157.43 1.00 2 2318.27 1857.24 2195.22 1955.44
190.96 1448.05 1.00 2 2630.22 2763.41 1183.61 2828.01
194.69 4734.73 0.76 4 2321.37 325.07 779.28 2287.63 569.66 400.38 256.22 531.96
203.66 2682.76 1.00 2 1730.14 2988.43 2899.99 574.17
207.15 4757.40 0.89 4 1304.25 1078.97 1021.63 2821.12 2410.86 421.44 2400.37 202.01
207.42 2571.08 1.00 2 307.02 1207.93 2633.47 2302.51
207.69 2784.64 1.00 2 448.60 341.04 1963.89 2677.29
211.84 5892.23 0.83 4 2499.60 777.56 151.91 152.17 2055.54 2162.23 2374.23 2779.01
218.53 1126.39 1.00 2 533.65 2994.27 1303.21 2171.75
220.93 2546.69 1.00 2 2399.52 2440.63 1422.26 88.91
221.63 4981.71 1.42 6 2408.98 1777.95 2588.36 1929.38 1711.29 2731.47 510.55 2443.32 307.93 849.42 811.00 338.71
223.82 1291.01 1.00 2 2260.32 2139.93 1742.79 957.19
224.53 2526.32 0.82 4 1903.44 1983.34 1919.38 2729.79 1770.13 1605.79 1279.82 1185.42
230.83 6241.71 0.77 6 1198.08 1148.91 1308.37 1993.37 2722.05 809.44 124.82 1822.12 257.68 2195.80 575.23 2022.33
247.91 4495.33 1.17 4 2661.63 707.47 2145.80 37.11 549.09 752.12 376.15 2644.22
250.06 6002.95 0.74 4 2884.43 2080.10 91.59 1350.67 1190.31 1731.74 2670.09 456.44
251.27 3263.65 1.05 4 1111.11 219.13 2262.98 2144.05 2063.77 2443.13 1479.14 2751.68
267.07 6953.68 0.96 6 330.48 20.52 568.68 362.99 461.51 2717.29 252.27 2446.70 2564.16 1236.56 2486.55 2462.37
279.38 6768.88 0.84 6 1390.05 2818.49 1156.76 2660.75 305.34 1249.03 1799.57 741.88 980.85 1820.01 2869.78 2081.55
281.99 4999.62 0.78 4 1950.87 535.43 61.39 2497.68 876.34 2064.45 2096.87 2647.41
299.54 6076.87 0.83 4 1409.30 155.43 2595.48 1460.38 1617.24 2629.54 402.28 119.15
309.75 7287.62 0.83 6 1429.84 245.02 30.08 418.31 2272.72 759.41 728.09 2341.08 740.69 2505.10 725.22 1271.74
323.00 6650.09 1.00 6 850.97 1385.86 548.54 1039.07 2432.47 2966.36 2923.88 1034.00 2656.09 1310.60 1777.83 622.10
