117.89 5894.66 0.21 4 2352.94 1306.06 708.46 1987.84 2361.98 1633.58 233.68 2792.59
146.51 5925.39 0.60 6 2583.74 2597.04 1182.80 954.38 1635.36 1987.46 705.72 2106.67 1148.37 1144.70 1424.61 564.68
150.32 5216.03 0.76 6 1065.92 557.37 2540.41 710.25 1638.50 1100.91 1813.72 1733.82 1505.19 1232.51 2934.70 1704.45
150.73 5536.70 0.68 6 2970.65 253.99 1368.09 2366.79 539.39 1528.24 1926.73 1247.57 1813.29 1277.11 1656.15 1350.14
184.80 8540.20 0.41 6 0.55 440.18 949.79 1710.83 2830.00 1304.18 447.65 1593.77 2739.61 913.65 2947.74 1032.79
188.77 8938.41 0.33 6 1136.73 1482.89 2451.10 2661.78 1169.95 1733.79 1980.49 271.60 2709.77 1908.40 587.00 2044.55
189.13 6556.47 1.07 6 265.34 1417.35 234.25 1901.06 158.32 1030.64 2225.06 2881.23 2394.29 937.50 2335.58 1406.61
190.49 8424.70 0.77 6 267.86 24.36 382.67 882.55 159.38 2110.06 2959.26 1212.59 1107.67 1646.66 2462.26 1077.73
192.35 9417.32 0.45 6 1722.56 1459.89 1665.26 2466.07 208.82 326.23 1776.49 1388.73 528.52 2867.65 2442.20 2314.03
200.27 6813.35 0.67 6 1537.99 1407.70 2881.74 2394.67 2768.59 2248.28 2201.44 1263.05 867.63 105.98 2180.92 1691.12
228.14 7007.08 0.55 6 1320.56 1912.72 1035.23 1926.78 502.80 1196.23 632.57 2203.08 2266.45 347.98 904.10 2238.45
232.51 4525.52 1.29 6 446.56 1921.01 799.31 2100.17 1546.15 2819.73 2798.68 1993.82 2713.85 1723.92 1472.04 1308.17
235.56 7977.89 0.55 6 397.62 842.92 334.65 523.84 1339.96 2423.52 2573.58 42.61 1775.31 453.41 783.76 2102.32
252.55 8527.72 0.79 6 1454.76 2398.12 253.20 435.21 1487.84 2980.76 2586.04 1028.54 2801.83 462.45 2311.10 713.84
254.74 6236.81 0.90 6 2331.32 1148.40 2866.82 793.99 2785.76 1830.91 997.96 180.18 1321.72 1475.17 535.33 1476.17
255.46 10172.93 0.68 6 2114.65 339.49 426.26 2193.88 2336.61 1394.81 1444.60 2071.49 2950.74 2951.01 234.70 2669.75
257.68 7584.00 0.59 6 1173.46 2319.45 1766.17 584.78 539.75 1642.84 2247.27 2202.94 1012.22 2070.83 2018.41 2495.07
258.81 9440.40 0.60 6 184.25 1419.48 2971.09 2426.69 247.53 1516.79 507.24 154.86 1872.95 860.45 2554.34 833.55
265.90 11595.00 0.65 6 1153.79 2773.45 2992.37 2010.20 47.12 2164.02 2519.89 462.80 402.83 215.24 1460.10 1310.21
272.54 8627.11 0.53 6 2048.63 123.05 2868.55 1295.36 1004.90 801.26 2753.14 1912.27 2754.13 2575.07 294.83 1963.03
280.29 8414.68 0.43 6 35.88 293.10 658.25 849.89 275.82 2815.52 311.72 1337.83 579.24 71.10 1969.82 2506.38
283.42 7970.81 0.81 6 760.01 1400.87 2768.09 829.15 2309.64 970.21 2808.55 1916.34 1280.95 2710.17 485.90 221.99
286.20 6309.90 1.03 6 1152.49 573.01 1891.85 1077.78 2205.97 419.83 2087.65 2689.38 254.59 1898.37 579.28 2159.22
294.46 7323.13 0.62 6 2532.15 2342.81 9.92 2862.47 1701.73 2805.13 2356.15 1620.39 2453.93 1446.20 1076.75 2045.51
300.71 10335.33 0.41 6 2257.28 1597.56 1423.77 435.45 2781.67 1346.46 1139.40 2116.82 2610.83 35.59 2035.48 2885.29
317.07 8153.51 0.85 6 1201.84 1896.82 1603.88 2882.78 2299.52 1943.38 2876.47 272.00 241.37 1378.92 529.85 117.99
319.51 10075.41 0.53 6 2851.47 1914.25 2569.32 389.72 1698.21 2901.50 2124.23 359.93 1969.18 2699.69 2688.00 2086.96
332.56 8027.79 0.96 6 128.44 354.56 1375.11 2034.23 1738.04 2774.45 2421.31 2001.95 2622.77 446.86 110.63 424.77
336.95 10047.53 0.55 6 431.62 2306.12 2737.83 2146.20 1714.03 751.79 655.16 1930.01 309.86 218.76 1337.65 2689.54
349.93 7696.68 0.41 4 1660.22 1315.98 299.90 2542.10 2777.03 122.10 1837.32 2332.98
366.11 9405.57 0.53 6 1961.49 1413.66 2103.89 391.61 922.01 2381.09 2754.06 137.41 516.75 149.87 1368.55 512.07
367.23 8861.66 0.67 6 2927.56 1727.90 2379.31 2292.68 362.24 423.71 411.99 2509.28 1779.26 1006.51 1245.46 2088.89
370.84 9341.80 0.47 6 1773.13 2453.40 2397.53 661.72 2434.56 2946.58 318.99 1491.43 2413.36 1278.63 2035.19 972.70
395.37 11468.29 0.59 6 1778.84 1467.70 923.19 1601.82 2987.50 111.13 188.98 1621.66 2502.75 1347.92 168.16 2363.34
