18.41 320.57 1.00 2 2559.93 1026.20 2862.40 1132.43
35.27 1063.66 1.00 2 1071.24 896.39 1852.44 174.52
36.74 836.87 1.00 2 333.12 2705.23 419.13 1872.79
42.74 1937.13 1.00 2 2754.09 261.49 1413.68 1659.98
46.58 1829.03 1.00 2 1239.59 2818.63 2349.37 1364.76
47.59 579.47 1.00 2 2239.05 890.86 2444.90 1432.54
49.63 2481.72 0.92 4 1587.42 904.09 1289.66 1994.91 1258.92 2413.02 2030.95 1891.38
52.38 919.01 1.00 2 1320.05 2151.90 959.48 2997.22
54.83 1941.30 1.00 2 750.58 2888.22 332.48 992.47
55.39 1469.26 1.00 2 1958.40 2636.33 617.32 2036.14
60.07 2103.70 1.00 2 2582.60 750.35 1074.68 2217.24
77.84 991.80 1.00 2 2855.10 1152.28 2175.69 1874.82
79.29 2364.48 1.00 2 52.09 415.84 2386.93 42.62
79.78 789.24 1.00 2 754.26 964.29 714.77 1752.54
84.00 1999.89 0.92 4 747.74 522.79 981.57 1433.96 845.62 1310.35 506.62 503.19
90.66 1233.06 1.00 2 90.52 217.65 1111.20 909.48
96.33 316.72 1.00 2 1762.22 382.51 2055.69 263.41
97.23 2161.55 0.80 4 1678.02 2682.04 2154.97 2861.15 1775.22 2671.02 900.47 1810.05
105.19 4159.56 0.81 4 1722.59 1114.39 1854.81 2253.32 705.12 147.95 576.42 748.47
105.59 1479.57 1.00 2 1127.25 2816.66 2245.83 1848.20
106.27 3913.72 0.87 4 2950.19 933.98 2240.14 85.48 1964.48 944.70 68.51 1129.55
108.42 1221.05 1.00 2 1450.67 2133.26 2485.97 1485.86
111.36 3167.85 1.00 2 100.73 686.67 2392.82 2873.35
113.28 764.10 1.00 2 1198.84 2061.80 1506.37 2761.28
114.44 5422.25 0.80 4 144.84 475.04 720.89 1246.51 2725.51 94.25 2174.60 2169.61
116.66 1133.14 1.00 2 1035.93 1942.79 2152.67 2134.89
118.64 3431.85 0.80 4 1521.74 618.74 1122.72 542.21 1386.29 334.97 793.40 2959.09
120.25 1612.59 1.00 2 1240.82 664.68 894.22 2239.58
124.63 1931.28 1.00 2 809.55 2551.85 128.68 744.57
127.25 1762.62 1.00 2 2655.73 1050.15 970.84 532.46
133.78 3089.23 0.86 4 2362.39 1506.32 2062.48 2293.50 1409.78 1464.20 374.81 2054.57
134.62 1231.21 1.00 2 716.95 752.65 1917.68 1024.91
135.01 1950.39 1.00 2 1999.92 603.66 376.51 1684.65
137.24 961.80 1.00 2 1532.28 1119.58 1820.97 202.13
147.40 4370.09 0.88 4 201.66 2120.61 2449.50 1970.43 1751.93 940.70 879.62 895.58
149.30 5565.11 1.33 6 471.56 2797.64 856.95 2952.21 407.43 2091.79 2713.41 1260.20 2204.28 764.93 2505.84 1736.70
150.98 449.23 1.00 2 1712.00 1507.23 1275.74 1400.07
150.99 1949.59 0.99 4 2647.82 940.75 2719.54 657.25 2086.81 349.70 1761.04 1245.98
154.07 1203.55 1.00 2 673.40 1042.51 1483.98 152.85
157.95 497.50 1.00 2 577.94 1239.68 1044.89 1411.35
161.23 3061.57 0.85 4 2878.42 2040.17 1563.21 1524.27 1268.71 2653.54 1042.58 2228.15
161.42 571.19 1.00 2 1923.52 1058.36 1364.32 1174.78
163.34 567.12 1.00 2 2194.23 498.60 1823.96 928.16
164.44 921.78 1.00 2 678.67 1164.92 1260.18 449.72
164.66 233.19 1.00 2 2128.34 913.82 2084.29 1142.81
168.92 346.23 1.00 2 2244.45 974.63 2050.53 687.80
169.39 1869.55 1.00 2 2125.86 1166.04 2625.16 2967.69
170.37 5118.38 0.80 4 468.63 2628.14 1486.55 1096.43 2561.44 1578.96 766.94 2671.74
171.24 762.14 1.00 2 2129.81 651.26 2233.48 1406.32
173.19 1659.71 1.00 2 1463.57 611.40 323.76 1817.82
175.96 297.96 1.00 2 2159.62 988.55 1998.59 1239.24
178.85 742.40 1.00 2 1024.62 1239.47 347.81 1544.56
180.16 1108.04 1.00 2 55.40 2257.19 925.61 1571.28
180.49 3224.38 1.00 2 563.64 395.10 2718.90 2793.32
184.16 2007.89 1.00 2 2046.52 50.94 1572.50 2002.07
196.45 722.43 1.00 2 911.16 525.56 220.91 738.79
202.95 2447.74 1.00 2 194.65 2397.78 2639.62 2514.29
208.28 6513.97 0.89 6 2260.27 1270.56 1031.14 133.38 83.58 2392.37 429.76 1925.04 384.52 1510.53 928.76 230.15
208.42 1021.16 1.00 2 2151.38 2003.53 1803.65 2963.67
211.09 1054.56 1.00 2 92.60 674.74 1083.68 1035.11
213.69 4384.39 0.87 4 1576.78 1713.21 2971.21 2218.58 2481.83 1882.42 255.82 1274.57
220.23 2611.49 1.00 2 9.92 2529.21 2570.84 2017.80
222.17 5108.45 0.90 6 385.98 2846.39 1702.52 2536.99 2279.43 2632.07 1923.72 1288.97 2675.94 1674.13 1739.20 1660.34
223.33 2466.40 1.00 2 2903.32 2623.86 2130.51 281.66
225.49 2274.51 1.00 2 1154.81 685.61 1952.79 2815.54
231.37 3268.36 1.00 2 2258.39 38.60 728.50 2926.79
232.13 6406.48 1.03 6 329.43 975.30 242.85 1264.10 904.55 129.45 2507.55 2032.03 1679.03 1746.80 718.54 2802.67
236.18 5109.08 1.11 6 541.29 1042.63 751.32 705.18 844.70 1759.23 1690.20 235.74 2823.87 402.43 2155.47 29.94
274.43 4121.51 0.97 4 2065.49 1998.88 2131.48 2218.92 322.97 602.61 378.43 2067.82
279.20 4159.79 0.94 4 2858.56 990.07 1894.08 142.31 1354.88 294.43 2418.71 2351.02
285.22 5061.14 0.82 4 1242.44 2547.15 30.51 603.15 1744.54 839.64 2051.61 1833.33
310.34 6916.97 1.00 6 416.22 201.32 2790.35 1507.55 1808.69 2428.62 1004.52 2755.44 235.81 1453.28 627.29 1173.92
