21.15 757.41 1.00 2 510.04 2189.14 855.24 1514.98
26.26 1113.04 1.00 2 1970.44 1383.61 2159.45 2480.49
47.64 2382.21 0.87 4 2420.00 1403.23 664.34 2228.72 612.07 2014.44 503.23 2207.49
49.50 1274.82 1.00 2 1849.08 69.63 593.48 290.18
56.88 543.80 1.00 2 709.17 1335.18 736.53 792.07
64.63 431.68 1.00 2 496.20 2791.02 894.51 2624.60
70.75 2137.48 1.00 2 1097.24 2848.76 322.33 856.69
72.97 1448.44 1.00 2 1327.63 1780.25 2767.09 1619.24
74.96 1248.13 1.00 2 1510.09 1185.21 2240.72 173.27
78.37 1518.30 1.00 2 130.19 2458.23 1524.33 1856.91
87.83 2591.65 1.00 2 1647.31 170.88 2312.98 2675.58
88.51 925.26 1.00 2 2203.97 1748.52 1971.22 2644.02
90.26 3913.21 0.76 4 31.13 1646.15 2181.77 2243.37 1292.37 2159.99 623.62 2576.57
92.36 617.94 1.00 2 1916.49 127.22 2485.64 367.87
92.72 1036.11 1.00 2 1278.09 558.79 347.38 1014.09
101.06 952.95 1.00 2 1563.40 664.83 650.03 393.07
105.80 290.01 1.00 2 1203.52 2353.23 1121.03 2631.26
110.78 938.95 1.00 2 93.50 553.08 882.91 1061.46
112.07 1103.32 1.00 2 579.07 1555.97 317.78 2627.91
117.76 5088.22 0.88 4 462.76 928.63 2306.38 2659.70 2771.92 1341.82 1883.85 593.11
119.10 5554.80 0.83 4 803.71 641.48 1174.31 2390.84 2939.07 1278.25 1740.78 100.16
123.07 5153.68 1.03 6 1407.09 1072.21 274.10 2975.16 1244.50 2745.87 1089.20 2818.34 2384.88 2360.68 2313.49 1970.80
126.58 529.07 1.00 2 304.24 1267.69 461.09 1772.97
126.84 3742.01 0.82 4 719.23 1534.51 2019.20 841.26 1711.95 1775.08 2406.65 2856.91
135.04 552.06 1.00 2 2976.08 639.59 2618.35 219.13
139.42 971.22 1.00 2 1059.04 2885.16 126.27 2614.60
144.88 2144.07 0.94 4 1008.13 1726.76 1779.35 2499.94 2015.53 2219.09 1729.16 1596.76
151.96 1297.81 1.00 2 2786.75 1488.08 1566.45 1046.27
152.32 1716.01 1.00 2 622.61 421.49 2287.22 838.35
157.10 854.90 1.00 2 1929.66 1626.13 2697.65 2001.68
162.22 510.99 1.00 2 1800.10 1664.91 2062.57 2103.34
163.87 493.37 1.00 2 2989.33 2446.38 2537.46 2644.42
163.96 6698.14 0.76 6 2253.68 2443.83 2884.10 2506.17 640.22 2881.20 2147.32 1255.40 764.82 1481.27 701.43 1321.44
165.16 258.24 1.00 2 267.16 422.95 146.86 651.46
165.91 1395.68 1.00 2 279.91 330.50 1663.10 144.20
165.97 5098.49 0.85 6 135.02 990.35 1145.28 2.08 635.81 1207.08 931.02 1865.69 898.96 2407.14 1323.89 1378.67
167.49 2774.29 1.12 4 2874.76 1675.50 2807.29 1096.92 2146.17 2344.24 1471.19 2735.34
175.34 6867.20 0.73 6 2134.62 392.30 995.27 1310.23 574.15 1626.96 2830.15 89.98 2755.17 263.63 2681.79 2220.45
188.85 3342.53 1.00 2 2578.81 2425.11 124.05 156.49
195.90 6094.91 0.87 6 2955.04 713.22 2096.26 2937.10 1508.13 2778.58 1723.66 2041.74 1653.75 1226.33 210.39 1689.09
199.72 885.91 1.00 2 2743.66 1045.16 1961.58 1461.33
201.88 5393.87 1.15 6 1397.09 2889.33 164.40 2243.02 885.61 1704.61 277.93 1124.35 1962.23 271.85 1735.20 569.08
203.53 7276.64 0.78 6 1074.98 1585.17 336.29 2460.74 2467.63 1513.21 1784.59 530.41 2058.09 1166.63 190.49 1563.34
212.29 1314.68 1.00 2 1855.99 48.23 1860.89 1362.90
212.95 6447.26 1.07 6 1631.42 2143.95 2444.77 1546.87 2587.82 502.05 1984.52 3.81 946.96 0.97 1016.21 2563.75
216.01 4400.56 0.84 4 463.50 1346.90 318.65 2071.52 1622.70 1165.98 2688.89 2944.92
225.07 3453.61 0.80 4 2111.68 1899.80 1642.72 2900.66 1712.16 1213.68 1077.93 1031.34
225.30 3864.93 0.80 4 1485.96 2161.93 451.93 345.07 406.97 1287.57 853.47 1988.25
226.02 4701.12 0.80 6 2715.35 2366.98 1949.00 2750.55 2490.50 2829.58 2221.97 2162.44 2984.03 1775.73 1287.98 1471.16
234.53 2526.37 1.00 2 424.98 2948.41 234.52 429.23
236.65 1932.45 1.00 2 1408.24 880.48 2136.60 2670.41
237.58 2478.92 1.11 4 2578.18 1951.63 2543.92 2023.45 2723.10 537.42 1881.30 862.96
238.63 3031.61 0.77 4 2483.09 2076.93 1296.60 1672.51 1370.20 1021.44 2052.77 1913.03
244.88 6943.97 1.05 6 244.45 1299.30 23.36 34.40 1792.34 612.02 1980.79 230.41 933.57 2843.76 488.81 2506.73
254.70 4634.91 1.18 6 1266.58 1556.60 309.66 2067.11 765.33 2388.74 1214.84 822.26 1670.39 39.99 1221.21 127.50
277.51 5475.73 0.81 4 1623.35 226.13 769.96 2413.33 1833.55 2721.11 1655.43 708.26
283.05 7052.62 0.88 6 395.28 2004.52 2038.64 2531.27 546.33 1071.53 1935.21 690.07 2778.50 587.00 2624.45 1523.91
318.55 6327.56 0.92 6 1218.71 1171.60 1036.19 134.69 857.07 416.95 256.73 1801.71 1172.24 2570.04 2941.23 1202.56
342.98 8548.76 0.73 6 1274.56 977.05 89.51 1211.82 2220.61 2485.90 841.47 2625.84 1771.87 2434.67 2735.17 104.19
