111.24 5561.99 0.65 6 848.52 895.67 1468.92 445.79 1655.75 1630.29 1760.81 2996.71 1615.74 1035.37 1366.03 965.33
135.02 6451.23 0.80 6 565.96 2092.50 2326.63 130.94 2434.23 1158.24 1715.39 700.69 2234.12 2115.68 1991.07 2462.24
158.64 7332.14 0.68 6 2942.45 1485.99 1770.54 2609.10 1577.85 1370.78 111.06 1506.87 2622.57 1320.92 2167.33 1229.94
160.64 7131.82 0.80 6 1964.34 463.08 1015.68 2078.11 2557.02 2578.03 1408.47 2907.61 1949.51 2555.30 1140.03 949.98
171.15 5857.35 0.61 6 147.13 1819.22 858.58 2396.58 1909.85 1862.67 1490.18 2712.47 1821.19 1056.96 2033.29 2162.79
172.47 6523.42 0.73 6 2703.63 2032.83 1036.70 1762.72 750.29 2535.91 473.93 1325.19 1916.82 1272.93 597.65 1154.08
185.82 6891.15 0.51 6 1449.62 711.62 2978.08 885.69 823.44 1697.79 1715.77 1724.44 2933.83 1974.69 2057.40 2234.01
190.86 6543.13 0.55 6 1977.54 2515.01 1939.02 926.80 2197.08 270.40 1884.74 2710.21 1322.47 1738.72 885.33 2242.44
210.39 9019.51 0.49 6 2617.74 1331.04 137.97 2388.43 436.71 1593.50 2082.00 2710.27 880.10 1124.52 1697.78 2377.56
220.39 6819.50 0.93 6 1684.22 2745.77 2471.57 2728.16 419.33 2838.78 664.10 189.65 906.57 1224.89 913.09 1477.87
233.77 5388.33 1.01 6 1564.35 1374.13 1436.95 1204.85 2729.10 220.47 2892.08 182.48 2058.29 1470.81 242.37 1824.89
235.46 9973.00 0.59 6 509.95 236.91 722.49 2738.49 761.93 765.98 2612.52 1859.13 429.35 1383.45 28.19 2413.90
241.27 5163.27 0.80 6 1952.75 2306.89 1354.66 685.48 1247.97 285.26 2162.52 645.07 1016.79 1360.50 1280.29 1995.32
242.92 10946.17 0.64 6 2156.15 2278.21 205.26 1893.48 2240.30 1301.91 2617.15 107.70 2762.79 2992.28 295.33 1901.24
246.16 2408.18 1.00 2 1854.38 2496.08 2759.31 264.39
250.29 8914.27 0.50 6 1016.15 345.51 2899.50 2580.42 2901.81 2413.76 2888.68 422.27 2172.65 2939.83 1097.33 2372.05
253.95 7597.72 0.35 6 1076.02 1194.42 2544.10 1364.15 1791.44 64.07 569.43 366.48 1988.31 1925.11 2360.38 730.71
258.53 9626.51 0.59 6 526.92 396.48 1592.56 2740.46 2474.07 1445.54 1618.22 2914.47 2491.42 770.91 2419.47 2239.68
264.48 8424.09 0.66 6 1468.04 1224.35 1111.59 1330.15 298.06 2057.04 2854.56 98.15 2851.67 2566.35 1633.40 2933.53
265.02 7251.05 0.64 6 2225.15 1578.26 2334.05 1539.71 2836.25 130.10 2237.00 1428.74 327.16 1511.52 2349.68 2600.94
266.25 9412.67 0.48 6 41.76 1609.72 2017.02 1753.68 325.04 701.47 1364.36 2018.49 2467.25 2820.88 75.07 2652.70
270.47 7823.53 0.53 6 434.06 389.98 1983.17 77.34 713.79 971.31 751.96 523.49 44.58 2369.95 522.74 157.20
287.50 9874.80 0.36 6 291.58 2661.78 2011.46 2229.42 2226.81 463.57 406.99 1360.93 2837.92 1257.38 1244.65 297.06
295.62 8181.18 0.72 6 197.05 825.05 975.56 2983.88 1816.28 297.54 1899.23 1645.07 1591.67 1361.15 2105.34 2558.38
295.81 9390.43 0.33 6 377.77 1693.73 621.47 647.85 442.66 2701.59 205.83 2295.47 2609.09 985.68 8.51 2575.22
306.74 6637.10 0.51 6 254.87 157.83 2021.91 816.31 1326.13 819.50 472.23 1853.51 1985.82 1456.99 2264.83 341.45
310.88 7444.08 0.84 6 1928.10 78.76 802.34 541.25 1019.47 18.32 2787.25 2488.38 2108.10 926.95 2609.59 1698.96
315.66 7982.98 0.53 6 1970.21 672.73 1102.68 2287.82 2535.47 2923.64 324.66 2536.12 1722.30 2421.66 2455.28 1840.72
319.35 7567.74 0.41 6 1202.35 425.62 2238.34 645.40 1110.16 2164.79 1899.52 91.97 1259.50 1022.69 2330.51 1702.78
324.75 9037.54 0.58 6 1122.90 457.92 2495.32 279.69 2435.31 1669.11 2768.96 201.40 289.69 2216.39 1759.40 1684.76
332.32 9115.83 0.26 6 988.94 366.69 2250.85 2604.28 1801.23 1054.94 1060.79 1996.02 2163.18 2905.20 1733.76 638.22
332.48 7624.23 0.47 6 1289.74 849.74 2001.40 136.25 23.06 904.26 2035.46 1459.90 1185.79 1797.97 633.70 411.70
376.37 9518.26 0.56 6 766.56 984.37 527.08 1140.62 2500.06 2418.60 23.19 2241.04 2111.01 1500.79 216.23 2585.29
413.37 11068.49 0.60 6 126.91 56.22 1727.28 1720.20 345.52 62.57 2763.49 2586.33 2128.50 1253.08 974.30 2403.97
