39.41 470.70 1.00 2 2704.44 573.26 2267.50 398.20
83.68 883.90 1.00 2 1013.63 2035.67 900.52 2912.30
125.45 472.75 1.00 2 1724.05 1151.97 1364.08 1458.42
130.77 638.56 1.00 2 2879.76 1205.11 2314.08 908.86
135.66 4583.19 0.51 4 2106.56 1040.76 622.34 2098.96 2432.72 2388.81 1511.30 2489.57
153.18 7058.92 0.45 6 2008.92 194.86 2186.87 251.91 596.05 1516.40 2475.14 1504.58 1330.20 826.58 518.90 2240.49
155.48 7474.02 0.51 6 50.02 2511.82 2127.93 2717.17 1549.02 2821.64 2544.69 949.44 1760.54 2832.90 1209.52 2513.15
163.97 5498.28 0.81 6 1133.73 1765.17 1888.42 2607.99 1004.14 1943.64 101.55 2103.86 23.69 1264.22 300.62 2739.45
169.24 6562.12 0.55 6 1469.66 1736.09 1349.02 1893.08 2504.17 1157.04 1046.58 1925.48 2495.19 110.19 1613.85 631.99
175.38 7868.97 0.66 6 2513.58 9.67 1024.36 1704.52 1389.02 348.79 821.29 1052.05 2088.88 1698.57 271.69 2188.65
176.05 7202.72 0.74 6 160.01 2117.74 946.62 677.88 531.34 884.80 534.01 421.28 564.74 2650.71 2092.67 793.64
186.31 9315.57 0.61 6 2612.74 394.94 168.14 1912.43 1632.25 2950.21 1258.72 2537.41 186.98 292.43 582.55 1842.01
197.87 5893.25 0.95 6 1376.14 496.03 2648.86 903.85 609.97 270.50 2.53 442.47 241.13 708.55 734.20 2054.14
201.23 7661.62 0.53 6 2382.89 272.27 1403.06 94.34 559.28 419.45 2320.23 774.64 345.89 1975.00 1760.46 1116.85
203.16 8958.05 0.55 6 556.98 1773.45 2366.21 652.58 2172.83 740.20 2897.30 2300.17 1123.59 243.82 2511.92 1926.95
206.93 6046.33 0.38 6 2537.01 1122.77 1412.40 2060.36 2005.31 2494.04 1432.03 1034.14 2096.34 2738.50 2118.67 2289.17
212.38 7218.93 0.78 6 2632.30 2289.52 1262.96 2322.22 85.67 1536.61 2702.60 1520.88 2861.95 1202.25 2767.06 2659.79
224.91 6645.70 0.70 6 287.47 385.51 1273.78 1181.55 2221.29 1759.29 2289.13 400.58 214.97 1464.93 665.08 1825.57
227.85 8392.63 0.42 6 918.83 1400.52 2427.66 1369.34 1198.00 2502.29 558.48 65.25 1727.90 1304.91 757.72 1119.64
228.60 6729.76 0.50 6 2319.78 2694.06 2303.53 1107.40 1831.70 2255.05 2459.37 2191.12 1019.55 2469.71 2743.76 1936.73
232.77 6438.65 0.47 6 414.24 563.91 1018.76 1962.13 1160.45 2463.83 633.70 1306.20 1277.13 854.89 104.48 2875.54
238.21 8210.48 0.81 6 2895.71 2828.54 2255.55 389.67 2910.98 927.82 595.39 2917.28 999.44 2879.74 2297.47 2404.47
243.26 6162.77 0.53 6 775.95 1902.35 1350.81 1118.48 1605.07 1094.59 1810.91 2407.26 1420.64 1005.19 2356.48 2942.20
244.75 5337.50 1.10 6 1070.66 52.56 1787.34 1071.73 745.88 252.14 973.90 1907.95 109.84 2216.04 283.72 2180.36
245.66 5982.95 0.91 6 1595.13 1150.42 1011.35 2802.53 2438.51 2182.89 2024.16 451.16 1770.46 592.84 1364.97 145.63
251.19 2659.72 1.00 2 654.92 2976.39 1712.24 535.87
262.32 7615.90 0.76 6 1265.21 490.63 1394.77 247.92 2587.40 2410.65 2047.02 2502.70 2058.20 304.22 36.67 957.08
280.36 6517.85 0.91 6 1118.39 440.25 2646.11 1145.74 2782.32 2247.80 2930.53 1913.44 2940.80 236.29 1267.59 67.15
281.94 7497.07 0.69 6 845.14 364.65 2667.50 2059.16 888.43 2457.51 1468.86 1101.31 756.98 1012.39 1628.25 536.18
285.92 6196.17 0.53 6 731.26 2396.86 2282.16 1310.84 830.56 2014.32 1122.71 1418.76 2240.61 2334.93 1813.87 2729.24
291.64 5282.07 0.81 6 1683.98 1035.90 1107.57 875.47 88.69 1874.59 622.65 2954.61 946.01 2023.50 500.20 1054.88
295.75 7587.53 0.70 6 1898.76 1293.30 2066.98 732.30 2198.06 1570.68 824.09 2915.56 2476.71 2504.75 1375.26 229.61
298.50 5925.18 0.97 6 1039.10 1333.15 631.91 2093.18 96.80 2556.88 1385.84 2227.71 2018.96 767.08 2903.17 1894.15
330.90 8145.00 0.62 6 2034.62 818.04 1242.97 389.30 2927.69 954.48 1221.55 56.16 801.16 1797.24 663.97 54.22
333.67 7983.55 0.63 6 973.83 191.17 2480.92 1763.74 1167.12 2789.62 863.49 2136.10 1904.32 986.26 37.70 1021.79
344.87 9443.63 0.65 6 2851.08 770.57 2510.56 1300.31 782.93 909.60 1958.69 2648.78 349.28 574.93 1542.12 2562.73
347.31 7765.73 0.71 6 1294.59 2987.48 1669.32 1472.27 395.09 1821.37 70.23 2920.07 704.16 2763.53 2549.00 290.94
