119.44 571.88 1.00 2 1184.35 791.08 1496.48 1270.27
122.66 6132.92 0.44 6 2678.63 1251.41 2816.89 1040.29 864.03 576.60 1420.01 1484.37 2092.54 62.42 1031.54 696.31
134.92 5846.09 1.29 6 1247.95 2981.30 475.82 2483.85 191.00 1291.86 910.96 628.30 2683.37 95.91 1852.69 362.06
167.30 8065.16 0.54 6 659.11 2727.21 2527.40 1970.87 2134.16 2879.41 1017.46 1806.30 393.48 880.18 2499.24 2019.32
171.96 7097.84 0.70 6 2070.41 1546.16 2779.90 1313.48 332.79 317.68 2008.46 2119.21 1371.41 2524.79 1831.72 2346.47
175.47 8173.58 0.36 6 2203.75 2387.92 1865.53 847.37 387.29 598.45 2399.27 2533.59 2247.76 2001.17 1817.25 302.71
181.00 8050.22 0.67 6 141.15 54.39 672.29 773.47 140.03 2633.14 2642.72 1071.13 1020.97 1065.72 802.47 453.54
197.52 7476.23 0.56 6 255.70 1117.31 1994.99 454.83 684.55 2405.31 2264.54 1081.93 2260.52 1265.17 1240.23 1227.93
207.63 8581.75 0.80 6 2842.15 2470.83 1889.78 2612.61 876.37 1324.55 125.91 316.23 2732.96 471.10 1517.69 2197.66
210.39 3519.53 1.14 6 1622.98 2874.24 1937.75 2597.86 2388.48 2122.20 2670.13 2207.74 2121.63 1715.98 1683.13 371.34
212.31 7615.55 0.75 6 492.97 184.40 1924.40 2707.53 2140.11 1981.08 2277.58 1980.53 173.43 1894.82 1559.34 887.17
216.02 7501.15 0.75 6 1206.01 2042.61 2228.09 2727.69 1583.38 2761.35 1660.83 912.97 23.71 839.34 2100.89 1338.57
218.07 5803.47 0.92 6 293.96 2134.92 186.58 2665.53 1107.88 1578.77 2485.31 245.84 1428.76 1338.49 1764.72 1556.84
219.22 1060.90 1.00 2 1669.44 838.37 1295.89 1831.34
219.80 6490.23 0.57 6 374.25 893.88 2948.85 2416.16 2683.02 1883.23 2210.58 1359.44 2967.00 1696.79 1599.87 1786.65
223.54 6977.25 0.92 6 1777.51 724.02 2960.86 331.33 1880.97 1063.42 2322.47 2179.53 179.84 1118.94 143.20 1952.89
226.40 9220.18 0.46 6 297.88 1941.28 2545.79 1317.33 735.95 2427.44 1003.82 413.32 1247.25 2307.10 1023.96 1515.07
230.57 6728.53 0.73 6 1051.01 853.61 2017.30 2143.05 983.54 1747.11 2354.37 2144.56 1559.00 742.90 2468.53 1083.80
244.33 4916.33 0.34 4 1678.06 577.28 158.62 1710.73 1856.11 1730.57 568.19 1427.51
246.24 5912.17 0.64 6 1466.38 366.98 1252.73 1719.18 2344.05 1425.68 1045.95 2611.28 1697.29 2700.86 2160.10 1817.13
252.65 9932.74 0.71 6 1376.26 2557.17 89.29 436.75 2830.93 254.33 2383.82 1085.32 29.85 2418.74 944.41 2945.83
252.85 5942.30 0.44 6 2285.85 1514.29 1347.22 2599.04 1993.51 1228.88 1382.81 1349.79 975.65 2399.43 698.47 1186.19
255.20 9160.16 0.41 6 615.40 1633.28 2092.41 2663.02 591.89 904.59 2365.02 1956.11 2344.69 1213.52 110.91 1003.48
262.72 5036.22 0.47 6 432.10 766.66 1221.83 507.57 81.51 175.51 268.89 920.38 1843.43 975.87 1169.82 960.12
287.42 8570.79 0.61 6 637.93 1420.07 1108.00 2855.47 362.60 1715.29 2239.49 2832.21 1804.80 1225.86 120.85 459.91
289.90 10595.22 0.60 6 2175.30 2220.16 851.78 278.46 2271.14 480.08 378.02 2975.77 1655.36 1564.01 83.67 2389.80
297.85 6492.71 0.87 6 1238.47 972.65 362.90 607.68 1478.94 2257.17 1126.54 2483.22 2256.40 1758.09 1155.15 345.24
302.19 7609.41 0.28 6 2690.59 360.85 2662.97 1332.69 1205.39 134.95 2808.55 539.23 2420.76 1820.56 2585.92 69.79
310.76 5937.91 0.62 6 1140.46 1054.25 1530.99 136.45 901.92 1185.91 1896.62 1755.48 2217.55 1689.24 368.93 418.95
326.57 10828.45 0.53 6 1320.24 2793.11 2471.44 433.04 388.16 2113.57 1468.62 2919.82 381.37 2133.45 2589.81 354.17
332.13 9006.49 0.28 6 56.92 2360.27 1311.05 1244.81 771.53 343.93 735.86 2116.85 2578.95 952.15 298.00 504.47
349.67 8483.37 0.49 6 2355.64 913.84 1907.40 610.37 2955.93 2346.07 1220.24 251.73 2903.73 1119.92 1612.61 1271.26
349.73 11386.61 0.37 6 1114.40 2973.06 2373.61 426.42 2682.76 2667.17 909.78 1457.78 1768.87 145.95 646.74 2457.38
350.44 8822.05 0.53 6 181.90 1394.47 1222.48 701.22 2890.42 2025.29 1221.23 1452.51 2658.47 807.48 738.95 1664.12
385.73 9986.67 0.52 6 2734.48 1355.23 2488.12 867.75 2800.52 1446.56 3.00 1393.96 2916.25 1.63 1793.60 2518.46
