118.15 5307.64 0.94 6 13.71 706.92 287.05 1085.70 657.83 2310.99 352.52 1590.60 2283.38 1619.17 1977.98 829.28
154.07 4403.26 1.14 6 887.37 1942.92 914.51 2109.91 73.24 1364.52 272.19 1439.35 2573.77 2241.86 2315.51 2622.60
158.42 6521.11 0.98 6 348.20 2685.24 2336.93 978.40 2609.66 1126.60 2164.21 1778.12 294.19 2213.24 661.99 1412.97
160.68 5934.12 0.95 6 2076.63 178.96 1375.74 513.60 1810.91 2368.64 409.50 2554.95 1030.73 2659.23 1914.00 1834.58
172.20 6209.82 0.85 6 509.81 2910.41 2570.92 1467.64 2510.97 837.51 2565.01 259.42 2986.99 1774.74 2190.05 2208.54
180.34 8717.16 0.49 6 1919.48 1569.26 1831.61 112.86 2850.89 1881.57 1236.09 2814.27 540.00 1499.66 2347.75 1043.56
180.73 7236.61 0.73 6 1453.22 2671.47 1364.97 1161.99 1896.06 2926.67 434.82 2783.66 409.21 2159.46 606.63 381.64
186.22 9311.19 0.55 6 46.89 1460.90 267.42 1955.27 2422.24 2317.69 19.05 538.24 2660.75 1248.67 2077.07 618.48
190.07 8603.35 0.34 6 581.16 2389.84 1423.24 528.97 1934.58 855.19 2055.73 2905.72 2010.43 129.35 1304.01 1002.88
190.97 8348.26 0.53 6 2415.46 2275.22 2774.58 527.66 977.92 596.25 129.95 2221.25 2356.48 1455.18 2030.56 977.05
190.97 5048.64 0.82 6 2817.44 1740.36 2235.05 676.31 2040.68 831.44 2877.31 629.38 1058.14 802.07 190.11 1035.68
224.29 6414.73 0.38 6 1458.68 1580.05 2034.92 1598.57 2399.71 2836.10 368.13 2129.48 876.79 1862.85 2426.39 2822.63
224.30 5514.99 0.72 6 696.98 2842.35 1028.38 1938.15 2090.59 2525.72 1934.02 1235.08 978.92 1780.07 1335.77 912.25
228.70 6335.21 0.76 6 196.88 2675.71 827.83 2091.25 1562.06 1881.83 1373.62 240.51 1488.99 2624.98 879.51 2908.72
232.98 6448.79 0.64 6 2693.84 865.12 1624.30 396.08 1934.05 874.55 2869.88 328.09 1040.10 1331.58 188.85 2615.38
239.62 8380.76 0.41 6 1216.08 2369.58 1900.21 2581.15 998.72 98.14 1111.26 1392.89 212.10 2680.30 1277.71 809.37
241.68 2184.14 1.00 2 2634.95 406.49 489.93 818.01
243.63 7981.73 0.58 6 1096.77 1857.40 1676.37 201.02 2943.75 715.90 1096.71 525.80 2128.01 614.14 340.67 1435.48
252.21 8710.67 0.66 6 2838.29 1627.31 242.88 2642.54 2835.97 2023.96 2383.44 2363.08 2207.28 164.44 2663.93 332.90
257.07 9853.33 0.68 6 100.86 1593.37 2463.87 1357.32 37.27 2195.36 1437.81 2394.05 721.53 1675.46 2849.80 398.14
257.42 10171.17 0.50 6 739.96 981.89 1775.31 446.91 2940.55 120.18 1738.40 2675.47 1721.10 15.23 1411.96 2305.82
272.87 7043.62 0.43 6 553.49 1687.46 1031.54 1118.74 904.68 2761.30 104.07 950.83 1619.60 487.79 1213.69 1498.25
279.97 6798.72 0.59 6 1721.18 441.25 1326.32 2067.44 418.27 1652.88 1695.69 2720.64 2194.92 2700.52 924.25 1204.89
293.61 8680.62 0.69 6 395.86 2368.04 1452.73 2912.17 1059.36 1367.78 515.21 780.02 2309.25 141.96 499.09 2772.39
304.34 7717.22 0.73 6 2522.63 1337.92 1923.94 1750.29 833.78 67.65 277.44 165.10 666.43 2807.00 1615.24 1336.37
310.28 5913.87 0.86 6 1696.72 2605.04 2082.74 358.75 2535.84 488.54 1883.99 1428.12 1537.58 1725.79 175.53 959.04
313.47 7873.47 0.54 6 2014.67 262.13 953.27 1815.23 1083.19 443.84 1535.36 583.35 2830.21 2725.34 2561.41 1108.89
320.50 9724.99 0.43 6 2135.44 855.74 2078.58 1999.07 123.45 949.88 2919.62 2518.00 460.45 713.72 379.42 781.22
326.68 7633.83 0.67 6 2268.34 265.34 1243.54 1667.44 410.78 558.02 1228.38 2743.23 2130.74 2265.73 1145.31 1661.60
331.17 9658.34 0.56 6 436.15 1374.12 2215.48 2926.80 1421.73 869.48 960.65 12.88 993.84 2116.35 2832.03 2942.07
351.04 9451.84 0.57 6 1118.49 853.95 2622.91 262.80 2977.79 2411.06 1054.07 2932.57 2183.56 1332.66 865.90 2417.02
353.00 8349.84 0.58 6 1961.44 2678.06 2063.53 734.25 2983.00 200.17 1251.47 1475.66 358.06 831.65 2236.70 1743.20
382.39 10719.28 0.46 6 2911.08 1271.50 1761.54 258.23 2602.58 2959.92 2689.29 418.70 623.35 1423.84 198.35 2880.29
412.23 11611.31 0.62 6 126.70 2478.74 1677.84 1390.36 788.03 2868.08 2503.76 911.74 80.52 7.34 2502.73 1417.62
