7.31 365.73 1.00 2 352.55 1446.72 390.99 1810.42
130.69 5534.26 0.81 6 760.90 2564.93 826.68 2041.82 2351.37 1447.40 1270.68 1096.93 2264.92 1239.68 1110.64 1664.73
152.18 5409.10 0.95 6 1920.87 1316.92 2411.73 858.02 1547.44 695.01 605.12 1970.65 100.83 1798.54 508.45 108.18
152.45 6922.40 0.79 6 567.06 2127.45 353.49 21.58 947.71 1086.81 2368.27 1733.96 1963.64 2063.30 464.34 1954.73
158.48 6624.15 0.50 6 761.33 919.96 2207.35 2565.00 1339.78 2097.93 1033.07 2116.48 1977.85 2243.44 485.39 643.37
185.21 6460.44 0.86 6 853.48 2489.29 2889.86 829.52 2789.14 1724.72 2745.03 1044.29 1819.09 583.58 783.32 1221.40
185.78 8889.23 0.24 6 1767.14 2224.18 293.15 401.65 2577.16 849.80 2284.62 2090.12 1431.42 697.54 2630.30 1225.94
193.93 9596.40 0.46 6 2482.57 2690.91 1566.13 1111.13 688.46 2406.90 2324.61 1947.70 130.31 1589.45 2368.67 1143.71
204.43 7121.49 0.70 6 319.39 217.16 1724.68 2082.58 2309.90 2272.42 882.76 2841.05 2898.17 1689.51 2883.72 1376.55
206.27 5113.71 0.47 6 35.46 632.26 1838.33 779.10 1414.04 1839.25 1743.02 976.31 1645.69 711.42 1097.77 1496.31
207.36 7867.89 0.85 6 717.77 0.86 2339.02 1059.38 1553.23 2210.78 472.33 2990.45 1185.43 1758.24 205.85 270.50
207.56 8777.89 0.54 6 1201.68 1015.31 2120.37 482.21 273.27 435.99 1651.73 2091.17 2893.71 15.87 2777.59 1306.13
235.09 7154.34 0.65 6 1446.88 1862.00 2691.00 2606.31 2748.02 840.80 1477.02 2956.08 1472.42 2953.18 666.28 1730.00
237.44 6372.07 0.37 6 631.60 2102.14 838.89 539.67 685.70 299.61 1116.93 2562.98 393.42 1727.68 809.85 707.42
237.87 5793.60 0.52 6 2356.00 900.10 1195.21 2071.63 1429.62 1889.59 1686.42 1703.50 180.11 2441.45 1349.56 1003.97
238.69 10034.39 0.31 6 192.24 665.31 1152.98 2953.34 2134.82 1792.42 240.12 113.27 1841.90 1563.02 2837.15 2460.69
241.13 8056.44 0.55 6 1429.67 1060.61 2841.35 2049.32 599.00 2206.29 2682.95 807.23 2729.78 1497.00 2618.23 620.34
244.51 4025.56 1.20 6 1428.46 2924.94 1334.53 2908.63 1792.75 1893.14 1621.75 817.24 2092.87 531.11 1907.55 1691.95
258.40 8020.13 0.49 6 162.44 2397.81 1507.43 1181.15 2929.52 2094.73 1434.96 1622.30 2059.02 524.40 1380.21 2067.63
263.74 8887.04 0.60 6 608.30 749.09 320.07 2760.56 1841.48 2292.73 1855.79 467.99 2027.44 1990.27 1624.42 126.79
264.20 4710.01 0.88 6 1570.38 1918.58 1619.00 2414.12 779.42 910.72 928.98 1041.50 1325.58 1097.35 0.28 2446.14
273.24 9961.78 0.64 6 689.79 947.19 29.17 2496.53 2021.09 2463.22 2866.34 1549.51 744.77 279.03 228.09 2794.19
278.15 4807.68 0.60 6 1120.93 1235.21 489.81 2211.35 788.94 1266.72 1681.66 1184.26 1169.17 1135.07 718.69 2293.61
287.08 7654.16 0.66 6 2340.93 1065.33 2209.58 2668.90 1895.14 434.55 2019.58 1462.48 1143.21 859.57 502.73 2423.15
288.86 7443.12 0.36 6 1012.16 1893.82 214.03 486.00 874.07 802.42 1714.91 2546.70 684.65 950.63 1933.93 813.74
294.01 5900.51 0.96 6 2543.84 1031.65 2766.27 2840.87 1291.31 878.77 1407.59 24.95 1431.20 27.40 693.65 21.65
300.64 11831.81 0.44 6 2408.83 2870.13 1382.16 1760.48 202.66 1900.99 2628.34 2439.44 82.05 348.80 2982.59 2030.74
300.83 9241.70 0.47 6 1296.66 1142.65 448.64 2417.01 2986.69 2548.17 437.53 2877.44 529.82 1498.79 1551.02 2161.68
305.80 5590.16 0.93 6 816.40 1868.26 148.90 1604.91 807.59 2145.59 563.37 58.19 557.81 306.82 2181.32 698.43
314.36 8118.13 0.55 6 240.19 500.73 2636.07 1645.30 2294.99 249.75 309.03 191.38 79.09 1191.04 787.36 465.82
321.29 8164.54 0.69 6 1964.50 2656.41 852.53 1879.44 85.71 1990.65 928.11 742.19 393.83 2515.55 2581.11 975.60
326.63 9031.46 0.46 6 1334.70 2588.42 2896.58 1241.97 2183.32 1986.07 1089.49 1760.76 551.66 69.30 2821.31 2102.09
330.22 10110.76 0.73 6 1082.89 1681.05 59.51 363.71 596.87 1727.68 2795.53 773.14 2602.11 2889.35 1947.39 523.62
331.33 7166.72 0.61 6 2729.86 2422.72 2228.78 2426.43 547.22 868.79 2053.92 854.03 1238.71 2560.45 1910.68 1853.19
