124.42 5821.20 0.96 6 320.31 554.24 1506.97 1814.14 2556.39 1474.34 2287.34 1835.94 2136.06 1121.88 412.54 579.78
131.21 5360.34 0.55 6 1469.83 974.69 1214.60 125.48 938.69 1834.51 1372.63 740.35 2206.00 1141.12 2227.40 1781.42
146.88 7344.23 0.61 6 1672.02 2845.80 2638.91 2181.24 1242.12 1233.76 355.16 952.79 2296.31 2640.40 1329.01 2801.31
165.57 5578.52 0.63 6 1088.83 1571.45 1535.00 2849.26 2304.78 2736.76 1152.26 2373.20 1136.04 1141.82 1696.47 1978.59
165.86 6192.77 0.75 6 426.72 2489.68 339.51 2336.19 405.92 1240.68 1355.09 2167.94 2813.53 2088.34 1352.66 536.64
175.91 7895.37 0.76 6 96.69 2293.62 1239.13 2227.10 198.41 2781.31 45.04 809.58 2964.73 2273.33 2956.88 2601.39
177.11 8555.38 0.38 6 2682.39 2799.75 800.59 1701.13 2062.13 1077.78 821.39 2337.32 692.73 696.55 2064.42 1429.81
181.42 7571.19 0.46 6 1575.69 2627.35 1354.83 2481.03 1556.11 1186.83 2360.76 1561.95 127.25 2987.51 2205.51 1673.10
193.63 5481.69 0.78 6 1366.01 1736.90 897.88 1105.71 1281.97 1651.41 2794.44 279.38 1136.82 203.00 878.50 403.64
199.26 8163.01 0.52 6 1548.38 1891.95 1194.12 913.66 1267.39 1839.40 147.89 873.54 2482.86 1384.04 163.64 1550.91
208.85 7142.32 0.62 6 1867.68 759.33 1630.50 17.25 1766.59 1427.14 1375.93 2566.23 2648.11 713.64 1230.45 238.21
212.06 6102.92 0.61 6 2083.86 823.26 2087.49 1836.16 1886.94 2961.57 1581.16 1573.94 327.91 2189.19 1450.99 2065.96
227.86 1492.82 1.00 2 1151.45 1022.14 2441.75 1772.91
233.52 7776.17 0.46 6 2514.04 895.32 1250.87 534.75 2074.54 1784.91 2761.15 147.09 2016.27 1833.27 2361.92 532.26
238.56 8928.21 0.35 6 450.27 2606.46 1258.75 928.55 1879.36 352.66 536.60 2136.14 2305.89 1338.77 394.71 608.56
241.68 7284.11 0.76 6 2801.68 2958.84 949.47 1576.17 389.14 1687.90 861.56 1826.53 2985.07 1061.56 1559.12 1895.57
248.40 10019.93 0.54 6 1770.95 2137.90 750.25 2075.15 2155.12 370.63 605.80 1364.05 2721.49 2389.46 342.49 1348.20
250.41 4420.61 0.89 6 1868.83 1542.18 955.45 424.67 734.48 213.73 619.73 1050.95 2113.06 849.80 1839.79 1016.22
252.24 6611.87 0.28 6 1444.49 1881.60 1005.33 2351.97 2505.32 898.03 2676.17 1610.90 1241.86 2227.75 2174.89 946.51
265.47 8173.56 0.74 6 1477.51 539.72 2937.77 4.74 1242.12 1001.38 1828.22 2125.76 71.96 1876.38 1681.25 1912.51
270.68 7233.83 0.50 6 1607.66 624.79 2664.09 1060.79 1712.94 1168.70 2056.48 2398.61 2908.84 841.38 1785.58 2593.78
278.98 5249.02 0.96 6 1848.95 937.32 2012.61 1600.45 1397.09 395.39 2452.33 2138.70 2921.05 2267.23 2438.55 2759.07
282.06 6602.78 0.95 6 2141.03 1567.03 2061.16 1782.86 138.42 1561.73 12.33 2797.01 261.23 1400.63 1976.95 937.44
288.76 10838.12 0.52 6 1800.31 734.14 1672.65 2475.76 1959.83 110.16 1642.02 1859.30 146.76 444.77 2561.49 2000.99
291.20 5559.97 0.71 6 1404.83 1366.75 1396.19 695.08 1850.83 2738.58 2053.43 2130.65 671.38 2583.29 1176.23 2098.84
293.25 9362.46 0.59 6 353.78 2544.21 33.89 603.56 923.32 1520.07 2398.69 2996.96 844.88 2370.59 971.77 18.39
294.25 9012.27 0.31 6 2057.51 1024.08 87.35 526.89 2017.42 2748.49 2173.19 1847.98 991.54 1013.81 2391.76 1936.96
296.48 7024.13 0.31 6 1732.68 936.43 577.64 829.95 352.95 447.96 2676.41 962.64 957.45 1323.35 820.91 45.77
302.23 8611.60 0.56 6 93.52 2950.86 2254.62 2115.80 1241.61 1491.16 1879.53 2527.22 943.50 94.88 712.93 1355.72
311.15 7157.35 0.48 6 1330.94 390.22 317.78 161.40 1788.36 1778.27 1412.21 2026.49 1279.40 536.95 2508.52 2098.10
320.63 9131.25 0.52 6 2852.18 648.42 2354.83 2333.37 74.80 1447.99 906.95 336.69 2740.06 1331.32 1500.16 570.64
322.22 6510.85 0.75 6 308.80 2452.66 1948.35 2377.29 1240.33 1862.62 2390.27 977.61 1598.24 1202.45 1643.85 2921.68
335.60 9579.97 0.44 6 2770.91 2197.32 429.89 2615.40 2030.15 398.15 1570.88 2326.60 2466.42 2814.07 2173.71 1378.11
351.64 8281.96 0.54 6 1995.54 2366.34 90.79 1426.00 512.40 2303.82 2647.21 1359.85 1054.32 1383.73 1813.32 382.18
