5.75 287.47 1.00 2 2943.35 2638.44 2847.75 2909.55
38.73 1336.38 1.00 2 1337.43 1828.53 2496.59 2493.57
52.77 638.34 1.00 2 2692.78 1460.63 2839.83 2081.80
68.55 1527.38 1.00 2 2177.77 2490.21 796.89 1837.47
99.70 4584.88 0.65 4 547.18 779.46 1433.08 1536.00 2827.18 1112.34 865.71 1186.27
101.07 3753.37 0.89 6 1932.28 1988.89 1303.12 1137.71 1444.23 1084.93 1427.61 1319.92 957.72 2693.67 908.98 1838.27
105.17 5158.65 0.88 6 2167.96 2549.37 1671.25 2582.69 2624.26 1647.07 1947.02 1969.08 2020.73 1361.97 268.02 476.14
112.18 4908.94 0.91 6 2490.41 246.56 1708.55 300.16 1123.93 205.57 2343.83 1687.73 1514.62 1368.25 1717.76 2063.98
124.81 640.64 1.00 2 2402.54 2460.82 2259.84 1836.28
130.55 4227.62 0.89 6 2849.24 1930.35 2299.50 1843.68 2455.94 1977.79 1387.03 2576.42 788.49 1989.64 2082.70 1451.27
140.97 2148.32 0.64 4 293.60 2711.60 1095.50 2431.27 468.29 2247.78 709.05 1649.03
155.62 2381.19 1.03 4 1222.56 1467.15 1614.99 810.27 1363.36 398.52 256.12 640.89
156.85 942.69 1.00 2 1171.02 2816.92 311.06 2430.74
159.27 6363.49 0.71 6 1945.93 2125.09 2951.97 1295.73 1008.86 1231.58 1915.94 917.75 1412.25 1477.89 1691.03 2852.25
164.16 6107.83 0.69 4 895.37 337.66 1399.86 2982.33 631.53 1781.23 1991.97 329.37
175.65 5282.31 0.97 4 2727.25 1884.21 502.93 640.21 352.67 580.25 2208.19 2361.30
176.65 5632.41 0.77 6 2357.27 2510.03 2498.59 1086.38 1207.36 466.15 1457.95 1793.41 1504.76 1960.86 2693.78 1592.71
178.31 6315.29 0.82 6 518.85 2827.75 1203.87 311.59 2193.69 1463.39 1404.90 1501.44 1027.83 1944.47 285.69 1601.90
178.84 1142.22 1.00 2 2317.40 1596.97 2550.01 2715.26
182.63 1731.41 1.00 2 1856.09 918.40 2930.24 2276.34
184.11 105.75 1.00 2 2326.44 1131.65 2221.39 1119.53
189.84 8491.94 0.78 6 896.81 2380.40 618.03 300.93 533.53 2278.01 1812.05 495.63 2752.96 1859.74 2279.86 1552.05
189.99 5199.34 1.11 6 1118.59 2299.75 572.89 2473.94 1043.80 2033.41 111.24 1384.44 302.32 233.50 1977.16 117.94
196.01 200.34 1.00 2 678.56 2481.33 485.51 2534.85
196.87 2643.63 0.98 4 1132.83 2769.82 1639.66 2418.09 1756.74 2369.15 440.24 999.44
204.41 2720.46 0.90 4 1354.51 792.32 1116.90 644.31 1887.35 1132.63 1124.35 2456.92
204.67 2533.29 1.00 2 840.49 2773.60 328.13 292.67
218.41 5820.27 0.68 6 2374.38 1756.13 1058.82 593.83 1104.04 2021.42 1335.51 2030.57 1285.31 2999.57 1068.14 1581.56
218.67 6933.70 0.85 6 1467.42 2428.07 872.54 1667.91 2984.08 1554.60 2461.55 736.67 2140.93 1715.72 650.26 2816.49
225.09 1754.31 1.00 2 899.41 1503.01 2441.77 667.11
232.42 7920.95 0.63 6 1914.25 1332.12 754.87 2420.59 2148.95 763.46 901.75 1395.04 2991.27 1333.76 2937.22 2008.32
236.66 6132.87 0.85 6 223.23 568.68 929.66 1477.50 1296.64 2553.20 1810.80 2732.33 929.27 1843.46 2768.65 940.94
242.34 5117.17 0.76 4 2016.66 2870.74 791.56 1973.02 2390.29 498.74 966.81 477.20
247.83 9491.47 0.62 6 2626.61 1122.28 454.95 2582.11 1048.55 52.96 641.99 1995.57 1609.22 2900.21 2325.74 2249.63
250.50 4025.16 0.66 6 223.50 1985.63 800.89 179.00 506.95 621.18 731.49 728.80 292.34 553.75 1167.50 586.79
253.24 6662.01 0.77 6 2136.80 2181.54 2653.32 2852.08 588.05 2302.93 1242.14 2305.88 804.09 2889.80 2920.18 2002.68
259.50 8374.89 0.68 6 314.58 2249.11 2371.73 809.13 2102.19 534.29 2820.35 1380.04 100.33 1628.99 1587.01 941.45
266.00 6700.00 0.77 6 1028.12 2845.75 2188.38 2429.33 2399.76 424.47 2008.17 711.85 2837.93 2122.63 1519.74 2290.76
269.69 7184.69 0.65 6 1992.58 2742.52 1092.62 1886.67 460.10 2473.09 2020.63 684.98 2530.44 1682.16 1541.00 2922.93
276.65 5632.35 0.72 6 1333.68 2853.66 299.15 2335.78 240.81 1146.01 1286.52 902.72 838.37 1489.97 403.74 83.70
278.35 4717.34 1.50 6 1449.55 1962.62 1248.11 2875.38 1636.80 2536.67 2067.13 197.04 1496.96 125.39 1184.26 147.98
311.78 7689.21 0.88 6 1027.83 641.49 2899.11 2061.45 2476.59 1930.40 2764.10 562.74 433.15 618.23 300.80 1779.34
341.56 7378.23 0.66 6 1963.02 2387.54 895.53 1766.47 2153.77 2054.06 770.11 1288.20 249.94 111.01 692.07 2045.19
363.29 9364.41 0.69 6 1524.47 2635.35 2723.81 138.63 1984.20 1449.51 1184.68 873.24 1719.03 2974.15 325.22 1630.39
