43.54 1276.78 1.00 2 2223.46 22.82 1123.93 671.81
128.17 608.65 1.00 2 2408.18 1495.95 2970.78 1263.71
128.84 6442.20 0.42 6 1784.68 1628.29 2065.65 1312.48 2775.41 2570.99 1144.69 2535.27 849.75 1861.13 2986.09 2417.82
136.84 6542.09 0.85 6 311.44 1948.87 1489.21 2255.18 1332.31 1743.70 1848.78 1233.84 2781.69 299.11 97.91 869.71
149.56 5578.03 1.16 6 2352.84 2529.09 1658.72 2846.10 1312.26 1886.68 1881.96 780.69 611.29 279.80 1779.86 83.45
170.81 6940.43 0.81 6 1733.56 386.61 521.15 2712.51 298.73 2403.52 1908.82 2932.07 1551.83 1312.20 1512.77 1894.32
180.69 8034.72 0.46 6 850.81 2638.82 2385.41 1244.15 1243.67 46.59 793.50 2515.45 724.66 2700.56 460.13 1123.22
184.70 6734.78 0.76 6 1606.25 735.76 2311.17 1977.77 1882.31 1915.16 2340.09 2358.14 824.89 2804.93 1738.06 310.26
187.95 8797.57 0.33 6 1261.92 668.64 586.68 1408.72 2742.09 1238.80 1363.89 1143.24 373.32 2902.85 2461.25 2111.50
194.18 5709.23 0.80 6 2859.69 1045.66 2235.58 1487.41 579.16 518.88 1654.49 882.96 1537.97 1199.83 2061.17 2661.94
194.61 7530.50 0.78 6 2122.73 2761.78 2227.02 391.64 1074.36 719.17 236.32 1147.21 1361.12 1894.51 2693.73 890.77
201.25 8762.37 0.65 6 2450.12 2460.10 2877.48 2978.49 577.98 1933.30 1799.84 1005.27 725.49 2920.47 2485.65 2403.99
202.55 7327.53 0.60 6 1377.38 1787.68 2683.81 278.33 2514.95 1172.40 321.23 847.39 1482.74 1084.19 1473.11 65.87
217.40 6269.97 0.65 6 1868.73 1821.89 1121.88 1898.10 101.28 1534.07 1287.94 1701.43 192.80 501.75 1760.61 880.42
221.59 7679.43 0.99 6 1819.96 94.35 1451.73 1842.01 2225.09 2779.75 2927.75 2981.22 1639.45 475.16 578.54 88.67
229.35 7167.61 0.67 6 843.25 1178.48 934.76 2382.30 2648.57 1271.21 1750.94 2299.35 2861.29 1463.50 2241.24 2447.68
240.53 8326.56 0.45 6 69.11 1535.23 344.37 650.87 2183.23 2819.54 457.04 2600.62 982.62 659.28 802.77 1444.72
264.07 10103.66 0.46 6 220.73 2877.65 1125.76 940.75 539.42 30.42 228.94 2062.01 2724.91 2425.65 536.03 1701.88
265.14 8056.76 0.47 6 2338.54 366.91 986.61 1396.13 1684.92 1156.77 955.77 32.70 2385.72 2696.23 1805.41 1581.79
271.63 5881.40 0.31 4 1983.81 2929.05 677.49 791.44 965.73 2192.59 888.70 248.38
277.40 8370.20 0.57 6 308.76 834.15 2579.74 224.47 2268.60 953.35 1823.71 2650.08 2677.99 1265.25 960.36 591.37
288.64 7332.12 0.83 6 2802.33 2604.04 332.41 2841.43 1838.25 2437.46 779.06 2354.83 225.13 987.99 809.74 511.02
290.66 8433.11 0.62 6 2963.86 2734.93 1934.33 208.36 2169.76 824.02 853.10 2524.93 285.36 2407.54 2261.08 1201.03
293.00 9750.19 0.44 6 2480.06 1935.29 89.82 539.71 1073.23 217.92 2895.44 1056.76 968.04 2372.69 1970.86 1115.89
294.05 5002.51 1.18 6 679.40 1860.66 303.91 2201.77 617.12 2357.18 2147.47 1175.72 2638.58 804.80 1042.90 863.98
296.01 5700.32 0.85 6 451.86 1506.57 817.77 293.44 1267.77 882.02 1523.78 159.47 1945.87 2196.00 1208.08 1782.15
301.08 9153.90 0.61 6 372.28 513.42 1729.24 855.11 1208.43 2687.49 980.62 1148.57 1931.00 2568.31 2754.10 117.36
301.44 8572.12 0.43 6 1669.35 939.52 2089.37 1363.75 364.24 1121.72 1836.96 1179.98 2546.02 2901.46 1853.93 87.86
317.32 9066.17 0.50 6 143.50 31.19 2062.80 1307.05 2706.83 1106.64 315.41 968.58 510.57 573.48 2708.64 2968.70
330.73 8636.73 0.61 6 1675.55 2618.62 617.67 234.05 39.38 648.41 1978.44 2205.80 2915.30 180.80 2455.53 563.75
347.35 9167.48 0.66 6 313.60 625.98 2575.38 2281.46 462.00 1513.53 1771.57 1582.93 935.48 1362.07 2742.38 656.35
356.16 8408.09 0.49 6 1588.69 1480.85 1939.03 2876.92 107.06 798.53 1300.70 2043.48 658.74 159.41 197.54 303.10
363.54 9376.78 0.58 6 2628.59 2235.08 561.09 85.76 796.74 2780.78 721.69 2682.29 1985.66 1357.92 252.20 1294.42
375.96 11398.22 0.36 6 413.29 1382.08 2259.10 2663.40 1340.34 367.12 378.87 2585.68 2897.51 1239.88 1582.77 1733.65
376.47 10323.63 0.58 6 1090.93 2925.19 2340.06 563.86 921.44 2609.49 2603.58 1540.39 833.52 492.59 1945.15 441.87
