7.26 363.10 1.00 2 2322.91 1685.27 2679.87 1751.75
25.70 585.15 1.00 2 2442.30 1702.48 2680.76 1168.11
31.78 1488.94 1.00 2 1344.22 1532.78 2512.09 609.19
33.09 1254.74 1.00 2 1234.40 136.10 242.86 905.01
46.18 1408.91 1.00 2 1049.83 2080.03 252.11 918.70
58.76 1638.11 1.00 2 880.64 2103.72 2369.32 2787.26
61.92 2096.13 1.00 2 2217.71 945.35 2907.15 2924.85
62.70 2334.89 1.00 2 861.49 569.08 892.44 2903.76
63.52 75.96 1.00 2 1980.69 2628.79 1968.42 2703.76
71.83 1491.31 1.00 2 2505.13 2750.72 2786.63 1286.22
80.94 746.77 1.00 2 521.60 1946.75 204.06 1270.85
81.90 3894.79 0.99 4 1702.05 452.56 1808.19 1126.42 1108.90 2552.31 153.70 1238.33
84.08 1903.75 1.00 2 128.47 480.58 943.43 2201.07
85.26 3763.06 0.92 4 2439.05 369.29 891.23 259.65 1431.54 1829.23 1935.54 1605.61
90.48 1923.99 1.00 2 2529.41 2323.89 2928.30 441.70
93.90 1194.83 1.00 2 2696.17 2560.56 1512.60 2724.22
96.49 624.39 1.00 2 636.38 1676.29 13.15 1638.21
96.68 1834.23 1.00 2 2077.19 1188.52 312.94 1690.33
98.24 3511.90 1.04 4 323.37 1343.24 1232.55 684.80 1651.77 1436.77 2927.19 2278.96
102.38 519.15 1.00 2 1249.43 2387.75 1617.56 2753.81
103.59 1979.69 1.00 2 2518.49 1211.30 1582.21 2955.59
105.00 4149.94 1.01 4 839.85 2856.98 95.18 1629.15 1655.77 352.02 958.84 326.59
107.82 1290.99 1.00 2 1328.60 650.83 123.86 186.86
109.58 3078.94 1.04 4 1817.93 2857.09 1070.77 2912.92 607.61 1510.40 1456.59 1589.75
119.93 4396.26 1.02 6 386.18 23.50 722.03 666.06 717.95 1984.24 466.96 2474.07 1554.44 1894.06 1159.76 2305.55
127.08 2354.15 1.00 2 302.59 1833.44 2358.54 2980.21
128.66 3033.02 1.00 2 2842.30 1161.62 41.31 2325.10
129.50 2875.07 1.00 2 189.89 2720.64 1459.03 140.85
132.11 1405.34 1.00 2 1667.35 2525.59 634.94 1572.11
132.28 413.94 1.00 2 2421.60 1055.57 2592.06 1432.78
133.62 381.22 1.00 2 1304.10 96.08 926.72 42.10
135.06 1053.15 1.00 2 295.29 1895.22 1318.83 2143.22
141.76 687.85 1.00 2 2731.29 1562.56 2144.95 1202.92
144.90 2144.80 1.00 2 2051.26 667.71 72.89 1496.10
145.06 1952.99 1.00 2 2767.04 1927.25 1003.28 2765.90
145.96 5397.97 0.90 6 973.19 1831.75 48.46 17.30 909.64 120.31 2141.12 460.68 2334.64 735.48 1498.93 458.50
149.52 575.92 1.00 2 789.19 1686.65 1265.73 1363.25
150.35 1617.52 1.00 2 2005.97 1163.09 412.58 1441.42
156.33 4116.65 0.95 6 2180.74 490.29 1132.30 1510.74 225.24 1348.76 515.57 2015.95 69.71 1637.79 402.49 1893.89
158.61 3030.27 0.91 4 1267.07 1267.49 960.53 1919.91 2181.39 892.93 2652.43 1429.60
162.72 1436.17 1.00 2 1457.34 1986.61 2527.50 1028.83
167.97 5698.57 1.13 6 569.72 2563.33 1826.12 2979.51 1499.96 1892.71 1692.72 88.63 1626.02 883.81 1400.14 297.83
169.47 1073.55 1.00 2 700.15 1221.46 1612.64 655.89
170.21 610.65 1.00 2 1081.21 1118.78 806.06 1663.92
173.72 2885.98 1.00 2 851.12 501.27 2911.38 2522.19
174.17 1208.54 1.00 2 709.79 404.88 608.67 1609.17
176.81 1140.55 1.00 2 2643.52 1269.62 1502.98 1263.80
184.38 218.97 1.00 2 1963.57 2607.55 2181.54 2586.59
184.48 2424.24 1.00 2 375.65 2708.88 1991.97 902.10
188.43 1321.62 1.00 2 2118.10 2497.30 1738.87 1231.26
189.27 2963.67 1.03 4 2690.64 2291.92 1218.85 1158.59 996.16 1347.06 350.53 1843.38
190.10 1905.11 1.00 2 2251.87 1574.21 413.48 1074.45
192.26 712.88 1.00 2 1423.71 1556.78 806.30 1200.41
194.00 4300.10 0.98 6 723.63 320.75 1577.65 1489.47 1000.90 2864.05 1254.80 2630.57 861.99 2686.00 1459.83 2851.37
195.72 1586.14 1.00 2 1443.12 1880.69 12.20 1196.37
197.04 451.87 1.00 2 2473.59 169.50 2321.19 594.89
197.07 1853.28 1.00 2 1678.68 936.47 1471.84 2778.17
198.49 724.53 1.00 2 944.37 2464.03 391.60 1995.64
201.80 1490.18 1.00 2 2571.44 19.06 1791.88 1289.07
202.86 4143.11 1.16 4 1806.87 2896.43 333.63 2928.10 756.09 589.18 477.15 678.10
205.49 5574.47 0.99 4 1373.61 2208.69 299.88 210.73 406.49 179.64 2987.47 2063.23
209.24 1162.17 1.00 2 1649.77 1519.34 2678.75 2059.56
211.20 3359.79 1.15 4 1300.36 70.41 312.64 1550.29 943.30 2320.55 1314.88 2772.47
211.97 2798.74 1.00 2 1688.99 2680.32 2948.87 181.19
213.44 3671.81 0.92 4 1830.40 1717.66 405.81 2155.85 164.50 1389.67 1416.54 813.92
217.70 984.93 1.00 2 758.48 1917.99 1072.80 2851.42
228.46 2322.84 1.00 2 1952.45 468.81 2466.77 2734.00
231.43 7271.50 0.99 6 2550.68 2655.09 2958.24 1652.94 2836.50 2692.14 775.44 2724.99 133.58 2459.78 1601.95 577.19
238.17 3608.38 1.55 6 156.86 231.45 856.11 1171.08 1301.82 854.23 2465.77 1237.77 2483.87 1756.41 2349.56 1699.70
243.25 2662.66 1.02 4 327.02 2975.56 1199.59 2659.89 1120.55 2322.38 137.55 1342.30
262.10 3404.85 0.97 4 1881.59 2036.27 2593.59 2441.29 1212.05 2723.03 279.62 2006.84
291.04 5851.97 0.90 4 1066.85 1998.02 2828.30 2806.48 2619.02 926.72 745.85 164.04
