25.83 491.65 1.00 2 145.83 2437.96 11.77 1964.94
28.73 1436.45 1.00 2 1601.65 422.60 2833.65 1161.22
34.16 808.16 1.00 2 2791.64 2547.59 2439.57 1820.15
49.18 658.99 1.00 2 1058.42 1565.77 863.85 2195.38
58.48 1324.07 1.00 2 548.62 106.95 1172.06 1275.07
59.83 1291.39 1.00 2 651.20 2375.97 1804.88 2956.23
61.02 450.84 1.00 2 1752.77 2820.78 1695.02 2373.65
73.25 1562.30 1.00 2 2833.20 1785.90 1581.16 851.45
74.07 803.58 1.00 2 288.58 1671.79 706.83 985.64
78.85 2742.58 1.00 2 2865.32 1362.59 302.58 385.82
79.33 866.55 1.00 2 1424.15 1929.21 1468.56 1063.80
80.68 1834.06 1.00 2 2017.69 2681.91 183.86 2652.44
82.22 2810.87 1.29 6 2327.54 2404.95 1901.73 2697.11 2478.78 2446.53 1910.83 1716.39 2193.03 1148.07 2169.38 1251.22
85.11 2355.68 0.95 4 1149.78 969.10 829.55 705.05 2020.79 274.03 1929.61 941.64
85.16 1757.93 1.00 2 2212.50 740.26 552.29 162.32
88.54 326.91 1.00 2 1839.10 2655.95 1512.74 2674.92
92.57 1828.45 1.00 2 606.64 72.15 1859.21 1404.17
93.79 1989.58 1.00 2 73.33 794.99 11.73 2783.62
93.87 1693.37 1.00 2 2068.38 2816.11 387.66 2609.54
94.47 1323.26 1.00 2 320.22 1404.46 291.97 2727.41
98.61 4330.71 0.84 4 1085.66 350.77 1302.32 1693.77 2898.30 1372.72 2515.37 2659.34
99.85 692.49 1.00 2 1694.92 2494.04 1809.06 1811.02
103.81 1990.56 0.83 4 771.77 1193.51 1427.45 675.73 1312.71 1331.44 961.47 1672.25
105.81 5190.56 0.96 4 137.73 368.00 332.52 2466.69 1844.18 1749.46 2204.90 386.73
107.42 771.07 1.00 2 2362.54 945.17 2003.87 262.60
110.67 4533.41 0.83 4 174.38 2359.88 2223.62 2591.62 1860.45 2568.18 2510.05 563.62
127.51 2175.43 1.00 2 2437.07 1419.46 645.66 2653.70
128.49 824.64 1.00 2 1500.68 957.42 1385.45 140.87
129.89 2594.71 1.04 4 764.05 2562.02 1309.99 1417.65 1909.76 1708.18 2564.03 1618.78
131.61 880.56 1.00 2 1881.60 2707.38 2760.25 2765.22
133.40 2269.76 0.84 4 130.20 1349.77 444.11 1324.81 335.77 1801.54 1798.36 1702.08
133.56 1277.87 1.00 2 2941.74 2122.63 1894.62 1390.17
135.97 6498.55 0.96 6 2582.13 2802.81 2111.04 504.36 2052.01 1610.04 919.56 1411.58 587.78 2405.12 412.16 1575.63
136.65 532.63 1.00 2 1109.03 1239.56 1438.30 1658.22
137.47 4573.69 0.88 4 1587.66 568.88 840.06 43.45 2844.20 147.81 2864.29 1800.75
137.48 773.92 1.00 2 2926.41 1026.32 2192.65 1272.39
141.56 3378.13 0.87 4 798.77 1388.01 206.92 176.61 153.01 416.51 1925.00 623.08
142.08 403.91 1.00 2 1239.33 2591.59 855.14 2466.94
147.82 990.96 1.00 2 927.20 1387.56 83.43 867.88
156.49 1224.59 1.00 2 2460.14 1061.12 2366.86 2282.15
160.69 3034.49 0.96 4 266.53 11.57 1255.21 278.71 828.32 754.29 442.06 2070.05
161.53 2076.51 1.00 2 1764.00 2698.54 1996.80 635.12
163.13 1956.59 1.00 2 2872.02 2795.48 2654.13 851.06
165.27 1763.65 1.00 2 2410.28 1913.17 660.66 2135.21
167.68 2884.12 1.00 2 450.74 2759.55 2872.92 1193.92
167.89 894.52 1.00 2 2231.87 460.34 1708.11 1185.48
168.84 842.25 1.00 2 816.14 768.86 419.02 26.11
170.03 601.67 1.00 2 2517.54 593.88 1923.52 689.56
174.15 5207.38 0.77 4 1218.86 317.26 651.47 2315.70 2673.95 741.19 2234.93 382.61
184.97 2248.26 1.00 2 2268.89 2452.88 1544.02 324.68
187.49 574.46 1.00 2 2415.78 2030.61 2002.84 2429.97
198.20 1409.92 1.00 2 570.58 458.49 1822.07 1107.84
199.31 665.48 1.00 2 1131.86 925.82 1686.02 1294.29
201.58 4278.93 0.87 4 958.82 1447.21 565.07 2251.83 169.13 2748.01 654.14 42.79
201.73 5386.29 0.84 4 863.47 542.28 2821.24 560.92 2369.31 268.72 531.83 2499.70
206.09 3504.68 0.88 4 195.17 890.06 363.26 937.83 1232.46 602.09 612.04 2918.60
206.72 835.86 1.00 2 631.08 1225.42 476.31 2046.83
207.07 2953.61 1.00 2 2764.64 2755.13 686.00 656.78
213.67 983.56 1.00 2 542.30 2361.39 1281.52 1712.59
213.76 1787.87 1.00 2 594.41 163.31 1637.31 1615.49
217.79 1289.72 1.00 2 1067.94 2186.33 1588.13 1006.17
226.21 1410.35 1.00 2 632.15 2739.31 428.26 1343.78
227.50 1574.94 1.00 2 2378.27 1131.01 1696.70 2550.83
229.39 2069.53 1.00 2 2052.85 14.62 2903.27 1901.35
241.67 4983.70 0.78 6 2187.27 2977.18 1076.93 2451.04 981.63 1235.52 1187.65 2023.86 1082.79 1739.75 125.33 2785.83
247.50 4075.13 0.80 4 1771.01 428.23 1085.11 2271.63 48.42 2337.49 934.19 2936.82
252.02 7700.83 0.77 6 2118.59 2569.12 1181.62 2629.66 630.80 481.10 2164.93 975.61 1176.89 870.30 2334.41 2425.09
262.72 4535.75 0.96 4 260.85 2967.74 1703.30 2693.31 2001.14 2805.86 1670.98 76.73
266.74 5636.78 0.85 4 479.27 2912.29 796.70 1059.38 383.65 277.74 2753.43 1901.69
296.03 5801.27 0.89 6 637.25 2996.16 1373.72 1871.11 1517.34 932.11 882.17 1496.48 150.89 2930.97 1197.72 2941.63
296.80 6839.80 0.77 6 1189.50 135.22 1288.93 642.01 138.72 232.44 210.26 431.77 554.66 2538.76 2370.23 465.77
