23.68 884.14 1.00 2 1361.49 667.58 2164.98 298.63
40.71 1835.61 1.00 2 2014.22 546.40 632.57 1754.91
41.32 965.96 1.00 2 2568.31 2719.05 1673.15 2356.06
42.16 408.02 1.00 2 2962.31 1272.75 2838.98 1661.68
46.79 1639.74 1.00 2 984.52 1118.87 2294.83 133.05
49.60 1879.92 1.00 2 220.96 1966.81 152.17 88.14
49.93 1096.67 1.00 2 621.60 2492.90 314.48 1440.11
52.89 2644.38 1.20 4 1076.68 2545.16 1823.39 2903.28 2051.62 1475.09 1820.63 1186.14
53.62 1680.97 1.00 2 511.59 418.30 2187.85 544.08
54.96 1548.13 1.00 2 1571.17 965.26 2111.62 2415.99
58.17 808.55 1.00 2 2143.11 1633.39 2360.22 2412.25
58.60 1130.06 1.00 2 421.68 1948.51 1547.59 1851.81
66.61 330.51 1.00 2 1666.22 537.60 1955.73 697.03
67.42 2571.20 0.89 4 2605.37 1215.02 2496.86 2437.52 1730.32 2864.04 2134.40 2630.57
69.00 250.07 1.00 2 1604.83 1476.46 1774.68 1660.00
69.84 2192.21 1.00 2 177.70 2304.41 2292.39 1726.56
75.88 994.14 1.00 2 1523.12 390.51 613.39 791.40
79.13 1256.57 1.00 2 962.62 697.91 1068.23 1950.04
82.95 2247.41 1.00 2 2429.12 627.42 202.82 320.13
85.24 961.92 1.00 2 497.91 1021.83 1458.98 1062.32
91.60 2379.89 1.00 2 1620.94 592.03 1913.85 2953.82
92.37 2618.66 1.00 2 695.66 2776.22 2527.35 904.79
96.53 1926.32 1.00 2 2170.63 2001.41 2337.16 82.30
97.25 1062.68 1.00 2 639.49 2716.26 271.83 1719.21
98.28 2613.95 0.94 4 1313.01 2221.29 670.00 626.60 693.93 369.90 183.60 750.62
101.09 3554.74 0.94 4 2951.94 2924.84 1557.54 1439.17 1685.57 1318.82 508.37 675.57
101.64 4682.01 0.95 4 2882.68 2354.63 255.20 961.86 214.33 1748.99 305.93 2664.44
102.44 2022.16 1.00 2 2977.30 173.88 2791.44 2187.48
104.49 1124.25 1.00 2 1784.91 1470.22 2179.19 2523.07
114.67 1433.58 1.00 2 2917.59 25.26 2843.75 1456.94
120.69 1834.30 1.00 2 766.90 171.22 1463.00 1868.31
121.34 767.18 1.00 2 2443.33 2959.84 2719.58 2244.11
122.53 1126.39 1.00 2 2303.31 2835.07 2503.43 1726.60
125.00 2249.75 1.00 2 2967.63 1770.85 1010.88 660.66
126.25 1912.67 1.00 2 1893.07 633.62 1242.51 2432.25
141.26 3363.11 0.93 4 2675.11 182.56 2960.75 2155.90 2670.50 2094.31 2090.89 2996.70
143.40 769.94 1.00 2 2392.69 841.82 1691.93 522.87
144.22 1811.21 1.00 2 102.62 1036.75 1646.20 1984.30
146.97 2248.26 0.94 4 1817.71 1005.87 2745.58 1323.47 2673.32 1153.77 1907.21 388.16
153.35 1167.56 1.00 2 351.13 1180.68 1495.24 947.88
156.83 741.64 1.00 2 16.67 147.07 120.60 881.39
157.45 572.61 1.00 2 1869.81 1155.13 2375.80 887.07
158.80 2440.07 0.90 4 1816.02 2541.32 962.46 2761.18 941.33 2925.91 1611.33 1705.11
162.77 2038.33 1.00 2 883.27 556.35 2909.20 780.90
167.10 354.77 1.00 2 530.65 1973.63 179.63 2025.11
169.43 1271.43 1.00 2 67.50 2139.63 764.61 1076.36
169.87 193.27 1.00 2 211.91 1491.78 213.47 1298.51
170.20 6009.76 0.89 4 799.75 507.15 93.52 2568.97 2526.94 939.48 2647.00 45.77
176.49 1824.70 1.00 2 2355.59 2860.30 1078.05 1557.44
179.57 3078.36 1.00 4 979.93 2112.13 2157.83 2339.37 2996.69 2232.35 2473.12 1341.79
180.62 2831.13 0.96 4 2779.64 1907.53 2763.65 2769.72 2712.55 2921.23 1997.94 1259.48
183.42 1071.22 1.00 2 1104.41 989.70 67.49 720.79
184.52 3526.19 0.92 4 2260.59 2368.88 2402.20 2802.27 2549.50 1618.82 789.16 965.50
184.70 835.22 1.00 2 823.57 2848.22 1452.58 2298.72
185.42 4771.18 1.02 4 1742.13 2637.36 2758.63 1552.08 2688.47 860.39 135.25 431.64
189.65 882.72 1.00 2 2444.11 1877.53 2072.34 2678.14
193.75 2287.69 1.00 2 2903.31 2429.19 1053.02 1083.84
195.60 2179.98 1.00 2 2579.03 1188.95 403.65 1330.45
198.14 3106.92 0.96 4 2619.38 1047.34 1890.24 57.31 1887.44 156.49 216.48 764.53
202.71 6735.46 0.93 6 1393.49 2976.31 963.38 2549.50 99.96 2315.42 1278.51 884.36 2841.64 649.09 1143.98 1248.28
203.86 1193.12 1.00 2 1781.14 848.57 2283.24 1930.90
206.20 2409.97 1.00 2 511.91 2677.35 2377.86 1152.17
206.42 5621.11 1.09 6 289.50 547.54 895.71 895.66 731.50 1080.56 810.90 2921.32 1676.64 2795.03 2368.02 963.80
209.38 1969.18 1.00 2 2165.19 1161.84 566.07 2310.97
213.80 989.76 1.00 2 1724.08 2152.76 798.46 2503.27
216.45 1722.58 1.00 2 1820.82 2277.32 753.89 924.93
227.08 3154.19 1.00 2 1014.59 64.60 2604.05 2789.04
230.59 1929.54 1.00 2 471.36 1734.83 2244.50 973.84
231.28 4064.01 1.30 6 56.78 2980.57 181.56 2898.57 1807.31 2215.44 1654.79 1815.03 1591.03 2090.04 267.53 1521.43
234.06 2503.10 1.00 2 2824.42 1626.73 555.66 2684.20
253.44 6072.16 0.94 4 2208.97 2038.66 214.66 2652.79 106.31 2942.90 2592.29 235.31
257.56 3078.10 1.31 4 2914.23 2728.47 2667.21 1723.30 1725.76 917.25 928.61 1019.27
311.19 6259.74 0.98 6 201.93 264.05 1331.80 380.99 837.14 1479.34 2397.09 726.24 2825.18 2048.55 2137.14 2451.06
316.63 7131.66 1.03 6 2330.68 468.93 1206.00 173.73 298.92 1529.69 742.51 1751.82 1086.66 2890.23 2761.89 834.19
