38.43 1421.68 1.00 2 1527.30 627.71 2915.58 934.09
58.76 1738.12 1.00 2 2647.44 696.36 2920.57 2412.89
86.90 344.79 1.00 2 2885.23 1903.24 2907.73 2247.30
87.27 4063.43 0.64 4 1853.60 2026.51 2132.73 840.47 2217.45 1549.73 134.14 1102.93
102.15 507.31 1.00 2 403.28 2547.09 384.02 2040.15
115.92 4195.88 0.91 4 2861.34 2443.21 404.14 957.89 199.18 653.79 655.89 1495.83
126.25 1012.62 1.00 2 188.00 912.14 1186.36 1081.49
135.36 6767.82 0.61 6 1974.60 2639.56 1896.38 2044.04 2715.20 1072.43 300.45 987.81 2302.90 1319.93 1931.12 1574.39
135.79 489.37 1.00 2 2810.37 2905.63 2338.46 2776.08
136.32 5015.93 0.64 6 1985.72 2605.81 1098.15 2119.26 2008.08 1987.64 1065.20 2834.71 480.50 2730.04 700.56 1527.13
139.70 384.86 1.00 2 723.60 700.28 758.07 1083.59
147.13 6756.70 0.87 6 925.71 1450.19 307.21 457.15 968.11 147.66 154.22 2759.24 680.47 1944.53 1201.79 2971.44
148.64 2032.06 1.00 2 2645.05 420.34 2427.01 2440.67
148.91 1345.49 1.00 2 2443.06 970.13 2918.41 2228.85
150.52 4526.08 0.64 4 1461.17 2222.17 1274.08 1325.86 2770.05 1829.28 1010.01 2844.91
153.54 4476.76 0.58 4 2692.68 230.77 1655.43 1936.59 1993.21 1213.47 2828.38 2673.72
158.85 5242.63 0.70 6 621.91 874.91 763.82 530.06 1716.91 1634.31 1152.90 1412.83 367.00 2229.03 1950.91 2764.73
159.13 6656.51 0.67 6 1882.69 1071.48 2928.98 1723.51 2969.03 2458.21 1537.13 790.21 880.33 2744.94 1269.78 2568.67
166.23 711.38 1.00 2 686.52 1444.14 1237.66 1893.92
171.31 3765.60 0.68 4 2698.93 626.27 662.12 1262.93 1313.15 1270.13 1074.25 2221.11
179.25 6562.50 1.04 6 525.15 271.41 206.92 1040.88 1749.23 2391.29 2563.61 2209.16 2216.60 1612.63 71.90 1399.69
186.02 2300.83 1.00 2 1768.94 950.45 190.58 2624.55
194.77 5638.41 0.91 6 1725.41 1937.43 349.73 2672.08 369.34 2238.76 1153.41 2457.51 1246.85 1357.26 2969.84 1241.59
201.97 9198.56 0.57 6 341.49 1883.36 1601.45 223.94 2635.02 1351.00 1180.63 2803.18 112.42 1916.61 1339.23 160.31
207.21 5960.35 0.93 6 2857.64 4.49 2745.81 833.65 2936.55 805.99 2992.15 2239.82 2433.92 2765.16 1765.15 118.85
209.74 7087.09 0.59 6 296.65 2363.21 1438.54 2097.15 2451.90 610.19 899.56 820.37 175.72 1772.40 1460.56 1349.25
224.31 4515.56 0.92 6 1133.91 2216.81 877.23 2488.38 782.14 2345.00 251.08 2059.91 446.45 278.38 1373.97 1551.18
227.20 5859.87 0.69 6 330.13 1151.19 654.56 1702.83 2713.79 1144.18 1468.85 384.72 2346.88 1070.11 1837.02 1004.57
232.35 2917.44 0.89 4 287.51 2364.78 110.00 945.11 81.93 1226.57 768.28 2215.61
234.91 2845.52 0.77 4 1699.17 57.28 2678.51 617.42 2949.31 1205.39 2220.57 421.95
238.10 4204.87 0.56 4 2835.87 44.35 1368.32 136.01 2395.30 232.85 2014.16 1892.59
239.45 3772.28 0.72 4 2425.91 216.31 2229.14 36.71 2826.20 537.62 99.72 554.06
240.75 4737.49 0.56 4 2095.10 2413.17 618.39 252.92 1506.15 179.32 276.30 194.77
256.81 6640.65 0.81 6 1003.57 190.64 767.45 1647.98 2731.81 686.08 2166.02 624.86 1443.33 541.70 2.38 1406.47
268.94 9747.15 0.79 6 77.49 2988.67 376.12 1215.20 2913.28 2311.95 1774.47 2156.90 1993.31 2990.76 86.02 454.69
271.04 8551.85 0.60 6 281.36 2592.73 1906.99 828.23 80.71 492.61 1842.80 982.19 1210.82 823.04 735.94 2575.04
274.92 11645.88 0.62 6 2885.20 2322.07 1694.80 266.18 1985.67 1927.60 625.13 113.24 1677.63 2765.30 2987.79 680.31
285.70 4885.13 0.83 6 1989.76 1841.85 2274.49 768.08 303.09 683.47 139.07 226.58 920.24 670.88 522.93 544.61
291.94 7496.80 0.55 6 24.23 41.89 1486.64 1306.34 2169.26 1607.74 966.69 731.58 284.28 582.96 2895.09 257.32
309.06 9653.24 0.74 6 1747.94 473.85 1126.89 2642.40 134.94 649.00 548.12 2055.93 2435.68 895.89 2574.94 2378.44
320.47 8123.66 0.61 6 960.25 903.58 158.64 1926.94 2591.17 2465.90 992.01 1362.42 1955.09 6.90 1969.64 733.17
348.47 7723.29 0.57 6 1136.50 2918.57 2198.81 762.49 849.92 378.72 2389.82 474.97 2497.21 1235.16 912.84 1501.79
350.86 9143.24 0.61 6 162.69 2876.81 1941.10 2827.14 979.32 2492.83 1295.21 1005.72 2729.86 56.60 504.60 2222.70
374.03 9601.69 0.58 6 407.05 409.89 696.32 2931.95 141.57 1133.34 112.07 2973.64 391.48 1994.52 1965.05 286.82
