133.86 5793.05 0.77 6 2173.75 571.44 1808.77 2620.86 2172.92 1676.55 805.38 2021.02 564.49 2285.09 1438.18 2608.42
137.33 5666.56 0.49 6 998.89 2871.06 727.78 1813.20 1656.24 2326.54 46.00 2811.48 613.54 2745.38 1141.99 1600.95
141.73 5786.60 0.61 6 2886.23 351.95 1077.78 784.68 2742.99 1112.11 2998.72 1436.76 1538.45 1491.83 1241.79 1687.57
166.82 8340.79 0.63 6 429.78 1980.64 182.87 2845.56 1877.98 1281.60 663.13 901.50 2639.14 2734.73 1486.86 2916.87
170.74 8236.83 0.44 6 2824.76 2014.03 1248.97 447.65 1420.56 2548.02 2357.41 956.20 1129.38 2263.25 902.21 2122.73
172.49 5924.39 0.42 6 1237.18 2527.63 27.42 1517.20 2000.26 1849.56 694.30 2121.51 1119.60 1853.51 1449.61 1463.56
175.81 6690.69 0.67 6 1139.52 2500.09 2054.54 771.98 1925.08 1471.79 1497.90 1963.82 2464.78 2899.52 504.70 2384.93
188.42 7720.99 0.63 6 295.82 2943.96 663.82 437.77 1737.43 1252.73 1408.47 2519.19 782.32 2804.27 457.23 989.60
200.14 5507.21 0.87 6 230.81 487.35 1167.47 2689.58 419.85 2965.43 721.42 2503.95 995.19 2266.83 2172.49 1502.38
201.07 9453.53 0.45 6 2417.33 2744.22 1671.86 402.28 1940.12 2766.68 1687.16 2903.36 728.58 610.01 2541.40 277.39
205.17 6958.42 0.65 6 288.94 446.69 2445.64 801.97 1218.08 1695.01 575.80 1579.37 1190.69 1119.15 2970.70 677.57
220.40 1120.19 1.00 2 1761.01 1043.77 2536.55 1852.09
223.34 7566.90 0.31 6 2052.12 2543.60 2278.76 280.50 1301.73 2353.13 1961.21 2574.66 1137.79 1658.10 1697.57 2573.88
229.50 5775.03 0.73 6 1664.22 1224.13 279.19 1794.13 875.54 1163.40 78.79 1061.74 973.29 1155.71 254.10 2703.41
230.63 6431.32 0.91 6 1471.81 1067.43 2039.08 1982.02 2394.17 2139.33 2823.43 1295.54 257.08 1855.85 246.11 462.66
231.82 7791.03 0.66 6 168.34 28.35 286.09 1584.48 223.04 2776.75 514.15 1499.58 127.66 634.25 2697.93 1690.53
232.33 4716.67 0.82 6 874.34 2084.87 727.27 1128.17 341.66 1691.55 1473.02 1727.64 2449.48 1178.81 1776.68 1636.89
234.23 9311.46 0.45 6 507.80 2160.94 1626.41 1925.43 2540.09 2835.56 1464.95 2750.70 176.20 101.47 2004.65 2293.02
236.20 5810.00 0.90 6 2715.62 2934.52 1142.20 416.52 1781.42 586.64 1715.88 508.75 903.39 1479.37 320.92 913.97
238.07 6503.73 0.49 6 2135.03 1901.70 319.65 15.59 809.30 397.52 2218.97 950.03 924.80 1079.75 562.18 1346.53
244.64 9232.06 0.35 6 19.84 1654.93 824.22 2932.44 2022.10 2418.50 35.55 1588.25 51.43 2439.47 2729.32 321.05
250.57 5328.35 0.72 6 2045.14 1650.30 2125.10 1315.36 2456.90 2386.97 2859.01 1384.87 873.99 2078.51 1227.42 1497.91
256.40 5319.91 0.83 6 1900.01 726.06 2367.23 221.90 1202.42 1519.84 1975.99 2145.71 2972.10 1437.70 2761.18 2075.13
258.81 6740.39 0.60 6 189.80 1304.03 230.76 755.10 2846.47 996.65 1263.31 1452.69 739.77 1875.10 1860.58 2412.23
291.91 5895.69 0.55 6 425.03 935.67 1448.78 1428.49 956.73 900.79 1366.00 620.60 1314.50 2090.29 2430.56 345.26
293.83 6891.33 0.43 6 1630.94 2372.16 1610.72 1914.54 1972.80 1065.03 1078.59 2686.50 254.95 2306.86 1941.00 132.89
297.05 6752.51 0.73 6 2950.82 2032.42 2897.15 1291.37 1532.03 1556.39 1198.85 2258.05 31.64 776.22 1741.55 1725.71
298.57 5628.34 0.78 6 553.36 1921.44 1842.32 591.97 2114.21 617.35 1296.40 87.58 1776.61 1166.51 2256.98 2426.19
307.06 11252.89 0.42 6 2604.35 2662.66 98.71 2786.30 1761.11 2256.76 1426.50 139.69 943.45 2884.41 2138.13 1194.89
338.20 10309.99 0.80 6 988.63 1004.21 2922.68 408.37 602.55 942.55 2446.43 2578.53 962.00 2841.84 2893.72 2906.18
344.52 8825.86 0.41 6 1337.34 1173.40 1501.40 1034.90 1247.93 2885.18 2317.03 1765.77 73.69 313.65 348.21 2822.03
348.66 7832.79 0.50 6 187.69 305.26 977.95 1372.65 1583.15 1917.33 2615.94 560.88 787.06 2587.91 1790.91 1833.93
348.83 8441.41 0.70 6 2547.54 1943.91 2951.70 731.74 1679.55 2875.39 2031.42 493.06 523.36 480.41 695.57 1215.14
352.49 12824.25 0.64 6 2922.97 161.09 1021.78 2307.02 2320.66 88.88 1311.26 2516.02 2864.58 1190.11 819.98 2977.76
