25.35 967.45 1.00 2 1639.79 870.45 2203.14 1656.96
39.72 585.94 1.00 2 2552.50 918.19 2985.18 523.07
49.21 260.54 1.00 2 2277.70 1412.66 2510.31 1295.30
51.26 163.04 1.00 2 534.27 2974.96 660.56 2871.84
53.07 153.48 1.00 2 985.43 2076.41 885.05 2192.51
61.54 1576.82 1.00 2 1019.59 2611.10 595.43 1092.40
66.81 2240.49 1.00 2 2379.55 1658.02 143.98 1509.64
72.87 643.50 1.00 2 2275.79 1403.21 2914.70 1326.46
73.60 1580.03 1.00 2 2407.02 1600.94 2392.59 20.98
74.21 210.43 1.00 2 544.60 2329.76 604.25 2127.96
75.55 1477.44 1.00 2 2397.82 2548.64 928.49 2703.27
75.79 389.52 1.00 2 2269.54 2634.58 1977.89 2892.78
81.11 3255.34 0.89 4 1845.82 2934.67 1117.43 2094.39 1247.11 2192.42 2088.94 399.48
81.92 4096.24 1.07 6 916.65 746.19 835.34 758.16 1307.68 791.71 2574.38 762.72 2828.60 1168.60 1392.92 91.88
89.31 465.37 1.00 2 2707.51 2221.42 2243.10 2191.57
91.53 476.63 1.00 2 1716.73 2265.30 1437.49 2651.57
93.19 3459.37 0.75 4 1644.74 2952.32 705.03 2763.70 1943.76 1907.88 2220.51 2863.94
100.01 4600.37 0.89 4 299.56 2186.60 428.10 2836.11 284.95 1221.65 2490.41 509.87
104.26 2313.22 1.00 2 2968.32 2392.44 670.50 2125.92
106.83 3441.41 1.19 4 121.13 247.37 56.04 713.88 1335.43 1594.57 764.18 2891.52
113.98 599.24 1.00 2 2940.65 2548.96 2827.92 1960.42
121.87 1593.28 1.00 2 2645.78 2029.88 2647.54 436.60
143.45 3372.58 0.75 4 1522.76 1733.30 681.84 2060.58 1548.65 1852.28 2762.05 842.29
151.70 684.96 1.00 2 7.84 1523.58 653.74 1751.60
154.81 140.71 1.00 2 356.64 1869.21 467.63 1782.71
158.33 4316.35 0.81 4 1785.34 1127.88 816.88 1297.87 23.29 1542.05 2245.00 389.71
158.72 7336.19 0.69 6 10.78 388.78 953.55 54.48 2318.51 366.51 287.68 1075.99 1829.52 2418.16 2509.37 2125.04
159.46 6373.03 0.83 6 2314.76 260.82 2451.21 958.02 1389.02 2112.37 2743.91 2328.88 2057.47 2504.47 1656.49 531.50
162.79 639.26 1.00 2 1375.80 940.69 2012.92 993.04
162.89 444.53 1.00 2 160.89 418.96 383.88 803.51
162.95 1347.28 1.00 2 1910.46 579.92 1972.77 1925.76
174.43 921.71 1.00 2 1461.90 876.06 2376.63 989.22
174.59 1729.56 1.00 2 445.84 592.11 2134.80 964.64
178.81 1040.71 1.00 2 100.14 729.08 1070.80 1104.43
187.61 4780.35 0.69 4 1096.49 1928.13 1536.31 1537.59 2830.15 2582.34 314.74 2318.90
190.24 6911.83 0.71 6 1788.77 543.14 1690.59 1328.86 2947.66 264.79 977.95 2380.35 1334.75 1798.75 2041.86 2355.76
195.36 967.94 1.00 2 2935.27 1947.32 1968.65 1896.96
195.76 2688.19 0.77 4 40.96 2712.57 1020.20 2861.81 1226.40 1763.61 999.09 2297.48
198.27 1513.48 1.07 4 480.35 1653.04 279.73 1904.60 747.84 1988.02 1432.83 2197.26
199.18 1958.93 1.00 2 2084.58 2960.08 125.70 2945.87
201.93 1096.32 1.00 2 745.00 13.11 770.01 1109.15
202.16 1207.95 1.00 2 1094.03 888.12 1257.74 2084.92
205.65 382.45 1.00 2 1688.42 551.23 2056.96 449.00
205.95 5097.26 0.87 4 891.57 830.08 1978.34 2608.64 1387.66 2701.97 929.12 330.96
209.64 2182.12 1.00 2 1690.80 2397.96 2397.59 333.47
210.18 3909.17 0.98 4 2988.24 1956.46 1397.91 2871.90 293.59 2060.12 281.76 2763.62
213.16 4657.84 0.75 6 2131.92 1703.08 2112.13 1716.91 942.68 1522.15 162.57 2437.12 1287.58 1518.84 668.90 2015.79
213.44 1572.05 1.00 2 2433.84 1020.33 998.90 378.21
215.66 5382.92 1.17 6 2889.03 1355.70 2231.45 406.31 854.43 696.78 1744.59 2485.02 1920.75 2778.76 2305.78 2491.03
224.39 2019.64 0.88 4 1223.67 2117.08 1461.87 1616.80 1286.11 1499.17 2406.03 934.84
226.80 5639.89 0.97 6 2980.54 327.38 2200.88 748.46 627.89 1833.67 1173.00 2810.05 1739.22 2758.81 988.17 1880.02
243.33 3566.39 1.18 4 2357.09 2528.22 1215.66 2718.38 974.78 1312.80 506.58 448.28
243.64 9082.24 0.66 6 750.34 2301.16 1167.16 1648.48 2903.94 1711.32 2048.49 263.29 2936.72 2546.60 2734.69 116.93
246.64 5031.86 0.87 4 2184.14 672.62 2789.09 2050.13 2294.94 2886.02 1177.76 586.70
251.61 4480.35 0.84 4 110.24 1233.22 1254.29 927.50 1410.79 220.93 2811.05 2378.90
259.00 8750.16 0.73 6 2536.92 379.94 985.08 1181.84 2546.90 633.73 315.40 2719.09 145.92 2349.44 2030.28 2244.50
263.14 8356.82 0.72 6 774.61 704.56 728.14 2135.29 12.22 711.64 1726.14 1187.78 2689.64 25.66 1762.16 1846.43
287.98 4698.83 0.82 4 2474.43 1200.92 2458.85 426.35 1131.09 1982.07 2879.67 2669.38
293.94 8397.19 0.68 6 989.60 1997.98 1430.85 928.29 2031.57 1466.42 2392.10 216.13 2471.43 2972.95 2865.74 631.55
348.04 8001.99 0.71 6 2380.76 696.26 2958.49 1729.68 2470.44 106.10 410.70 1229.83 1801.82 788.56 1558.65 2082.84
