17.13 356.44 1.00 2 944.43 2774.19 1300.13 2797.10
65.09 2954.34 0.48 4 2182.08 981.35 1891.87 1538.53 1521.18 828.32 2331.14 2120.43
148.27 6213.67 0.63 6 1673.21 625.64 789.22 1140.87 1452.70 1970.82 534.35 1254.48 1751.70 1913.14 540.19 900.30
159.61 7080.36 1.21 6 795.86 454.30 847.80 595.72 2571.47 2248.34 2441.61 2200.68 2627.59 2852.50 9.59 201.78
160.98 6548.96 0.79 6 695.68 876.35 1176.63 1071.38 337.10 2642.69 1455.18 2390.24 1442.88 289.60 2264.88 861.81
170.16 6108.16 0.50 6 1325.85 1196.04 2184.56 1019.52 1229.43 1717.52 2737.11 804.95 2455.57 925.53 499.61 618.60
171.21 8560.33 0.59 6 2118.97 2534.23 789.17 2593.51 349.39 1061.16 1333.22 1296.80 2979.23 2194.90 237.20 2379.96
186.47 5723.42 0.96 6 2317.23 741.93 2352.16 1965.83 810.00 254.75 817.37 370.93 393.58 2221.58 221.67 2166.34
199.66 4882.78 0.34 4 423.99 1849.47 1699.92 697.29 1420.54 2169.10 2302.23 756.07
207.79 8589.29 0.39 6 2908.09 976.19 1394.21 956.72 2114.46 2321.05 1987.25 347.46 340.61 2090.91 1451.22 2414.16
209.27 9863.51 0.44 6 2382.59 952.58 2632.72 106.91 410.62 1128.63 2524.29 1983.39 1903.49 23.91 2829.49 2020.04
210.07 603.36 1.00 2 86.51 2682.80 459.58 2208.59
213.75 8587.42 0.57 6 1467.52 1236.01 1522.46 2669.43 2315.40 784.82 704.58 872.79 2348.48 182.41 952.86 1174.14
217.75 2587.40 0.41 4 1501.13 351.89 1156.59 1423.43 1680.44 1131.93 935.29 1565.96
231.64 7681.83 0.71 6 2287.16 1246.14 1814.62 455.54 582.85 1817.07 44.23 2490.75 2207.62 2377.86 936.57 971.18
232.27 6813.29 0.92 6 696.35 1109.46 997.31 2429.04 507.77 2594.48 1689.46 1928.46 2927.45 286.17 1469.43 749.91
235.67 8783.55 0.65 6 1658.68 1964.79 595.32 470.98 688.00 2403.86 1555.95 1086.29 1607.10 2579.17 2731.96 994.51
235.98 7399.02 0.71 6 279.19 2900.66 1491.10 1180.94 324.91 672.18 1682.99 1450.05 1118.21 1639.74 2925.57 1192.05
236.36 8517.96 0.62 6 646.85 2200.00 60.09 2821.07 1454.70 470.84 2820.04 108.22 307.56 1193.81 904.40 690.02
240.41 9320.66 0.72 6 1875.86 2843.63 1814.88 59.76 270.76 2114.19 1839.91 989.05 2166.69 2407.24 2736.69 2300.53
241.27 7863.62 0.59 6 1537.07 70.30 792.81 1968.15 2723.00 1599.61 822.15 608.00 1414.20 873.72 733.84 51.64
257.08 7553.81 0.52 6 934.36 1013.61 1695.94 1219.60 2265.11 2384.09 451.84 964.33 16.72 2071.19 1636.77 939.05
261.68 5684.15 0.96 6 1209.81 764.25 232.43 457.27 788.81 306.97 1623.05 1978.10 2191.97 839.96 2390.65 1761.95
262.25 7212.36 0.67 6 2244.45 498.59 117.19 1272.55 1461.58 2246.98 1312.80 2915.75 512.17 2409.46 1641.26 1198.22
268.03 4001.65 0.58 4 1820.32 100.58 131.75 2086.50 824.85 1436.20 759.11 1875.81
271.43 7371.75 0.32 6 890.25 1306.44 2030.05 1567.44 1950.66 424.55 882.67 2765.91 1845.30 1114.90 1569.75 613.39
279.50 5475.22 0.47 6 1592.06 2649.86 2836.47 2500.81 1681.46 1470.28 2526.57 2866.08 2134.04 2519.63 2366.90 2056.10
283.01 7650.35 0.69 6 1842.00 2143.42 1388.64 2808.61 2557.19 406.02 1558.14 753.72 2781.24 2160.39 1573.14 2488.22
286.33 8716.38 0.55 6 1956.03 965.51 2575.96 2978.27 2097.77 1127.06 2126.60 1543.29 244.30 315.13 2270.66 486.28
291.75 7487.38 0.54 6 469.36 1051.36 1886.47 2783.64 2604.28 1753.41 1677.47 678.09 823.74 2462.26 917.25 1873.50
291.99 4999.66 0.84 6 2913.42 2469.98 2991.69 1896.72 2624.81 2251.76 2589.56 2782.72 1470.90 1420.35 2422.29 114.58
293.68 6984.22 0.75 6 2298.16 990.48 831.71 2421.90 1420.22 504.30 2315.94 1776.51 2614.01 2005.49 2350.09 2967.26
301.25 6262.42 0.83 6 1673.72 1306.24 1097.06 1398.23 641.34 1679.38 1044.54 75.89 2010.12 2185.47 2993.70 2818.22
302.07 8303.38 0.63 6 29.46 1248.91 2930.93 935.52 1613.19 993.11 451.05 201.14 563.02 2082.14 183.32 1406.08
332.43 8621.63 0.38 6 274.01 2410.06 2623.84 970.01 1535.12 1319.07 439.47 494.46 2687.86 156.57 1994.53 981.27
358.34 8817.07 0.50 6 1147.37 537.02 1326.24 1578.01 282.33 1106.60 2242.89 32.02 16.84 931.17 761.28 2764.69
