104.58 4029.22 1.12 6 1840.33 909.54 1481.43 1089.00 2120.90 627.26 2153.43 702.77 842.27 2713.52 588.26 2463.37
110.32 115.99 1.00 2 126.58 658.22 11.09 669.08
116.66 333.03 1.00 2 690.82 1871.76 717.06 2203.76
142.76 6837.77 0.73 6 47.62 2075.54 1429.59 2704.33 2685.80 2109.90 1939.33 6.14 2018.12 1239.49 2287.40 1614.39
151.66 6982.78 0.90 6 2361.92 1947.29 2496.25 2014.84 2438.34 2482.40 232.57 92.84 2016.74 1058.98 1073.90 531.56
153.27 7663.56 0.55 6 2872.25 954.91 784.08 2258.08 2949.07 1024.89 2046.30 1027.91 1358.15 737.78 1379.40 1798.54
155.53 6876.38 1.07 6 2303.90 2091.09 2808.74 1333.73 843.40 2764.20 25.29 1388.08 664.56 59.35 1073.46 269.90
163.79 6689.42 0.39 6 1188.26 2609.75 1655.36 1979.52 1695.42 196.08 1707.31 1482.03 1697.12 2047.15 384.74 195.15
164.62 6131.22 0.46 6 1361.78 2813.67 155.59 2816.28 822.11 2040.52 1922.90 2829.22 1297.64 2985.32 1399.76 1084.42
168.96 6047.82 0.73 6 2277.07 2651.41 1260.19 1346.58 245.43 1715.46 673.64 833.80 15.48 583.82 76.12 2212.33
199.11 8155.66 0.48 6 778.87 1709.71 2346.76 575.55 2078.96 1598.82 683.90 1569.24 2033.94 2975.85 758.76 1680.35
222.69 3134.41 0.75 6 1333.52 1054.72 1863.38 1278.31 2413.51 951.06 1751.89 1395.76 1402.65 1226.86 1147.11 538.70
225.42 6171.07 0.77 6 2003.58 2084.34 993.44 1735.23 1256.09 486.84 2945.77 1799.29 2889.19 1848.31 1362.91 2367.57
226.69 7434.36 0.66 6 1151.76 2385.49 1018.85 2812.75 984.58 577.44 2639.81 1857.69 2348.79 1362.23 308.07 1785.53
229.47 7273.69 0.48 6 202.63 2368.25 1912.09 768.86 1333.87 729.46 580.84 1719.64 1263.02 2173.87 2391.08 181.47
230.49 6724.30 0.96 6 1759.32 2034.90 2505.52 2576.11 601.12 2725.50 171.95 1521.32 1266.18 586.22 2355.79 1024.66
232.49 8024.50 0.61 6 1878.56 197.37 884.75 1144.37 699.34 1798.73 2032.69 1677.77 287.49 2255.89 1979.17 31.82
241.02 9051.18 0.43 6 1002.91 751.23 1022.41 163.30 2830.64 2327.25 323.52 715.08 1000.77 2382.33 1858.70 2292.30
246.19 9609.74 0.51 6 2934.29 1271.46 493.44 932.42 1439.90 2424.18 223.32 749.95 1877.98 290.18 1777.59 1878.89
248.86 5043.01 0.95 6 1495.76 1392.80 2083.53 2146.95 1202.84 2763.56 965.47 1121.64 1484.38 805.01 1751.95 109.81
259.56 8478.24 0.68 6 935.00 1307.54 933.56 2655.67 926.02 1028.70 2879.22 2263.12 2326.49 442.23 1106.49 24.25
261.28 3263.79 0.93 4 2502.90 1019.47 1210.11 2335.93 1257.44 2057.29 1612.81 978.24
267.20 10059.76 0.68 6 1876.05 1736.80 100.03 939.84 382.61 2757.35 256.60 182.06 2543.08 195.08 1325.76 904.41
271.70 6784.98 1.13 6 1798.65 2930.94 1848.08 567.31 983.04 159.78 733.65 138.59 1606.41 2368.76 2386.84 2618.55
275.24 4962.19 0.66 6 2993.99 2995.22 2349.38 1211.43 1965.93 1416.01 2257.15 2219.46 1217.28 1739.86 1537.94 2283.48
278.70 7735.15 0.70 6 2528.64 2731.95 1136.77 2362.24 915.22 720.45 62.98 2032.36 332.91 2808.34 2428.46 1982.73
299.82 9391.05 0.46 6 2857.76 994.55 90.05 345.57 1757.06 2296.60 2220.24 615.95 871.73 583.21 131.71 89.06
309.89 8394.71 0.62 6 2554.51 2905.15 244.22 1412.00 1525.84 2253.92 2657.50 627.71 1990.51 194.62 1935.21 1527.48
314.60 6530.23 0.42 6 447.84 1192.52 1423.31 1547.48 2167.53 1384.20 680.78 2247.41 2357.92 2272.86 2375.74 939.22
324.18 9708.90 0.52 6 2823.49 2931.31 2635.16 196.13 2384.69 575.04 2993.08 2644.99 433.30 2772.47 1134.59 1122.77
325.58 10578.90 0.67 6 552.73 2969.63 593.47 522.44 1019.45 1663.51 1088.45 221.19 2656.15 2156.51 535.62 64.48
330.74 7936.84 0.65 6 600.92 589.94 2446.69 2050.62 2737.15 25.60 987.72 908.15 823.39 2116.93 898.42 2466.93
341.17 9358.63 0.47 6 658.58 609.00 918.00 2666.13 1122.32 1651.66 2589.50 1187.70 1714.11 2806.50 402.99 252.08
351.41 8070.47 0.38 6 563.54 2310.39 1349.92 1675.34 385.04 2830.06 2093.82 628.75 1124.10 1732.53 29.04 2431.20
364.84 9941.88 0.53 6 701.37 1936.06 2527.81 1538.37 2779.82 295.23 1077.28 247.26 1930.96 2357.62 214.05 114.84
