22.01 600.68 1.00 2 388.84 1702.45 980.97 1601.50
53.20 360.09 1.00 2 2012.71 2546.11 2351.47 2424.04
70.99 1149.48 1.00 2 1279.02 13.03 202.09 414.95
74.16 907.83 1.00 2 1629.41 613.78 2258.21 1268.58
86.03 701.31 1.00 2 2290.79 280.75 1691.78 645.45
90.13 606.64 1.00 2 2361.25 1591.79 2072.77 2125.45
95.05 952.36 1.00 2 324.84 995.41 1174.51 1425.58
122.39 6119.60 0.77 6 2503.27 2017.92 1840.79 2932.28 880.52 1277.58 942.05 2254.11 780.53 1323.86 494.06 2442.44
122.85 5842.26 0.63 4 1733.27 2124.47 1220.39 414.27 2491.38 65.04 17.44 1239.83
129.35 5867.69 0.59 6 1001.41 329.57 1265.10 379.12 1476.57 1791.83 2455.27 162.71 1341.93 1253.67 694.25 958.73
132.87 5543.41 0.59 6 903.49 2606.03 558.14 2362.27 1650.31 2571.09 1970.23 2703.10 878.12 1480.28 2804.75 2097.70
138.02 2001.20 1.00 2 786.79 273.63 2781.42 111.61
140.35 4117.50 0.85 4 1354.08 1728.77 499.16 2931.94 68.82 2369.95 1620.77 1216.42
156.27 813.41 1.00 2 1111.85 899.47 319.49 715.66
156.31 3415.62 0.68 4 2061.31 2500.91 309.08 1545.15 572.80 1902.92 651.72 930.88
158.75 7037.74 0.70 4 65.35 1322.55 2632.01 2599.42 2332.88 772.20 218.85 1726.58
159.56 3777.88 0.82 4 765.84 204.41 191.62 1217.00 845.54 815.82 2680.87 1019.79
160.02 6600.95 0.65 6 2189.77 18.76 2169.12 1390.92 2592.06 873.92 2732.12 2917.40 2631.66 1120.74 1966.32 1376.87
171.85 4592.32 0.67 4 180.04 2633.33 1528.71 1916.77 650.21 1571.77 2184.76 107.17
174.19 209.41 1.00 2 2129.33 1303.51 2315.64 1207.91
185.37 868.68 1.00 2 2033.57 1747.69 1424.21 1128.59
187.09 4354.41 1.06 6 2665.73 2370.93 1818.93 2081.74 2105.18 1307.79 1971.17 1214.40 1937.51 612.62 320.11 1547.87
198.83 8241.45 0.65 6 610.84 1949.19 1358.35 2041.90 432.05 729.05 1589.10 280.82 2840.50 2955.13 1334.12 2193.41
199.22 1360.96 1.00 2 1365.78 887.99 1821.77 2170.29
200.08 803.85 1.00 2 2280.72 731.63 1871.30 39.86
211.64 4781.78 0.71 6 568.77 1069.61 1265.95 1319.19 1094.24 718.25 1617.36 1764.19 449.85 1108.85 742.40 1968.40
211.66 8583.10 0.67 6 468.18 168.30 949.97 2153.30 2189.53 35.25 1702.16 2109.48 1184.12 1200.60 591.39 1890.42
211.85 4992.31 0.68 4 479.49 197.02 2594.51 998.52 2609.36 2158.25 2937.12 622.14
215.24 7661.97 0.71 6 2171.34 1914.41 2555.46 1920.34 2671.96 2630.12 2091.94 1143.57 759.58 2752.06 1798.18 72.08
216.03 2701.42 0.84 4 2892.94 1046.40 2502.66 2351.11 1975.94 2546.30 2709.87 2804.03
217.44 971.86 1.00 2 2729.21 1793.62 2590.55 2755.54
219.20 7559.90 0.82 6 2956.12 2751.68 156.00 2601.26 149.76 1959.25 839.80 2145.58 436.71 1864.89 2670.00 2.74
220.27 5713.43 0.80 6 1167.79 2942.86 255.56 1713.86 1068.74 2207.53 1552.08 1267.19 2479.81 1156.14 1563.95 1991.99
229.05 8952.55 0.57 6 2381.33 454.65 2674.02 2160.12 805.27 1163.09 2465.12 2523.03 1553.98 1510.14 759.38 2894.07
230.94 3847.13 0.65 4 2197.46 1957.42 2340.70 184.44 2764.63 595.26 1327.76 248.83
246.77 6238.30 0.85 6 2311.39 1527.54 1978.37 282.79 1005.45 129.94 846.87 1163.69 2716.26 2101.20 2043.96 1618.28
253.04 3951.90 0.59 4 1132.88 2564.08 48.23 1844.98 584.31 2336.94 1099.94 484.43
253.31 8065.33 0.60 6 959.16 1517.06 36.07 2766.52 845.50 329.97 591.25 1873.40 1548.96 953.28 2522.38 1352.41
259.72 5086.22 0.94 6 219.55 2481.84 580.39 2025.41 2075.22 1341.11 2148.98 835.97 1466.58 2665.34 1408.95 2272.17
281.04 6951.79 0.65 6 2411.38 1401.35 1605.51 1692.91 2527.11 1916.73 571.33 2745.80 1415.70 2658.00 2296.58 671.28
281.30 7364.91 0.74 6 536.31 2261.85 1942.05 765.14 2215.96 183.69 1289.99 1680.53 208.90 1112.93 959.81 2624.36
307.98 6499.10 0.68 6 2472.36 844.65 2046.45 1093.59 2871.56 546.90 415.23 2023.39 2340.99 1872.43 2513.37 1738.37
314.61 8330.32 0.67 6 2595.09 2533.83 1407.43 2759.56 2636.46 1503.79 2850.39 2380.07 2850.38 347.86 420.63 384.81
318.06 9502.75 0.67 6 803.05 1275.97 624.05 2444.36 2366.08 1022.92 1644.16 1814.26 2329.10 19.38 472.77 2477.20
349.58 8179.13 0.59 6 63.75 2079.84 150.21 342.05 342.87 2723.62 1434.72 729.74 1478.53 1921.62 986.26 2235.66
365.45 8672.29 0.60 6 288.55 207.73 1257.18 92.19 1681.58 2153.30 2126.52 2728.59 98.09 1203.98 2008.27 2534.09
