28.43 721.53 1.00 2 1436.68 1432.41 1450.12 711.01
29.15 457.30 1.00 2 2571.60 1862.53 2783.32 2267.86
33.11 1455.56 1.00 2 1351.20 898.32 2242.52 2049.06
33.58 1079.18 1.00 2 2756.46 729.48 1693.46 543.27
38.30 1615.03 1.00 2 1039.07 1963.74 1086.62 349.41
43.67 1383.36 1.00 2 1920.63 238.08 666.78 822.49
47.24 261.98 1.00 2 2630.35 1105.28 2834.67 941.31
50.20 1610.07 1.00 2 1365.31 1107.57 2707.39 218.12
52.81 2640.57 1.00 4 894.12 2930.95 614.96 1323.66 695.54 1307.51 1586.16 1050.22
66.35 1817.75 0.87 4 1314.45 1139.35 967.56 1701.83 1651.59 853.15 1714.96 831.75
69.76 1088.17 1.00 2 1783.23 2748.68 1576.04 1680.42
70.74 936.86 1.00 2 1656.09 2334.80 2360.31 2952.70
71.69 2184.26 1.00 2 971.06 36.89 859.96 2218.32
72.61 230.60 1.00 2 2684.15 2188.00 2912.34 2221.25
73.35 1667.29 1.00 2 1219.26 710.24 1115.58 2374.30
74.46 723.10 1.00 2 1498.56 1708.15 1495.77 2431.24
74.69 3334.34 0.95 4 339.69 1895.24 791.84 2377.94 1605.66 2877.57 1802.78 1170.91
76.33 1316.34 1.00 2 2291.72 975.65 1412.07 1954.92
76.55 1027.53 1.00 2 1406.59 658.48 1923.68 1546.41
77.71 785.73 1.00 2 2789.80 2928.25 2372.89 2262.24
78.70 2635.06 1.00 2 2441.93 121.47 2336.92 2754.43
78.80 1239.98 1.00 2 1395.21 2818.35 742.65 1763.97
82.56 3028.14 0.93 4 2497.82 1407.22 2006.44 2545.03 1119.94 1777.88 662.83 2191.41
83.95 1297.73 1.00 2 741.78 1312.03 1154.46 81.68
90.80 140.01 1.00 2 2135.52 2294.44 2072.05 2419.24
92.08 703.92 1.00 2 363.20 1376.44 958.46 1752.16
92.30 815.07 1.00 2 1863.46 2012.13 2213.51 1276.07
92.93 1446.46 1.00 2 2058.35 877.01 2987.86 1985.28
94.78 538.90 1.00 2 1770.93 2538.98 1659.20 2011.79
97.07 353.59 1.00 2 1093.70 2224.96 1016.19 1879.97
99.21 860.40 1.00 2 833.88 1912.53 1660.85 2150.03
111.54 1576.87 1.00 2 2520.50 2871.72 2836.81 1326.90
113.38 668.90 1.00 2 1164.38 727.00 1349.71 84.28
113.75 2187.47 0.93 4 2058.81 51.65 1550.38 1036.90 1324.33 693.97 1157.43 47.10
114.35 2417.57 1.00 2 1331.07 421.49 1199.19 2835.46
117.36 968.04 1.00 2 1345.30 194.48 385.48 320.27
121.06 1253.21 1.00 2 246.21 569.65 136.33 1818.03
121.93 2496.70 1.00 2 545.90 2848.72 1214.28 443.15
126.06 103.07 1.00 2 2372.26 871.83 2432.65 955.35
126.30 415.04 1.00 2 596.85 1184.00 1007.92 1241.29
128.04 2101.90 1.00 2 2946.66 2013.77 912.47 1484.53
129.21 1360.66 1.00 2 2793.70 1450.52 2833.02 2810.61
130.05 4302.38 0.94 4 2720.54 1755.96 2992.60 469.29 1625.11 1710.97 557.71 2111.78
130.97 1048.34 1.00 2 2659.10 2065.47 1699.08 2486.63
138.77 638.58 1.00 2 2235.15 1916.41 2665.01 1444.17
141.49 2374.71 1.00 2 99.71 1360.32 2094.64 72.11
141.80 1490.00 1.00 2 1587.55 1592.08 100.02 1677.80
142.57 2528.67 1.00 2 425.81 1564.72 2611.28 2836.67
144.26 513.08 1.00 2 960.47 976.00 1342.66 633.69
146.55 5627.28 1.06 6 2776.67 871.35 2609.19 309.45 740.89 2650.04 377.06 1973.12 404.19 1830.20 165.97 2937.02
149.17 658.48 1.00 2 1453.29 875.88 1079.37 1417.89
160.88 644.12 1.00 2 1147.22 1310.18 692.87 853.60
168.48 324.23 1.00 2 2686.90 2473.18 2836.30 2760.94
171.17 2158.42 1.00 2 1976.82 1061.37 35.81 117.30
173.92 1195.77 1.00 2 2113.88 1321.35 1963.21 135.12
176.79 839.65 1.00 2 725.99 1311.28 1044.85 2088.04
177.74 986.80 1.00 2 2780.56 1153.28 1820.95 923.25
178.41 220.30 1.00 2 1908.15 2350.28 1892.02 2130.58
181.35 3067.62 1.26 4 2802.92 1424.41 1692.37 1346.71 1114.18 2802.10 730.54 2742.04
186.35 3617.32 0.93 4 2050.40 1505.58 2800.23 1547.67 2933.33 1275.16 370.87 1329.14
188.29 1814.44 1.00 2 124.29 2487.78 1007.15 902.61
190.82 1741.15 1.00 2 69.31 2622.42 1712.04 2045.31
190.93 2446.63 1.00 2 2205.43 2808.96 908.93 734.09
195.25 1162.38 1.00 2 890.36 1928.47 551.93 816.44
195.39 669.42 1.00 2 2172.82 2603.34 1631.20 2209.93
197.51 675.71 1.00 2 1487.45 497.15 948.53 904.77
200.38 2818.84 0.97 4 1218.20 41.33 2041.59 343.74 2013.35 1284.37 1029.83 1100.17
202.86 2443.24 1.00 2 2846.89 1661.19 413.34 1878.58
205.77 988.71 1.00 2 2062.27 1129.44 2216.22 152.79
209.74 3986.82 0.88 4 984.63 2475.24 2212.17 1644.37 2246.28 1952.96 77.37 1621.74
210.49 3624.57 0.85 4 446.94 1579.18 49.25 858.78 458.75 2823.60 1109.55 2367.63
211.09 2354.47 0.89 4 675.79 1966.25 878.64 420.31 633.50 652.60 494.23 1088.46
211.43 671.30 1.00 2 303.44 757.15 783.33 1226.56
215.14 957.00 1.00 2 1808.21 2038.09 1648.55 1094.50
261.40 7870.12 0.86 6 673.18 1707.49 334.92 2935.57 253.41 1419.40 2442.67 2312.72 2175.14 511.95 1438.33 7.57
264.27 3613.68 0.94 4 2908.90 2877.74 2679.95 689.47 2733.09 307.94 1880.12 882.17
292.18 6209.24 0.94 4 2313.65 2748.91 2188.65 707.14 291.84 115.14 193.86 2289.53
292.25 5212.43 0.91 4 1738.65 2835.66 41.73 1769.96 632.27 1493.45 2905.82 2662.62
310.39 6719.41 1.00 6 1204.13 743.35 2188.89 779.55 2130.17 54.53 1822.41 2311.24 635.16 2721.54 2104.43 2618.95
