33.42 570.96 1.00 2 484.58 2728.47 1031.01 2894.00
35.00 249.93 1.00 2 1002.74 2808.96 908.11 2577.63
76.44 3822.02 0.86 4 2066.38 648.50 1278.73 2386.86 1604.73 1932.79 2593.29 1006.72
87.88 4194.14 0.71 4 2933.47 460.59 803.67 1990.98 403.75 1456.28 1026.72 2111.08
90.42 920.94 1.00 2 2490.55 2923.63 2737.11 2036.31
103.33 1166.46 1.00 2 2363.88 2636.41 1902.40 1565.11
109.67 2883.56 0.95 4 922.16 2682.98 2504.75 1840.15 2599.65 1942.77 1714.06 2288.70
110.10 4604.98 0.79 4 2908.59 1349.89 1942.34 593.11 11.25 805.96 1429.85 1021.40
113.18 1158.78 1.00 2 1246.32 2080.62 2362.55 2391.75
113.77 5088.69 0.68 6 1450.16 396.70 1714.37 138.66 2171.47 1058.49 1852.28 1051.19 2545.16 464.21 714.82 2115.10
118.39 4719.54 0.87 6 1894.90 1115.86 1288.07 633.04 847.27 494.62 968.14 374.68 1813.07 1330.90 58.19 2362.67
119.36 5568.11 0.71 4 1862.88 1380.91 320.57 1296.86 286.96 132.85 1827.91 2541.07
120.27 2213.53 0.69 4 1380.34 2458.78 775.87 2880.00 1188.01 2734.33 984.78 1714.73
127.08 853.98 1.00 2 430.82 2115.99 183.50 1298.60
127.90 995.01 1.00 2 528.11 745.75 1201.66 1478.13
128.21 4010.67 0.66 4 1556.68 494.37 1429.66 1012.68 2923.46 1129.18 1218.30 2133.01
128.40 1120.12 1.00 2 954.30 1975.98 157.49 2763.23
130.77 638.48 1.00 2 2015.61 2595.38 2373.55 2066.67
130.79 1339.70 1.00 2 1354.83 1466.67 2526.10 2116.99
139.77 488.35 1.00 2 879.36 1426.96 760.49 1900.62
146.45 522.65 1.00 2 144.59 745.61 396.21 287.51
147.46 5472.87 0.82 4 2079.30 533.45 2903.54 2744.80 1959.41 2857.41 2182.85 706.90
148.93 846.61 1.00 2 1616.20 572.63 2456.80 471.85
151.18 859.05 1.00 2 725.18 1040.52 972.59 217.87
153.14 3556.84 0.65 4 377.62 1831.13 1832.46 2955.16 668.32 2936.67 818.69 2403.38
154.97 5648.49 0.78 6 2772.01 1302.73 2645.61 773.65 1888.99 1027.82 2368.21 1440.05 573.81 917.15 912.90 2690.21
159.07 653.29 1.00 2 1179.81 213.62 1781.19 468.81
159.30 764.98 1.00 2 2686.08 2453.46 2025.31 2838.91
184.38 7619.00 0.70 6 2984.76 2889.52 2432.11 2480.18 390.86 1803.87 2744.22 897.08 1748.47 475.35 1551.39 1636.24
187.98 5099.21 0.72 4 490.75 1725.63 2888.48 1942.14 1912.11 2502.19 969.13 1251.77
191.07 853.61 1.00 2 219.47 124.61 461.53 943.18
194.35 2617.63 1.00 2 800.32 2993.00 156.98 455.66
199.43 1371.73 1.00 2 394.27 2622.00 2.33 1307.46
204.83 7141.61 0.77 6 197.45 2097.01 382.33 2636.94 2907.02 2499.87 1448.79 1433.65 1216.55 2083.57 377.67 785.10
205.68 7484.09 0.85 6 679.18 2784.29 376.08 1412.70 1879.45 2162.98 1941.82 1922.12 2592.43 2883.03 1702.87 28.45
209.63 2881.59 0.85 4 1759.15 2533.44 2657.78 2710.26 2466.89 2198.28 1047.89 2228.77
213.88 7293.86 0.93 6 461.37 99.16 159.15 2281.42 444.93 725.18 1237.77 1798.79 2153.50 805.29 2832.67 340.95
217.75 5287.57 0.98 6 2851.09 2434.27 1865.92 917.33 1762.45 831.53 802.92 1712.71 693.59 1723.71 2561.01 2218.03
222.59 6229.27 0.68 6 2159.11 429.75 2109.51 1908.46 1219.74 2594.00 1688.30 1723.95 1296.97 2527.28 1934.76 903.32
228.67 4533.38 0.67 4 85.01 2126.11 1602.96 1495.97 1096.91 1069.48 2411.92 2868.07
242.16 2608.13 1.00 2 114.79 2397.75 2687.49 1969.33
243.08 5853.99 0.96 4 745.66 2694.44 2957.28 1269.30 2037.64 151.42 304.41 536.14
246.56 3028.23 0.77 4 2548.74 2198.04 1540.33 1502.51 1799.69 1456.78 294.49 1781.69
261.80 3490.10 0.75 4 1157.62 729.22 1524.77 2123.16 1569.01 1222.90 2201.58 265.78
263.59 7179.71 0.78 6 523.55 1406.43 594.38 2481.71 663.95 59.08 2081.74 1003.12 2477.99 295.82 1444.21 831.70
266.35 5917.55 0.76 4 2439.04 2567.55 2402.35 106.78 394.79 697.71 1458.94 1550.62
269.27 3663.67 0.72 4 2451.90 1059.66 2979.03 1883.13 1261.39 1787.65 1982.52 1145.43
273.36 5568.13 0.90 4 363.83 2795.46 2876.38 1895.41 1296.73 691.84 394.38 833.00
274.78 9138.77 0.80 6 247.26 1058.74 506.43 1293.83 1394.92 2338.12 2589.13 59.64 2738.33 2225.26 1208.05 31.79
274.98 5448.80 0.77 6 738.09 2519.69 402.38 2556.22 1971.40 2675.33 1291.75 2234.94 2014.05 2617.82 2148.36 712.34
282.16 5307.90 0.68 6 1687.13 1156.24 1260.08 1336.18 2057.52 2078.19 2426.03 2002.93 2631.79 918.22 1267.37 2738.71
290.90 5445.10 0.80 4 1515.56 2235.49 235.94 853.59 1778.58 327.91 2262.93 2198.20
308.95 7647.72 0.67 6 2187.68 930.18 2922.32 1849.41 2076.02 2574.96 2882.99 2794.80 2623.46 330.23 942.18 1488.53
