70.57 828.54 1.00 2 1829.24 1486.07 2588.32 1153.99
135.04 6151.85 0.62 6 2434.09 1602.56 2213.77 1657.49 2086.32 1289.16 2580.88 2045.82 156.42 2297.04 1280.50 413.31
151.92 6096.15 0.55 6 732.73 877.24 367.13 230.41 1484.79 2205.66 1818.37 1436.10 750.60 1630.94 1070.87 2745.30
156.99 5049.28 1.00 6 133.25 617.19 156.78 915.44 77.98 1826.22 553.28 1293.25 1624.65 1043.41 2679.51 2768.10
176.63 7031.47 0.82 6 660.86 2139.40 878.05 1960.93 2093.32 1510.34 2824.28 2340.63 1580.53 802.61 161.99 2701.28
179.33 166.51 1.00 2 1692.39 2691.90 1739.48 2532.20
179.89 5894.34 0.84 6 2722.35 2430.73 1022.83 2487.72 2187.68 2206.24 1772.88 2271.76 1302.23 1282.65 171.36 327.63
184.25 9212.37 0.59 6 2843.99 2712.97 106.09 2943.17 1951.01 1294.55 2109.27 2296.72 2849.72 1794.44 910.26 2549.50
184.33 9016.52 0.86 6 1837.30 241.78 811.53 125.22 2914.40 64.33 1654.28 2839.80 106.80 1522.81 166.07 2320.84
185.32 66.00 1.00 2 298.40 854.37 355.65 821.55
194.82 6041.16 1.11 6 2773.98 395.62 2852.90 256.61 1012.60 1183.80 45.55 2398.77 749.80 1628.41 1846.64 1085.08
195.23 461.63 1.00 2 1316.75 2656.05 865.44 2753.08
195.67 7383.62 0.52 6 2933.73 2095.03 342.72 1496.72 1152.53 2481.54 1949.72 1361.29 101.27 833.90 253.48 837.28
210.51 6525.52 0.39 6 1977.69 2347.28 372.92 1705.32 536.35 1388.17 2430.78 1824.00 962.97 793.55 1319.73 1399.32
212.35 8517.58 0.53 6 2116.51 1865.62 411.39 2927.82 632.31 1117.17 839.35 610.66 691.61 2225.73 2449.14 425.88
212.40 7220.23 0.54 6 1164.33 2163.89 2813.93 1390.51 1556.74 487.65 2033.91 2575.54 1717.81 1704.91 1143.87 2236.90
214.39 9819.50 0.51 6 1313.86 2691.44 580.94 1309.57 1765.85 681.38 2947.60 1103.13 173.77 696.10 2242.43 2665.01
215.29 4364.32 0.96 6 154.29 1416.99 807.55 2508.03 729.22 2302.93 1573.34 1323.05 879.20 732.09 1085.89 1367.46
219.37 6568.74 0.79 6 175.75 2816.50 440.71 1853.85 115.51 2053.32 829.34 1830.99 148.74 343.34 2581.71 1739.67
235.28 10564.01 0.61 6 2379.54 1704.15 2159.48 2437.87 541.78 131.16 2972.82 44.70 229.84 380.15 1049.00 1965.63
239.82 5290.90 0.97 6 2244.56 346.25 2640.68 1085.64 2743.91 1959.99 723.14 2198.39 1055.95 1516.93 1815.66 1346.90
243.15 7257.40 0.49 6 125.87 2152.07 777.16 772.34 1060.01 2154.96 182.44 2143.65 2035.16 2572.47 1801.74 1049.19
257.06 7653.05 0.67 6 232.44 1331.44 977.37 1114.08 1925.66 2627.56 1533.11 710.94 2468.08 1247.91 429.24 979.62
257.30 7365.21 1.05 6 2364.49 1004.96 1412.06 2920.50 133.83 2790.93 1224.41 1955.93 1865.75 480.94 2735.62 76.61
270.98 7449.22 0.84 6 2993.46 235.33 673.74 1510.49 1254.24 2199.14 231.93 2806.55 1723.32 1644.70 2542.79 1583.27
278.32 8115.80 0.32 6 1827.11 2424.10 1524.55 1744.46 2492.18 97.80 1532.39 2342.62 1032.16 644.61 2178.78 1143.27
290.70 7535.19 0.40 6 1256.55 1708.03 1612.85 2329.34 414.42 780.84 2480.35 375.84 1222.85 1754.27 860.66 941.53
293.02 10351.23 0.37 6 2897.66 1440.62 942.08 192.13 828.43 2607.17 2532.98 653.53 539.41 2297.93 381.67 1891.01
311.83 7691.65 0.53 6 1206.95 1670.82 2692.28 2695.06 2982.40 135.71 2135.95 357.09 1774.43 1849.89 2216.25 1064.87
318.42 7421.17 0.57 6 2686.80 1780.66 1138.12 1315.76 2834.30 290.70 1109.62 1948.21 1526.00 1764.24 892.05 1023.35
324.80 8040.23 0.60 6 1346.69 1226.62 867.87 1431.32 2297.87 2749.03 1349.26 2504.41 403.82 550.35 2809.86 251.37
330.68 7633.92 0.46 6 1280.07 968.40 429.59 2441.96 632.04 1557.40 955.73 535.25 2203.88 2967.62 1725.41 1846.43
337.42 7470.90 0.62 6 2966.42 2260.41 82.05 2707.62 609.42 2825.42 2773.55 1999.30 2879.57 1619.49 1713.50 2196.27
347.24 9761.81 0.75 6 2790.38 2228.56 1294.26 2070.14 2600.64 2755.87 379.19 102.23 2969.80 397.13 2712.78 1063.10
364.75 10937.45 0.47 6 244.52 1263.07 1897.89 2317.93 46.54 362.37 2949.74 1728.04 2699.62 2629.22 790.13 1663.74
379.47 9473.56 0.53 6 423.01 620.53 2396.98 20.00 1562.68 2493.11 2516.37 2264.59 2497.51 77.33 884.82 328.84
