112.43 221.29 1.00 2 2237.81 992.37 2108.56 812.75
136.84 5341.90 0.78 6 232.45 857.18 1620.46 415.12 2119.26 192.69 815.15 959.13 693.78 2081.85 1222.80 1627.83
139.07 6053.34 0.25 6 747.59 2545.01 2002.73 2963.68 2674.28 1837.96 1369.39 2404.25 1786.36 2850.12 2157.82 1514.33
149.70 7484.97 0.78 6 1326.48 641.10 2388.07 509.07 1898.82 1005.56 1419.56 2703.54 254.39 1546.36 2455.27 2253.41
151.63 5281.48 0.83 6 1307.51 87.07 1866.77 80.90 81.31 1928.25 1008.39 2037.43 1182.06 1693.18 407.10 1385.10
161.52 6876.11 0.41 6 2491.71 1643.62 1424.02 777.57 2297.44 1563.90 2691.62 2230.97 741.72 1912.98 1880.25 823.79
181.29 4864.45 0.71 6 1906.76 2486.12 2201.39 2896.42 1614.52 1450.49 2121.93 1306.46 810.25 2424.60 1306.72 2193.08
181.49 8774.48 0.50 6 2018.39 673.92 734.53 1425.41 1243.32 1889.30 597.39 73.28 2549.21 218.48 583.31 2089.06
182.20 7010.02 0.45 6 2560.34 2860.29 1638.40 1809.76 1212.95 495.13 1257.06 2242.55 661.62 658.26 1402.17 382.88
221.95 9297.41 0.56 6 1247.32 620.50 1752.24 2086.57 1141.14 17.69 1260.43 2714.52 2570.20 2296.78 1055.28 2260.43
222.29 10514.63 0.57 6 1483.13 731.95 2252.89 2310.14 527.66 2873.90 1968.17 16.63 319.76 1275.44 1553.87 150.66
227.89 4094.44 1.19 6 2062.15 2771.73 1983.55 2801.01 1942.90 2725.23 2363.48 1875.17 1275.42 1633.69 2479.89 214.23
235.80 8489.96 0.88 6 1691.91 653.89 503.37 1821.74 2457.90 2894.16 2098.39 2300.69 2243.78 343.60 324.30 77.04
238.63 9231.38 0.37 6 150.85 1137.31 2283.69 1137.38 756.81 245.72 634.98 980.54 2256.03 2495.77 58.15 1618.26
242.49 7024.66 0.39 6 2071.83 1937.71 279.16 664.79 1744.67 1419.78 1472.46 2378.80 2075.36 918.62 1592.77 1276.51
245.87 8393.61 0.63 6 363.17 2951.53 1285.13 1111.71 2548.73 2466.99 2347.91 1041.61 1517.88 1023.69 316.62 2882.36
253.03 7151.38 0.52 6 754.21 361.97 1607.59 2286.57 1452.60 2173.76 577.75 358.66 555.45 649.15 2929.82 1573.91
253.60 7879.82 0.58 6 636.36 2393.50 2103.55 828.81 256.84 2160.22 1021.02 2640.96 30.45 2844.19 1465.73 2274.49
258.12 9306.24 0.65 6 935.87 2032.04 2145.04 227.99 305.70 2317.44 2874.52 1189.96 2071.84 1881.73 2550.88 1801.23
266.27 7513.40 0.44 6 849.00 301.58 538.32 42.45 2922.88 1660.08 582.35 682.45 1602.41 822.93 2092.25 378.84
270.42 5920.77 0.99 6 497.77 922.84 865.83 373.06 2828.03 1501.42 2246.87 1707.62 2066.03 2099.20 1481.39 241.33
274.89 9244.31 0.65 6 805.19 2555.14 2644.89 731.59 1136.97 86.10 2492.19 259.99 1394.13 1831.00 2552.86 545.52
276.21 7110.66 0.76 6 1567.72 1351.54 2970.09 916.14 2220.27 2842.77 1328.16 2580.50 1863.08 1828.89 623.36 633.08
277.10 7754.88 0.27 6 2605.38 1472.64 1408.19 1321.41 2823.19 1433.19 2618.16 1722.19 553.09 154.13 2466.35 1202.12
282.01 7100.43 0.69 6 1981.28 471.17 8.03 1351.51 694.43 2120.87 521.44 225.19 1781.43 873.78 2108.96 1362.09
291.00 5450.08 0.96 6 1647.66 2783.02 364.28 2919.44 475.13 1652.52 1314.35 2094.75 1826.62 717.89 1656.75 279.63
293.90 11694.96 0.44 6 2999.72 1049.88 1955.26 2262.70 61.14 457.15 1950.43 2343.70 2848.84 598.08 378.66 2008.38
296.27 6913.73 0.70 6 119.58 1296.09 273.98 2885.73 120.70 2268.81 966.96 751.10 2507.88 1725.60 1411.50 1954.53
305.24 6462.13 0.64 6 1212.53 1543.79 1627.78 1239.74 2269.33 1876.23 2964.36 1972.98 562.75 1085.34 2279.97 610.67
305.99 8899.43 0.45 6 222.25 1888.34 1688.52 911.51 2293.33 1818.95 160.83 447.59 2981.75 355.35 2372.22 677.06
327.86 8292.98 0.62 6 2852.36 2998.72 2748.22 544.47 2010.40 2573.20 2016.84 808.53 1755.99 1904.35 989.41 2081.02
335.88 8393.79 0.57 6 1475.18 273.73 864.65 2835.58 1364.48 943.55 1043.88 999.93 2440.70 1650.29 969.82 2910.55
348.75 8037.53 0.74 6 2976.77 2738.79 2496.43 1495.13 820.27 2504.17 1384.34 352.40 2149.81 1526.62 2940.73 731.19
353.09 7954.53 0.43 6 1653.80 1150.76 2637.98 2592.08 1244.83 2802.75 2765.60 1524.72 828.74 2370.02 1523.21 2461.65
