90.28 314.16 1.00 2 125.89 1358.73 11.17 1066.26
122.08 5804.01 0.93 6 1894.61 2134.10 8.21 1448.40 633.19 997.55 2400.63 1119.07 2472.97 1503.23 1976.00 2209.64
124.53 5626.26 0.59 6 1514.94 1592.61 1837.39 1836.67 2400.84 1364.86 2668.76 2980.89 1304.81 2849.45 2157.32 1641.37
125.81 1090.33 1.00 2 225.33 925.16 899.46 68.20
160.19 6509.43 0.86 6 121.63 2856.03 1290.03 2875.91 2443.27 1639.64 1347.75 1190.94 2407.17 820.90 1250.27 1505.26
164.88 8243.88 0.70 6 1247.40 1460.68 2652.66 720.07 2721.92 2162.35 2965.11 444.50 1811.77 2871.19 1253.61 2312.58
168.47 7223.69 0.66 6 692.84 945.54 900.85 1956.16 2713.14 762.43 1772.68 1347.81 116.13 688.42 796.10 1592.23
175.34 4466.90 1.38 6 2962.99 2801.76 2512.56 2908.75 2529.07 1783.95 1946.15 1246.60 2586.02 255.68 1684.24 349.48
175.76 6988.04 0.66 6 2857.79 2383.89 1800.73 153.59 1983.87 862.67 1920.06 918.61 2966.61 640.24 347.61 704.50
180.65 8132.31 0.51 6 1616.38 2267.32 1222.01 1881.13 2634.70 2787.15 133.54 997.82 2375.51 1423.55 2742.32 1826.28
185.52 576.20 1.00 2 611.52 331.25 861.63 850.34
190.07 6203.54 0.58 6 2834.82 2175.95 2908.27 2299.45 1026.30 1566.26 2732.76 1861.03 2976.37 486.88 2068.59 582.51
190.07 7103.75 0.71 6 774.58 1972.37 2717.86 612.28 2795.22 928.48 2015.43 1246.73 491.72 292.81 1626.96 1646.04
190.67 933.51 1.00 2 2344.18 2501.07 2244.97 1572.85
201.38 468.88 1.00 2 2871.46 321.36 2696.33 756.30
202.97 7448.50 1.00 6 205.77 2948.44 9.98 718.65 364.32 2298.00 2619.66 2559.09 2335.99 2383.28 2338.61 1395.89
205.36 6668.12 0.85 6 2973.34 2271.94 1167.83 2270.27 2435.43 637.08 1054.15 1020.54 310.71 1537.26 570.43 1912.47
217.47 973.66 1.00 2 2932.36 10.11 2875.86 982.13
221.49 8974.66 0.63 6 2967.83 1682.26 600.77 2055.25 2839.74 62.07 985.76 1635.19 239.03 1940.53 389.63 2248.23
229.01 8550.71 0.71 6 2833.09 2895.43 366.29 2004.00 2367.00 1059.72 340.11 1353.87 834.90 249.80 1163.64 567.90
246.22 6710.78 0.63 6 547.86 636.93 829.54 2524.40 2577.76 2434.73 2401.11 694.56 1650.63 1623.92 1646.81 1732.09
249.43 2771.42 1.25 4 732.88 2873.04 1723.24 2773.29 2794.11 2567.55 2765.48 1882.56
260.21 6810.49 0.65 6 206.24 2846.95 1430.93 1407.67 792.85 1772.56 1764.91 320.49 1083.38 1625.89 1683.57 2382.32
269.52 8576.00 0.57 6 2575.97 164.74 410.76 774.84 1019.82 1236.09 900.62 2892.23 1138.74 459.11 223.19 1592.89
277.73 6186.34 0.80 6 2994.43 2234.64 1955.56 2151.71 2356.79 2606.40 2193.76 2052.20 2489.91 41.28 975.33 1233.38
286.35 10417.51 0.48 6 2320.39 2243.20 680.25 1971.08 2312.52 1161.83 200.70 2979.07 2738.65 1483.13 1927.58 597.34
288.77 9838.59 0.54 6 407.31 1483.04 1022.11 1874.84 951.20 936.17 2988.41 2177.71 97.44 2505.68 2466.49 880.35
290.18 5109.23 0.55 4 1112.50 764.43 1549.44 930.65 296.50 2586.01 1211.14 188.90
295.11 7655.46 0.63 6 577.42 1583.34 1772.31 2732.24 2568.42 373.95 1032.80 1213.56 862.99 747.09 1260.67 1945.01
302.11 9205.62 0.53 6 2071.45 891.62 2685.98 2256.91 1260.51 1973.69 1657.10 892.64 122.21 2756.51 807.14 156.16
304.59 9929.54 0.46 6 2943.76 983.26 2794.23 1808.72 285.47 792.60 2135.40 2608.51 2554.71 1087.60 1001.36 2665.23
306.33 7516.33 0.78 6 398.89 654.41 320.86 619.00 1978.56 2040.94 2878.20 1723.72 433.15 2172.94 1330.24 604.65
326.13 8006.67 0.48 6 1905.15 620.34 2574.34 1986.91 1312.35 756.33 1059.53 2609.85 1469.74 2847.43 1299.88 475.82
328.01 7600.39 0.50 6 531.18 2307.16 195.89 1363.29 602.77 2591.54 1419.70 2287.90 909.59 672.95 2518.40 2890.52
334.33 9316.26 0.62 6 1493.03 2933.45 758.81 384.57 359.93 2013.07 1216.63 573.49 553.07 1922.46 397.35 120.62
339.19 10159.60 0.64 6 1529.05 2968.94 819.94 2383.98 1642.69 178.11 15.86 1568.93 2328.79 562.65 633.02 2000.65
349.95 10997.60 0.65 6 246.03 505.14 2600.08 1892.52 2124.48 508.11 1945.46 1707.05 50.54 655.25 2871.87 2591.48
356.00 8699.98 0.50 6 808.92 1441.05 2343.02 1935.66 1655.24 1925.67 1314.39 400.46 1153.74 2959.48 434.08 803.03
