18.08 403.77 1.00 2 467.30 2629.79 274.86 2984.74
23.92 496.12 1.00 2 438.76 1555.34 931.13 1616.18
31.66 983.17 1.00 2 1484.57 416.13 1972.20 1269.85
54.73 1936.47 1.00 2 791.61 2666.91 2704.93 2965.50
62.17 508.51 1.00 2 1601.37 1928.09 1535.53 2432.32
71.80 3290.13 1.06 4 727.40 2688.74 1900.71 2559.19 1516.07 1239.50 2036.34 720.20
78.01 1400.65 1.00 2 1251.48 265.56 2310.94 1181.72
106.28 813.92 1.00 2 584.15 1930.74 256.88 1185.52
130.06 4203.07 0.72 4 1800.41 539.13 690.35 2770.39 2048.83 1864.91 2118.83 1900.07
139.13 1256.74 1.00 2 278.44 1598.63 240.84 342.45
141.03 1151.41 1.00 2 1083.18 130.76 2155.20 550.91
147.64 7382.01 0.75 6 609.92 955.93 1074.47 2683.29 1711.37 1415.98 1522.80 2141.19 1800.37 323.39 273.87 756.45
147.71 385.66 1.00 2 408.30 785.04 518.28 1154.68
155.19 6359.74 0.82 6 1201.93 1955.11 2088.22 594.44 2535.05 2728.73 2188.90 2637.32 703.42 2695.80 1144.17 2138.31
159.16 7058.20 0.66 4 1494.18 385.61 2067.62 2203.91 7.84 2432.53 1973.49 62.37
163.54 3276.93 1.04 6 318.52 970.38 456.88 968.15 889.16 1647.13 1867.46 1440.82 1809.78 1488.02 563.88 1671.13
164.47 7123.27 0.72 6 1173.37 148.89 2369.73 958.89 1013.76 625.41 912.58 2238.85 1767.68 1678.44 429.72 2632.23
174.21 5710.38 0.62 6 11.24 1042.45 1645.44 636.27 2586.05 1297.95 2153.42 220.95 2339.26 733.52 2789.61 1813.98
176.00 2999.78 1.00 2 2930.99 1576.75 118.13 2619.11
178.05 702.66 1.00 2 2224.23 685.92 2819.34 1059.52
182.20 5510.01 0.90 6 698.34 2996.09 86.34 2185.42 1436.81 2600.32 2200.34 1067.93 1216.61 1457.47 1527.26 1436.15
186.49 6624.49 0.79 6 420.99 411.32 1046.37 2952.43 1376.59 2092.22 1905.57 1559.74 2283.10 909.30 769.30 1374.00
188.66 3232.92 0.59 4 149.37 698.74 588.53 370.47 49.98 423.89 2193.26 449.78
191.04 5652.09 1.14 6 2609.20 375.80 1994.40 1072.61 2637.29 2346.95 1592.31 2431.47 263.34 1964.22 484.40 2772.96
194.60 3729.78 0.59 4 809.31 2112.02 1683.53 2666.98 542.84 2843.68 1048.74 1389.17
195.62 4281.14 0.76 4 1748.14 1714.97 2871.80 2588.92 2860.19 417.23 2602.21 1052.76
197.43 171.62 1.00 2 1904.81 2766.26 2000.86 2908.48
199.41 7970.49 0.99 6 10.65 2821.54 134.56 1580.18 2097.06 836.04 2560.82 1595.08 2947.19 691.92 1005.31 2642.34
200.11 1405.45 1.00 2 1418.29 1573.57 13.73 1523.68
210.15 6507.57 0.61 6 650.23 2780.51 515.69 476.75 1544.17 2073.39 1297.33 1577.89 1275.34 1304.94 33.58 2097.71
216.48 2823.86 0.76 4 2468.16 1061.81 2242.61 803.00 2622.00 595.88 594.90 890.02
217.31 5665.50 1.03 6 2878.78 1596.60 2755.37 2823.57 328.08 2841.67 951.26 2772.83 872.73 2319.62 1162.59 1448.54
218.22 1510.93 1.00 2 841.09 2753.30 2274.47 2275.46
222.73 1536.42 1.00 2 1470.07 425.64 2916.33 944.20
225.47 8173.63 0.91 6 2484.63 2993.60 1856.20 870.65 2962.31 2240.99 109.01 1046.55 418.52 1673.10 419.79 1266.57
228.83 9741.59 0.62 6 2497.82 602.32 170.59 113.15 1765.93 197.90 38.59 2721.22 157.25 2462.27 1330.10 341.87
232.91 5245.73 1.15 6 1900.86 191.42 108.39 825.71 1204.50 1929.38 1521.53 2506.84 1714.86 2907.12 1033.89 2986.39
235.44 3071.89 1.01 4 1826.84 731.11 2314.36 1830.25 2319.42 1951.33 655.33 2487.36
247.11 7755.48 0.71 6 2451.07 507.02 2027.93 2142.38 874.30 1751.20 1650.89 1922.47 2902.37 2.03 2425.27 1696.80
250.73 5136.57 1.19 6 2071.14 2420.28 2838.11 2883.09 2330.92 1488.11 2287.92 915.23 1102.44 1224.02 149.10 1141.29
264.61 4930.51 0.86 6 1641.10 1286.88 1483.57 1302.53 939.57 462.77 480.06 1249.47 1174.91 899.14 2582.03 2434.21
268.29 6314.60 0.75 6 2131.76 416.68 1090.44 1408.72 2982.43 2091.86 2105.25 1722.65 2377.82 1905.17 979.89 2652.39
277.28 6164.06 0.76 6 2709.65 2366.96 2819.23 656.61 1142.45 1287.41 1085.66 911.79 990.92 196.75 1646.92 1609.38
290.96 4747.86 0.71 4 14.36 1686.68 1005.25 2978.42 85.73 1265.13 329.82 115.35
302.28 6213.80 0.80 6 755.47 731.57 1791.19 1011.65 2289.48 2371.34 2926.19 1291.87 1606.72 1068.09 957.38 178.72
321.07 9353.34 0.71 6 486.15 2552.95 357.20 1682.38 40.92 2856.68 1224.22 632.46 1153.33 2659.31 1916.82 59.44
331.28 7363.85 0.67 6 2983.58 95.64 1390.44 2198.45 1701.43 2090.83 524.61 807.42 24.57 1373.66 1340.51 2744.03
