42.17 1808.56 1.00 2 2939.84 643.33 1157.75 335.00
56.07 2403.32 0.87 4 2219.10 1432.87 2983.35 649.37 2494.42 706.07 1703.78 910.32
66.02 301.08 1.00 2 417.95 263.16 692.96 140.64
76.97 1048.57 1.00 2 211.24 1756.26 577.58 773.77
85.09 1354.31 1.00 2 757.14 2313.95 1870.46 1542.81
89.27 2463.57 1.00 2 1937.66 1081.86 14.71 2621.79
92.24 4612.03 1.02 6 2039.12 2455.63 2720.61 2629.30 2084.20 1757.00 2180.68 1080.58 2271.39 933.35 540.34 1879.52
94.86 1043.04 1.00 2 1884.29 1884.39 1238.08 2703.13
99.65 2382.38 1.00 2 240.61 2875.26 2457.05 2001.67
100.64 731.96 1.00 2 87.17 568.75 785.40 349.11
103.63 481.51 1.00 2 1732.22 203.16 1714.70 684.35
109.04 851.89 1.00 2 1303.64 44.85 731.45 675.98
110.82 241.25 1.00 2 2284.83 774.41 2051.38 835.26
111.68 2083.89 1.00 2 2796.50 220.73 791.09 787.20
120.46 922.90 1.00 2 780.11 2537.14 1703.01 2536.98
121.87 5493.45 0.83 6 1282.72 2739.12 2168.32 2787.28 1680.47 1046.99 819.14 1485.93 588.23 2238.74 1578.16 2573.47
122.75 537.37 1.00 2 2651.38 223.16 2349.46 667.69
129.73 1286.55 1.00 2 496.25 559.50 555.03 1844.70
130.43 1521.73 1.00 2 305.10 1141.60 1807.51 1383.29
132.56 3527.77 0.69 4 2219.60 1535.98 2561.08 1998.03 1965.45 579.65 1126.40 1718.88
135.33 5566.40 0.83 4 602.27 373.10 1171.55 2811.68 2295.32 2752.23 1291.26 1095.87
139.68 4884.12 0.93 6 1797.90 712.01 2519.78 297.17 2861.29 1749.57 1984.24 1426.31 1623.02 1185.36 452.75 966.46
143.88 2994.24 1.00 2 189.39 1889.08 2924.24 670.03
150.24 1011.91 1.00 2 67.46 437.26 972.00 890.87
152.94 1047.24 1.00 2 1605.56 20.14 1867.47 1034.10
156.60 6130.14 1.06 6 1837.07 2803.39 906.78 625.88 1343.58 304.87 1112.98 788.92 1777.59 2081.88 887.91 2931.54
157.17 558.65 1.00 2 655.25 1583.12 445.25 1065.44
162.64 5732.21 1.23 6 1813.01 2556.73 2771.75 1168.29 2249.54 249.49 164.28 71.56 160.79 143.73 980.11 221.40
163.46 7272.78 0.76 6 2909.25 730.80 1976.56 1164.06 2103.89 2973.10 1865.20 2597.27 1359.71 277.47 2876.88 820.44
164.91 4245.60 0.79 4 2636.36 62.97 2181.71 1192.91 639.97 244.83 862.28 1442.08
167.42 2971.16 0.82 4 2884.30 2404.30 2110.42 1626.39 2240.98 1287.61 1521.89 2616.32
167.49 4574.62 0.84 4 1088.40 951.03 379.34 215.47 1256.97 1817.73 2973.94 1640.85
173.90 3894.99 0.89 4 539.05 1029.87 2656.53 1905.19 2365.18 1600.98 1206.96 1362.64
178.95 647.38 1.00 2 1046.81 551.68 1415.81 19.75
180.27 1813.44 1.00 2 2026.24 2962.92 2889.53 1368.15
186.18 3609.17 0.75 4 139.00 772.51 961.42 1499.05 1815.00 1559.21 255.52 1001.83
188.77 5038.57 0.80 4 1883.37 1822.65 2739.18 1828.47 1270.68 567.82 198.35 2542.85
191.97 8198.52 0.73 6 1677.65 303.80 1387.52 375.89 408.74 73.49 2618.14 2474.27 2642.51 364.31 2092.46 1762.34
205.55 2077.58 1.00 2 2148.81 2944.77 2287.49 871.82
206.22 910.75 1.00 2 2713.24 2009.00 2048.41 2631.47
211.11 3555.31 1.00 4 1038.77 1692.98 2159.43 808.30 1930.50 438.15 256.02 193.17
222.39 5219.64 0.68 6 2107.44 1781.50 2312.77 2729.54 1444.45 1436.73 1979.78 2082.76 2095.80 500.70 1829.25 515.19
236.42 5120.99 0.98 6 1857.69 1703.32 2164.45 2910.51 2491.74 2930.24 1469.12 2308.69 2389.97 586.70 2558.14 947.54
240.85 3042.38 0.71 4 910.72 1613.30 1287.82 518.75 767.80 386.69 2070.25 38.59
263.33 5166.42 0.78 4 513.85 331.89 1565.11 608.17 2663.93 2048.86 515.29 1324.13
269.79 4289.38 1.19 4 1255.02 2988.10 114.86 2237.47 403.92 721.88 1586.84 8.46
271.16 7357.88 0.66 6 1068.99 293.91 799.34 1170.52 1237.37 2658.97 455.83 2139.72 706.14 504.90 2899.88 1185.81
279.71 6585.33 0.79 6 2873.53 1389.05 1094.30 1666.83 623.98 2389.45 1293.27 310.23 2190.85 481.10 1629.12 1084.48
287.85 4692.69 1.29 6 2870.11 90.41 2128.39 663.34 1278.82 1156.52 1818.43 2613.60 1266.08 2699.56 1674.46 2180.65
291.58 11279.21 0.67 6 153.70 2041.20 2459.76 2558.09 374.61 2028.81 2850.34 2739.62 1434.21 589.93 2831.81 1398.61
293.79 5189.43 0.87 4 1919.23 592.47 1722.95 2941.83 1370.69 2420.64 2302.56 424.64
304.96 6847.83 0.67 6 1851.55 2534.86 1409.88 2488.81 480.50 1839.22 1651.24 413.18 208.06 2045.64 1289.65 2664.07
346.52 9626.17 0.67 6 2868.72 96.22 1734.11 498.38 417.95 1399.01 2843.20 2098.28 758.24 1912.48 2884.65 2515.68
383.98 10499.15 0.66 6 1887.69 978.74 981.71 996.05 2870.99 2655.01 471.03 2194.11 2053.29 58.45 97.08 344.47
