105.93 1996.31 1.44 6 1313.02 1232.58 1332.60 854.78 1602.03 928.40 2029.09 712.59 2245.61 1346.78 2425.87 1407.05
106.70 5335.25 0.28 6 2533.45 729.95 1187.30 930.82 504.40 1531.45 1766.61 1571.89 1018.54 999.21 342.08 1529.86
108.37 4818.45 0.80 6 2318.54 1482.35 1346.72 2772.46 1873.57 2592.74 2263.34 2279.63 1693.48 1905.89 1881.65 452.87
117.05 4952.56 0.36 6 204.86 1326.62 168.52 1522.01 170.67 2495.09 908.46 824.02 931.22 1355.74 230.19 2592.75
138.54 6626.90 0.80 6 2717.77 1048.13 2445.11 708.81 1807.20 2280.65 2182.14 2456.85 439.33 591.82 1966.53 531.44
141.68 5883.98 0.70 6 2565.88 1845.03 1662.95 2375.45 2429.45 1955.51 1521.20 1388.13 2687.63 1349.20 964.58 1426.89
156.05 5402.48 0.51 6 2814.01 928.75 2439.55 2010.35 2056.24 1579.18 1130.04 2374.99 2486.88 2216.32 1938.07 1270.22
166.90 6544.84 0.56 6 476.24 1118.56 1015.10 1793.66 197.74 283.52 848.68 1226.31 2367.68 1941.92 2035.14 852.44
188.54 7927.21 0.61 6 452.58 185.62 1030.31 2142.95 743.23 1313.27 310.51 2697.38 1513.65 517.68 1318.27 1568.24
188.88 5544.04 0.95 6 750.01 1923.54 307.77 2537.68 2289.35 818.37 2622.35 1663.62 2553.50 855.19 2715.92 442.05
192.29 7514.40 0.47 6 2171.20 1969.69 1000.09 1748.22 2903.09 2095.44 2719.03 2619.84 424.29 1049.46 1175.87 1785.12
222.96 1247.83 1.00 2 908.47 1600.43 1507.72 505.91
227.18 7758.90 0.61 6 2505.34 1103.52 1385.04 845.32 2898.80 2450.67 2841.39 2953.32 1145.62 1582.38 2403.78 415.20
228.83 8741.38 0.38 6 1085.48 1087.79 2843.00 1458.81 231.50 2533.29 540.79 642.58 679.63 412.70 303.42 2312.62
247.04 9352.17 0.63 6 2505.36 2651.05 2298.92 393.15 2494.04 2313.29 113.24 1010.29 1130.16 486.74 2427.13 496.62
248.05 7002.66 0.57 6 1993.11 256.84 1578.18 1521.98 1171.36 1410.41 2923.96 203.04 2964.99 1662.46 1907.01 2943.12
254.08 5803.77 0.76 6 2181.24 236.78 1636.42 963.63 919.49 1807.86 1807.36 2467.02 240.21 1982.76 1278.35 2069.29
256.52 7725.87 0.53 6 1371.34 332.57 49.31 1546.13 1287.72 1844.43 2715.44 1790.22 725.81 430.73 721.69 1249.70
263.58 7178.78 0.54 6 525.27 2337.43 1895.21 2434.49 1373.04 880.33 1393.87 2086.17 189.30 2328.57 131.42 598.41
263.76 8688.13 0.64 6 2792.48 2517.53 412.80 860.64 416.38 2116.61 1949.88 2374.14 2489.28 2088.22 1345.80 15.75
273.66 7982.80 0.58 6 760.95 48.73 2198.82 1884.77 997.56 133.01 2365.56 1034.41 2314.50 2205.56 1638.04 2440.53
275.46 9572.98 0.65 6 1312.42 2839.24 1048.76 80.01 707.33 2983.58 666.11 1353.38 159.77 1506.02 1124.74 84.56
282.42 6321.10 0.57 6 2037.19 2846.47 1721.77 1588.38 748.83 340.35 1116.04 2289.25 1194.10 1948.68 2207.02 1497.13
286.73 8036.33 0.51 6 125.72 2800.11 1629.09 759.94 1070.92 2342.52 1546.15 2967.37 2259.87 573.31 2597.39 995.77
292.73 8036.67 0.42 6 373.43 1104.06 2683.91 1159.93 1492.57 2772.93 2668.46 2229.92 2921.17 1488.61 1557.83 2403.44
299.90 7495.04 0.79 6 2038.23 2858.37 2343.94 104.40 1098.99 1148.56 428.34 1822.72 201.70 2335.55 1701.73 1815.28
300.24 5712.07 0.93 6 1349.92 2040.33 2340.79 1919.38 1297.85 2732.14 1033.54 2633.88 545.89 2898.79 166.24 372.48
302.31 10315.56 0.65 6 237.68 767.77 2181.70 1583.31 903.45 143.25 2504.89 1646.41 333.56 864.30 1259.48 2381.70
334.39 8319.75 0.64 6 2696.04 1335.33 2536.56 958.76 1626.51 2674.00 263.37 2045.79 1042.28 194.82 2554.09 2135.43
340.25 8912.69 0.33 6 1160.96 1685.02 1338.82 2989.10 1473.60 367.91 785.33 780.87 856.73 2749.44 2558.48 1356.13
348.65 7832.33 0.66 6 459.05 493.97 1038.07 2822.71 751.82 1905.17 967.98 2128.00 2684.78 2537.80 1652.52 375.51
353.66 8982.81 0.40 6 2781.97 1913.10 364.09 602.94 78.85 1662.06 2381.09 1526.27 416.63 2371.12 1106.73 2410.99
360.21 9010.74 0.54 6 1654.94 1835.85 2998.79 2156.61 2470.02 221.25 258.65 927.87 1577.09 2307.49 2917.14 1927.02
369.77 11288.47 0.43 6 1054.64 127.07 2994.45 823.67 225.12 1912.54 2610.11 1057.68 2940.08 2843.71 1089.93 2403.29
