46.86 1143.00 1.00 2 94.55 958.90 93.12 2101.89
62.05 402.42 1.00 2 2327.22 2420.41 2716.23 2317.39
89.98 399.24 1.00 2 179.98 2364.26 338.26 1997.73
95.87 4793.59 0.65 6 1119.97 2810.78 657.21 1053.40 319.28 1921.41 1569.36 2458.08 1224.00 2254.70 1360.96 2503.05
114.04 1702.09 1.00 2 442.16 399.64 2104.42 33.58
125.47 5373.29 0.67 6 1072.54 1209.00 1163.24 625.35 1435.32 1844.41 2093.46 900.65 1285.57 1769.07 125.62 1474.00
135.86 792.89 1.00 2 2770.36 1815.61 1983.03 1721.96
151.47 5973.48 0.59 6 2717.63 1424.62 2172.84 2146.83 2247.16 724.14 1631.20 248.89 2766.93 1364.06 2952.00 103.03
151.82 5090.76 0.39 4 870.86 994.25 2512.12 597.37 329.02 464.39 1458.74 17.08
169.17 5358.55 0.83 6 2840.02 1688.31 2096.76 61.61 1904.50 318.98 1314.29 1100.03 1575.53 2081.44 1420.97 836.71
174.39 7419.33 0.63 6 2583.52 1151.27 2065.77 1860.70 1470.93 81.98 1617.05 294.02 1053.16 2914.09 116.01 1462.35
186.55 6527.47 1.01 6 131.62 548.03 2536.62 686.20 2734.97 304.61 1020.21 2049.10 1334.00 2102.34 417.62 2221.07
197.65 7682.60 0.65 6 1389.54 2091.39 1961.11 146.14 1473.30 2706.79 1164.53 2774.94 1756.98 2094.65 880.17 488.24
207.10 9754.95 0.57 6 1625.90 289.76 93.29 363.23 214.01 760.30 2443.48 70.52 557.14 2328.20 2853.04 1265.75
214.68 5633.93 0.92 6 1172.33 1819.31 381.98 1844.69 1938.12 2266.29 2600.81 2245.83 2371.40 2666.23 471.86 1796.94
215.71 10485.73 0.64 6 2685.70 564.99 1513.53 323.40 2850.33 725.50 1.79 2380.78 433.07 216.62 1218.36 2475.70
224.17 7508.71 0.55 6 1711.26 1993.92 1119.95 789.02 556.53 1239.77 1338.31 2989.56 200.46 2369.99 1679.00 696.74
224.24 5111.81 0.55 6 1407.98 272.96 1550.99 1894.10 813.75 866.84 1469.03 1027.23 754.78 804.63 1540.55 939.15
230.70 4834.88 0.61 6 2671.65 417.83 2061.31 1084.46 2394.09 1745.25 2309.73 885.05 1628.33 963.43 520.25 2173.78
235.02 5351.02 0.92 6 2717.43 2721.65 919.04 2477.21 791.73 1271.54 1698.04 1045.54 1553.02 1234.62 1977.33 2304.94
237.22 7361.08 0.83 6 1900.19 1624.21 380.87 1529.60 1540.15 2962.09 2411.61 438.34 2583.56 203.98 1698.47 741.20
255.43 8571.43 0.49 6 1756.72 26.57 2762.19 2581.76 1424.28 1436.20 2641.15 411.19 2403.68 566.00 297.14 1163.57
264.03 8401.26 0.88 6 2260.24 2519.31 787.41 179.02 2341.90 83.00 1085.17 676.03 1295.61 2612.01 2014.97 2792.34
271.10 4754.83 0.62 6 2936.02 809.19 2536.15 662.92 520.63 661.02 1458.77 287.05 1378.52 496.93 322.16 716.31
273.07 7953.27 0.62 6 2420.43 2751.33 981.26 924.43 1158.28 2613.48 910.49 1605.87 2845.49 1534.32 2065.36 2085.75
274.67 11833.27 0.56 6 929.44 2331.49 1231.82 30.88 2342.50 2806.61 2563.93 649.67 385.15 2588.15 1333.29 1506.22
277.62 8481.24 0.65 6 862.88 2319.30 199.00 254.53 1924.20 1108.56 1298.22 92.74 2674.95 436.69 1179.80 1393.52
278.13 10506.70 0.67 6 1671.84 1266.77 2845.99 1072.93 2719.85 2626.60 195.53 788.33 1203.98 2757.82 363.03 485.99
280.24 7011.88 0.49 6 2628.44 1915.79 2491.17 549.23 736.90 1453.03 617.20 2369.84 1942.43 1490.87 812.22 1704.57
291.99 6399.63 0.69 6 2673.93 1699.70 1873.08 831.52 1854.94 1711.85 29.57 1012.82 1289.41 691.47 800.21 1657.85
298.05 5502.35 0.64 6 1140.49 1623.79 1474.56 2368.76 1497.10 1846.91 815.17 2645.42 1571.81 966.24 2514.66 1819.66
301.05 5352.62 0.47 6 1118.88 2110.37 1132.99 2364.21 1215.31 746.30 1802.86 2096.79 621.39 942.64 872.04 692.69
318.65 8032.60 0.64 6 543.31 1084.00 2541.52 832.07 2351.61 2777.24 2403.90 163.51 1645.47 805.24 2060.17 614.68
330.96 7447.85 0.45 6 925.48 1738.91 640.16 301.10 1327.58 2217.49 1799.15 1160.11 245.99 2137.28 1153.43 1845.16
342.22 9510.96 0.66 6 2972.56 1750.75 597.57 152.98 1785.82 1429.10 831.27 1702.36 1283.12 2945.09 1160.65 358.33
343.19 9859.73 0.55 6 1612.23 439.02 2899.54 2439.34 566.78 2802.37 1817.95 757.61 2951.60 9.80 2783.42 1364.28
360.19 9509.56 0.55 6 2522.30 455.11 659.62 2417.13 1848.89 2863.42 1661.13 950.15 2475.36 609.42 273.53 2221.37
