33.07 653.34 1.00 2 1203.82 2974.52 646.58 2633.44
47.84 1492.01 1.00 2 1870.83 701.32 408.88 403.33
48.22 411.21 1.00 2 2839.64 2398.66 2428.50 2391.49
103.71 185.62 1.00 2 1506.61 1555.69 1525.72 1740.33
108.68 3234.15 0.98 6 490.22 2391.21 175.47 2442.97 776.83 2649.29 878.02 2643.24 2166.64 2748.88 1387.71 2328.56
121.62 981.05 1.00 2 991.78 812.89 62.43 498.63
131.91 1095.37 1.00 2 1191.78 1903.98 627.61 2842.89
135.25 1162.70 1.00 2 1793.20 949.60 699.51 554.96
154.47 7723.35 0.63 6 1953.38 2132.27 841.74 2259.79 2414.15 269.01 2691.56 1707.24 2877.79 458.97 1987.99 1461.89
164.90 545.02 1.00 2 2510.46 2.88 2383.84 532.98
170.19 909.68 1.00 2 175.46 927.91 916.78 400.70
171.89 6094.68 0.78 6 304.77 2752.03 1079.28 1624.87 462.26 2032.91 1926.58 2072.95 1610.47 2761.49 1886.77 1018.44
175.26 362.85 1.00 2 549.07 916.91 191.89 852.97
182.11 8005.51 0.51 6 689.17 658.38 203.16 2076.77 1368.88 2798.44 760.92 1405.34 2010.98 1283.33 32.12 2567.71
183.64 2281.86 1.00 2 121.34 817.83 1603.30 2552.97
189.18 659.08 1.00 2 1339.54 2476.15 1218.75 1828.23
198.32 1015.91 1.00 2 2930.29 833.06 2071.96 289.61
203.11 9555.58 0.67 6 2445.20 1828.51 543.52 2254.82 2276.33 596.91 840.99 1172.53 2189.50 2261.68 400.43 2982.05
205.49 6774.31 0.55 4 389.97 257.86 1658.40 2422.03 141.44 1592.75 2228.24 149.99
212.21 7610.46 0.66 6 2616.63 192.27 2407.99 1754.80 2274.75 845.24 466.66 1796.39 2064.28 1155.83 764.17 1521.40
213.36 8967.90 0.66 6 692.49 1745.16 511.88 87.13 2377.21 140.00 2308.75 2448.19 812.56 2753.70 1620.55 1375.36
224.04 1302.00 1.00 2 1601.95 1296.59 2467.90 2268.86
228.17 11108.70 0.67 6 2667.81 193.23 906.29 2524.42 2381.82 2504.15 790.49 2980.64 175.34 685.14 2841.75 490.11
228.78 7639.19 0.70 6 2748.99 2927.99 2588.86 1454.19 2797.60 1794.79 221.80 2565.17 2080.76 2393.81 1057.57 1763.27
247.18 10958.85 0.49 6 425.98 1435.16 945.57 2695.94 1110.59 168.15 1829.88 2252.71 170.00 833.98 2824.69 519.12
254.89 7544.44 0.63 6 2580.54 1841.55 1048.08 1836.23 2045.61 1490.51 1132.57 1522.46 2624.87 568.40 1871.74 2711.32
256.00 6499.88 0.54 6 2272.35 2103.39 1389.82 2160.60 2480.00 2168.16 1206.67 1307.67 462.51 1225.82 1992.24 2861.87
263.96 6197.76 0.72 6 2113.12 471.10 2551.51 283.08 1116.34 888.22 2456.77 251.12 2486.51 2346.33 1988.24 2650.31
265.86 5492.81 0.71 6 2784.21 2746.70 1441.32 2495.72 2879.29 1913.42 1493.48 1914.84 1562.34 2327.82 845.31 2610.65
268.77 9038.35 0.58 6 749.32 1672.67 2571.47 448.96 2037.38 2055.30 545.36 64.39 338.96 528.44 782.02 2637.21
270.41 6920.30 0.72 6 128.24 1130.95 1543.12 1938.92 614.29 320.91 1005.67 777.63 1653.67 291.29 1964.10 2280.85
272.32 11515.82 0.50 6 2751.81 49.16 963.34 781.35 1802.16 2586.80 1362.66 489.13 317.61 2359.98 2776.98 150.14
272.90 9545.11 0.70 6 1858.28 755.46 2205.66 2692.20 526.51 2715.95 1064.88 1794.53 328.18 306.07 2836.04 2245.31
281.87 10793.60 0.58 6 2218.49 2841.46 1354.11 2308.26 2898.03 125.89 1456.40 1881.60 228.93 558.92 2090.67 2947.56
284.12 8505.84 0.54 6 2763.85 1422.50 1076.08 460.83 1047.87 251.14 2384.37 480.05 1255.08 2657.47 2428.56 401.46
304.00 10500.01 0.51 6 1147.50 2874.34 4.52 1618.74 883.28 1328.46 2726.31 2220.11 586.51 2928.49 2714.53 55.57
306.29 9314.62 0.71 6 1962.36 1718.11 857.51 214.01 2305.81 655.10 2782.34 452.73 2772.18 2865.15 454.90 953.24
324.21 8110.55 0.63 6 2246.80 2325.21 387.90 888.58 2144.58 1308.36 356.26 1306.03 540.88 1831.55 434.49 225.31
330.58 8029.16 0.61 6 1835.20 1595.69 2198.22 2812.98 2585.62 2597.52 2387.51 338.30 2751.11 1705.06 270.14 2588.10
331.07 7253.43 0.62 6 2808.74 2243.99 1188.09 2618.90 979.91 538.38 1617.72 580.18 11.55 1895.42 732.82 1588.38
336.48 9524.03 0.57 6 2133.69 1614.98 1607.36 2974.30 2290.73 329.21 2609.19 1630.32 893.86 25.31 980.15 1668.82
340.55 7427.41 0.89 6 704.83 2129.35 485.52 1253.79 2335.06 2301.92 2805.95 1659.45 2430.95 512.75 187.34 1353.31
352.73 8636.34 0.62 6 482.65 2094.93 171.04 2625.55 2064.57 504.27 332.68 1648.66 1266.75 62.81 6.39 16.15
