119.14 5657.09 0.93 6 1067.23 1540.38 2972.03 93.25 2244.24 749.56 2031.55 780.50 1213.18 1356.60 1386.13 2411.69
168.81 7840.62 0.75 6 419.38 35.87 392.15 2471.02 1934.06 1746.97 2491.12 2947.70 1116.72 1890.89 776.46 2438.24
172.21 6810.44 0.78 6 2968.21 2345.75 1454.04 2738.03 539.45 956.63 1077.34 1633.55 1507.18 1165.14 657.06 2687.29
189.74 9487.02 0.55 6 924.92 795.02 2058.16 2479.16 2507.77 983.38 359.74 472.85 2090.63 120.99 273.64 744.66
197.87 8993.26 0.68 6 65.40 193.42 386.37 2715.23 128.09 1382.98 2707.49 1330.29 2488.07 994.65 503.97 1721.65
202.87 7443.67 0.84 6 2741.94 84.62 1690.82 1689.33 2644.88 1476.68 2101.68 2842.68 564.70 2964.02 927.16 1471.31
204.10 8705.24 0.52 6 885.32 1235.98 839.33 411.71 1577.44 1892.26 1652.07 182.94 598.37 2653.96 2406.50 2384.54
208.47 8023.33 0.51 6 167.73 2989.18 2392.17 1064.41 528.30 1777.56 658.23 2539.52 2517.67 2535.66 2418.63 2092.88
224.72 10035.87 0.37 6 2465.06 1185.00 518.42 644.15 2650.27 103.95 88.45 2049.64 561.45 839.56 1857.53 737.35
234.29 5114.46 0.92 6 2002.41 257.12 2912.12 1769.18 2455.22 1255.90 1031.37 1624.35 1660.81 2522.39 1606.54 2600.68
236.83 7641.25 0.54 6 1807.17 2763.11 1696.65 2810.06 713.99 2947.14 2902.60 662.69 421.93 2236.03 503.66 2655.96
241.19 5759.57 0.51 6 273.41 1632.38 1108.20 1337.33 678.73 805.69 554.64 2656.48 789.89 1395.17 184.92 2256.71
243.61 7080.51 0.70 6 221.13 2537.29 2195.96 1641.14 1782.09 1840.93 884.73 956.15 2694.37 279.31 1448.21 92.98
244.19 10109.44 0.63 6 2335.61 175.77 2300.53 2998.82 1970.59 799.58 2974.59 1588.30 2921.94 300.40 2448.86 2751.78
245.33 8966.69 0.76 6 65.74 1759.83 2539.44 2582.01 2825.77 1186.79 2751.67 2323.10 2881.68 1120.77 303.10 905.30
246.54 9326.91 0.56 6 270.77 697.87 2.05 2753.69 2150.81 2756.34 656.43 1579.35 604.39 391.47 2532.85 970.77
249.07 2553.28 1.00 2 488.72 1716.77 2894.75 2571.33
255.39 7969.51 0.49 6 2197.75 2907.31 1136.14 1638.07 2592.15 1952.91 2653.66 1479.25 304.29 1438.47 2061.48 487.97
259.30 9065.21 0.85 6 1766.85 526.05 382.05 2186.49 1174.80 2982.85 920.47 2065.50 2846.36 2846.09 2895.55 97.15
263.73 7486.44 0.71 6 2166.11 2189.92 712.64 148.91 460.77 1082.49 795.79 844.57 1715.31 2519.56 1282.82 883.65
264.81 7240.33 0.67 6 1986.06 1800.65 512.50 875.43 925.06 1192.40 599.02 77.21 245.81 2531.31 1467.29 1983.12
269.17 8258.26 0.51 6 2854.99 222.60 2827.33 494.99 303.77 616.65 510.32 1126.37 2669.26 471.31 569.95 2091.59
269.67 8983.45 0.41 6 266.18 2126.90 1339.89 795.64 769.97 324.10 1917.31 2659.96 748.62 203.38 3.84 1157.81
275.73 10186.52 0.76 6 409.36 472.51 2881.99 1947.54 2080.68 2786.54 2846.08 2375.53 522.61 2906.23 2360.98 669.71
287.00 7149.95 0.85 6 2271.57 518.64 2425.38 378.56 1306.18 2991.81 2953.10 2916.49 1270.12 2964.84 1881.68 2502.32
303.03 5551.56 0.85 6 1117.40 1782.13 1760.64 1049.28 2246.88 2066.55 532.75 2611.44 490.54 2683.48 855.21 1159.70
309.60 8579.86 0.64 6 1424.47 2644.96 2708.33 2142.92 2401.35 2032.60 1428.79 236.87 1506.30 2701.37 1860.82 360.85
309.78 6188.89 1.00 6 2498.79 2510.93 2754.09 2113.90 1515.38 1906.23 748.47 1369.35 821.93 2470.52 371.62 91.69
315.70 7685.12 0.40 6 1031.61 1232.67 1826.89 112.40 1825.97 2080.98 1149.13 1456.75 826.24 431.56 116.35 2668.72
327.41 8570.48 0.42 6 1567.69 1258.78 1763.80 2275.13 1688.05 302.97 1243.33 444.60 2818.95 2774.78 858.28 1606.90
330.80 7839.80 0.65 6 2606.70 403.16 2477.47 808.26 563.81 634.17 2922.66 1329.33 1250.32 1936.66 2471.91 2222.83
338.28 9414.00 0.52 6 773.66 2732.41 1164.30 1192.06 1374.47 2620.40 2742.52 201.04 978.38 828.60 2359.65 1869.17
340.51 8625.34 0.58 6 994.48 712.74 2691.09 60.70 841.04 1474.86 2237.25 2762.50 2452.16 909.16 2088.55 294.65
363.21 9160.31 0.60 6 2278.48 2601.57 476.92 933.37 2553.89 2638.00 2463.05 1545.81 1520.39 406.95 86.84 578.29
