89.46 3272.94 0.42 4 1792.95 2290.77 86.28 2443.72 1026.14 2129.68 667.07 2570.45
126.74 6337.06 0.72 6 1258.54 2736.31 1588.84 2808.95 549.74 283.53 1067.95 869.57 1541.60 2299.33 2257.89 1631.14
141.13 856.29 1.00 2 914.74 1012.78 59.14 978.35
147.84 7091.79 0.69 6 2617.33 2480.47 2056.33 2065.04 2469.94 38.69 2054.90 903.22 287.50 1740.14 1554.51 1119.04
164.77 7338.34 0.89 6 1653.34 2268.92 229.20 2456.53 934.72 1087.71 341.90 1381.47 2770.23 1438.55 2451.12 2669.18
168.47 6523.55 0.86 6 2347.11 2760.29 2825.53 2846.37 1501.90 2185.66 616.20 2703.52 1043.51 481.67 725.47 1710.71
181.41 4970.34 0.67 6 1931.49 1200.71 1213.33 1453.60 324.11 752.07 1427.48 1809.50 836.67 2304.00 1491.82 1885.11
194.86 7142.84 0.65 6 2123.27 1099.39 2873.24 542.55 642.82 682.66 1768.14 1319.00 1064.47 1138.85 338.54 2953.84
197.36 8167.92 0.79 6 2379.17 1540.44 759.04 198.74 554.35 1054.60 177.80 356.77 2002.76 2263.65 272.34 2537.58
197.45 6672.27 0.86 6 2928.54 1331.87 2566.10 566.35 1427.03 2037.39 1661.75 871.77 208.83 2523.17 537.89 2996.17
209.51 4175.63 0.72 6 1382.73 2590.11 799.86 2087.88 1133.21 1170.90 1704.15 2704.23 1763.97 2957.29 1717.62 2424.98
209.91 595.35 1.00 2 2048.22 2889.95 2638.30 2810.92
218.70 7434.77 0.94 6 1474.95 315.52 255.02 430.10 305.17 2775.87 1314.18 1975.64 1201.87 1771.67 2933.56 194.13
220.37 10418.67 0.43 6 1454.70 1020.94 463.66 663.34 1840.29 2494.25 2732.36 307.25 565.25 2691.17 1576.96 1596.29
227.85 6892.50 0.59 6 2034.32 2916.22 1986.28 1470.75 2579.02 1639.86 1147.90 2037.61 785.00 1030.85 2857.74 94.80
229.96 8598.15 0.64 6 370.85 330.95 2114.19 1671.40 347.17 850.83 407.74 2286.82 121.83 984.35 1801.17 936.02
236.41 10420.46 0.58 6 427.08 679.72 235.81 2072.45 2324.08 2272.00 376.03 390.65 2352.09 233.21 127.55 323.45
239.83 4891.54 0.92 6 275.87 2532.56 201.81 2403.56 1298.73 1619.84 284.20 1010.51 1425.81 629.22 600.23 1206.90
245.45 6972.69 0.54 6 403.46 2147.17 2025.07 1980.24 1427.73 2563.05 1462.36 328.15 2056.12 1716.63 1520.06 1174.15
252.28 6014.24 0.47 6 300.17 2025.33 2294.71 1018.62 1307.97 1490.86 1007.90 1508.31 1844.48 1090.00 2542.00 2361.45
252.80 7639.92 0.47 6 1291.22 2744.82 1129.01 1378.97 2581.08 909.13 1150.89 943.68 98.58 1670.00 2118.18 1474.44
260.77 8638.41 0.42 6 403.83 298.81 458.21 1865.90 2254.83 2302.72 158.56 204.69 289.00 229.55 2378.19 605.80
261.79 7189.43 0.71 6 2674.03 1023.77 1072.10 1053.81 1944.25 1777.60 292.05 1035.43 1983.72 742.84 2731.17 196.50
264.64 6331.81 0.99 6 2521.14 1607.50 2988.68 1206.08 2386.96 1954.61 862.07 142.59 677.66 2228.66 905.54 2412.38
265.14 7657.05 0.77 6 1484.07 2912.61 2933.35 961.45 2510.80 1046.63 1850.82 1058.29 84.44 135.36 2226.17 80.70
268.75 11137.48 0.54 6 297.32 1734.40 574.64 845.57 2920.74 296.06 41.95 650.99 2704.98 1611.38 642.05 1512.59
283.83 10391.34 0.60 6 2925.62 1015.89 368.29 2514.33 2140.48 1745.76 1784.88 2971.98 2175.60 835.55 818.92 2368.48
289.67 6383.56 0.59 6 900.83 1306.17 193.28 610.67 1938.13 769.34 955.96 2490.64 1237.32 2471.13 1803.70 1217.60
296.94 7047.16 0.50 6 2811.49 1598.16 1301.17 1698.35 1092.82 443.23 1843.27 2307.36 1880.28 1566.81 451.42 2055.92
300.41 7520.48 0.75 6 1874.89 1359.69 55.81 2109.99 638.86 2886.35 2290.33 541.80 2588.13 1730.53 2226.62 1401.89
317.69 7184.68 1.05 6 2410.61 1976.01 2891.36 1457.53 251.79 1804.80 527.96 2557.56 59.73 2578.75 2601.52 2701.72
320.79 7639.31 0.35 6 340.68 575.75 1392.48 1679.48 111.01 478.08 736.76 2481.69 1308.40 1940.77 409.29 775.19
322.69 6734.46 0.63 6 714.23 366.83 1318.43 762.92 1124.11 2846.13 2420.06 987.86 1768.44 1471.08 949.47 1271.34
367.02 9351.07 0.52 6 1221.02 1090.30 2829.49 2172.70 2203.44 2798.81 1972.29 270.92 421.68 335.80 1565.87 2486.94
393.32 10365.79 0.52 6 2849.02 2794.67 1752.98 1169.85 1268.61 432.83 755.42 2653.69 2245.12 707.81 525.46 2909.77
