10.99 249.71 1.00 2 685.94 2499.28 553.43 2287.62
24.44 821.97 1.00 2 2419.23 725.26 1845.96 1314.33
121.95 97.31 1.00 2 1561.29 2747.78 1468.83 2717.45
140.73 1236.36 1.00 2 2397.95 47.87 2673.14 1253.22
146.93 5446.71 0.60 6 1848.15 1349.01 1837.83 1035.44 2758.28 459.41 2244.21 2048.64 2963.93 1364.95 1609.36 1080.41
152.29 1714.41 1.00 2 507.18 2553.76 576.07 840.74
155.44 7271.89 0.38 4 428.28 1791.00 2300.37 566.91 123.16 2800.85 631.29 953.76
166.24 8312.04 0.85 6 1710.33 325.48 2652.08 2850.63 381.35 2986.68 358.20 2468.63 1664.25 1493.90 1406.87 328.03
167.28 4663.80 0.88 6 1690.09 467.57 593.43 1233.87 391.67 2793.76 1205.63 2345.58 1405.74 2604.09 948.64 2799.06
176.93 7846.28 0.66 6 551.89 583.02 2614.01 208.15 1670.56 430.09 1974.04 1316.61 737.33 1585.67 2892.53 170.14
184.69 5834.69 0.43 6 651.53 1655.08 1552.50 540.95 1157.91 2000.98 470.16 1152.87 1328.94 2081.91 819.96 2237.92
192.12 7105.83 0.64 6 1624.50 680.96 1058.82 2825.64 2200.35 1331.68 1206.69 2520.41 1263.42 1253.18 1165.33 1090.68
192.42 521.24 1.00 2 36.00 2232.81 264.70 1764.42
193.06 8952.91 0.38 6 1706.40 2845.77 2765.52 1050.35 1173.94 459.29 1024.04 2851.24 601.95 1932.41 875.42 190.95
196.16 5607.76 0.60 6 158.26 2557.80 1088.82 2727.74 1425.26 2110.81 939.88 2705.41 1750.35 2484.76 869.22 304.50
202.13 8806.45 0.51 6 2054.29 1229.77 509.75 2798.40 311.38 700.99 1602.82 1855.76 1111.12 430.46 1143.64 1688.13
206.89 8744.41 0.74 6 2441.12 2306.09 1884.86 1690.92 2732.43 2811.63 358.93 673.55 221.77 1946.59 1934.37 847.41
216.79 6239.51 0.60 6 1685.66 2702.45 1596.92 1854.87 1408.70 2949.91 456.05 1245.56 474.84 1656.96 2069.89 2710.95
216.88 7743.87 0.59 6 2291.93 1224.62 423.99 325.95 2498.66 2323.73 1932.00 640.54 1956.71 900.96 1870.79 152.66
217.16 1157.88 1.00 2 2770.34 2539.44 2916.83 1390.87
218.36 5617.85 1.23 6 2910.89 2839.81 2963.45 2659.47 2134.22 2846.29 1700.35 2656.81 206.67 404.83 249.22 1808.44
222.29 1214.53 1.00 2 1258.79 73.44 418.30 950.17
229.82 8690.88 0.47 6 978.03 1196.65 650.88 572.90 1977.98 1856.63 2169.92 617.75 583.81 2620.82 2701.06 1644.62
246.58 6229.06 0.59 6 156.03 716.41 1298.85 121.37 1374.26 240.73 919.91 1346.79 2249.99 2279.30 1653.82 391.95
256.79 7939.42 0.80 6 2928.37 1991.61 2267.02 406.80 2792.83 1754.67 439.94 1334.71 1142.85 1138.11 545.50 2681.96
263.25 6462.29 0.99 6 2560.88 2352.36 2828.72 2157.35 800.02 2740.07 1221.59 1026.39 1657.15 1466.49 2756.33 254.39
267.60 8279.77 0.71 6 511.37 59.86 900.31 1180.85 2372.90 2006.71 2064.36 2453.86 448.46 2978.69 2884.73 962.10
270.80 5740.13 1.32 6 11.52 2374.78 591.90 2963.79 864.19 2028.48 699.23 150.00 1816.37 558.19 2595.02 183.80
272.39 9619.45 0.64 6 1836.97 2205.95 2360.89 257.25 609.02 451.81 2627.75 2028.57 26.01 2586.75 639.04 2522.04
277.96 5398.03 0.66 6 2975.94 487.27 1804.66 1519.96 2473.41 2206.33 1905.89 1776.92 856.21 1279.57 1591.65 1964.53
297.31 8465.35 0.66 6 2934.75 1872.51 1142.01 2713.60 2015.71 2090.57 2203.92 57.64 1140.05 107.95 1006.90 2409.44
305.08 13054.13 0.47 6 433.22 1911.28 2997.42 2645.81 2416.35 431.95 523.06 2902.11 1104.23 62.81 1379.80 2132.06
305.29 7964.73 0.83 6 2591.07 28.94 2610.48 1852.38 2614.05 1382.29 40.34 2420.96 468.73 1878.38 2620.20 2358.39
309.68 8484.04 0.72 6 1998.67 955.84 2432.27 2418.68 1120.16 462.02 1526.37 340.58 321.15 223.24 2404.37 2336.63
321.92 7296.11 0.68 6 2904.42 755.00 188.35 1032.67 2453.11 239.85 2262.89 193.96 2198.74 1859.54 2293.30 2148.33
334.78 7538.83 0.62 6 2749.00 1084.44 197.64 787.31 2226.58 1441.35 2043.24 2034.59 2519.18 1352.36 1499.08 2290.24
368.12 10806.01 0.60 6 317.50 365.94 2238.19 243.47 238.24 961.21 2112.44 598.56 275.11 2854.18 1588.00 1428.13
371.18 9058.76 0.56 6 940.42 2997.29 128.10 1058.68 2697.27 1356.53 570.86 1761.69 1394.83 1384.92 426.25 2251.66
381.21 10860.43 0.44 6 554.78 18.94 431.68 1626.00 2108.60 227.34 527.55 593.16 2918.17 2099.90 561.14 964.22
