10.08 504.20 1.00 2 195.91 931.17 629.70 1188.16
20.34 917.15 1.00 2 1762.98 1726.78 2665.98 1887.31
66.25 412.35 1.00 2 663.03 2367.96 268.29 2487.18
69.62 880.85 1.00 2 2599.40 2531.13 1718.58 2537.77
79.13 256.71 1.00 2 2479.06 2392.80 2566.76 2151.54
95.86 1392.93 1.00 2 2875.58 1597.91 2558.49 2954.28
97.02 1550.89 1.00 2 365.58 723.39 1753.48 31.31
111.31 5365.56 0.63 6 1290.03 2915.01 1725.35 2370.89 1596.80 1662.31 1024.37 1828.77 2068.48 336.50 1439.07 1732.32
126.08 5503.92 0.79 6 830.81 2813.65 2253.25 2702.83 1748.52 1314.12 2329.44 892.62 2009.98 2172.59 1683.12 2630.53
131.47 5173.29 0.65 6 1751.42 2193.38 2537.19 2515.77 1621.34 1917.89 1827.61 2691.58 2460.01 897.72 2721.91 1355.56
139.77 688.66 1.00 2 1725.40 134.71 1485.89 780.38
143.37 4868.66 1.27 6 245.75 737.29 1616.31 825.31 2662.52 67.99 2958.21 1475.05 2749.31 1729.31 2384.78 1970.07
146.53 926.46 1.00 2 2268.51 2752.33 2580.80 1880.09
150.44 7021.99 0.77 6 1593.88 701.86 491.18 2112.82 1566.20 2713.81 2793.37 2126.61 1620.91 1228.80 510.60 884.43
165.77 5588.32 0.59 4 2500.18 1335.88 443.42 2584.33 1731.28 1111.22 2773.84 1755.60
167.96 4898.18 0.83 4 922.12 1938.95 2170.52 126.79 945.45 363.79 177.21 1593.36
174.34 6816.97 0.94 6 2369.72 2384.42 249.00 2178.36 1508.33 2255.96 618.33 1489.02 1914.59 629.76 2546.76 342.23
178.15 5907.72 0.51 6 939.24 1513.78 1394.04 2247.01 585.48 2020.00 2252.57 2263.63 2306.41 2006.81 59.93 2233.24
179.32 3965.78 0.49 4 719.95 1458.48 1634.11 1265.47 1370.81 2565.78 2297.13 1134.63
180.40 2919.82 0.61 4 2029.30 1359.86 1775.93 2382.74 1586.61 1737.03 2779.70 1726.03
182.58 929.07 1.00 2 2609.67 2683.32 1833.64 2172.48
196.32 5716.13 0.66 6 1206.17 2745.04 1528.97 1798.75 725.98 1856.05 236.60 2070.62 1705.05 626.96 2112.94 1879.89
204.38 5518.97 0.83 6 718.23 1462.03 2631.66 303.79 2036.53 127.76 557.81 1040.15 870.53 1178.66 402.07 1524.17
205.57 1278.62 1.00 2 2233.23 2948.89 2596.65 1723.01
208.11 505.74 1.00 2 1242.31 406.63 1713.72 589.78
228.09 6204.73 0.99 6 14.06 2742.34 1133.13 764.66 1236.63 104.89 884.96 1563.72 206.06 2114.39 314.53 2997.53
232.51 6125.57 1.22 6 1385.48 2846.37 1606.24 2454.41 796.80 2925.94 1903.82 614.21 2757.14 1228.78 2890.00 112.42
234.53 4626.34 0.72 6 2879.57 2955.36 2517.43 2462.28 1329.56 2242.24 2366.51 2272.68 2326.98 2297.00 2885.40 667.33
237.17 7458.63 0.65 6 1633.66 2926.28 1290.61 1100.15 738.93 1951.98 2929.72 2524.66 2866.88 1351.09 2582.32 2461.23
237.58 10778.79 0.55 6 2471.66 2669.50 1045.59 1559.70 2527.76 154.03 985.78 2129.94 2836.34 2225.69 430.38 1323.32
243.78 10488.92 0.50 6 245.85 43.17 897.75 2896.46 2621.55 1569.22 984.50 1741.80 2776.32 2432.66 1173.66 1570.11
245.15 5757.47 0.87 6 2076.17 10.78 2290.59 834.66 808.87 959.70 521.10 1516.97 1841.00 1363.03 2882.75 335.66
245.94 4996.81 0.77 6 105.34 915.20 1568.15 195.02 702.11 1214.11 624.79 1511.63 1480.25 1645.13 2282.94 1348.52
257.37 9068.66 0.65 6 128.15 983.22 2143.90 619.75 2091.48 2361.05 2637.96 898.01 209.04 1029.75 1488.57 1137.34
260.63 5331.43 0.88 6 2488.20 282.88 1868.07 338.15 2477.71 2620.04 2152.38 1815.13 2854.54 579.00 2907.97 558.87
270.78 6739.02 0.71 6 2120.74 2493.47 2678.27 407.35 2664.80 63.82 2300.76 1612.91 1472.88 1360.54 2903.51 2418.13
286.28 6313.95 0.58 6 383.15 399.72 118.56 785.90 1068.30 1385.48 793.52 500.58 1965.63 511.16 21.97 2273.89
305.29 6564.67 0.63 6 178.49 1448.16 1902.88 433.33 1396.85 1762.15 1848.38 296.37 2251.96 1631.96 2206.14 1424.01
313.14 6557.03 0.54 6 614.06 532.37 895.64 432.46 2670.22 1937.06 234.39 1488.03 868.84 795.04 641.95 1257.65
324.83 6541.73 0.58 4 509.51 2802.75 1783.67 2338.30 454.34 105.44 709.34 2679.79
332.04 7202.21 0.65 6 323.65 2485.31 1147.72 1294.86 1424.67 447.93 154.85 577.26 2062.63 645.34 1198.07 2083.38
338.26 11113.14 0.55 6 2007.84 1640.59 24.82 428.13 2800.88 1527.33 406.11 2940.39 1259.10 1266.66 307.35 1901.28
343.54 8777.15 0.57 6 198.85 169.79 2516.60 816.33 1113.69 2342.35 2070.42 2068.40 1695.08 478.68 2520.57 1929.74
