15.37 668.36 1.00 2 1047.54 1265.11 381.69 1207.30
25.13 256.64 1.00 2 2689.96 998.91 2544.49 787.48
25.38 1068.95 1.00 2 1501.74 1183.99 2310.83 485.40
30.66 332.80 1.00 2 2046.56 1500.68 1898.62 1798.79
44.10 104.90 1.00 2 784.59 2288.70 810.78 2390.27
44.74 1637.03 1.00 2 2350.93 359.20 2711.23 1956.09
47.60 2380.07 1.00 2 2985.98 1109.08 694.90 464.36
47.75 387.68 1.00 2 2404.94 843.95 2027.62 932.98
51.41 2070.45 1.00 2 111.37 179.78 1692.21 1516.84
54.73 536.63 1.00 2 1305.99 371.92 1056.91 847.24
59.78 1689.15 1.00 2 2374.66 2215.62 857.42 2958.07
61.52 2775.96 1.18 4 2267.75 2659.14 2236.82 1753.08 1063.97 1494.51 927.24 840.29
62.75 837.74 1.00 2 976.65 1024.46 258.94 592.37
63.91 1795.58 1.00 2 770.85 1979.58 2517.84 2394.48
69.92 2395.99 1.00 2 314.37 556.07 783.71 2905.64
86.32 1016.20 1.00 2 2199.91 744.69 1220.13 475.07
87.32 2666.23 0.86 4 62.75 568.05 739.59 1176.53 1642.74 577.00 975.79 494.34
88.15 1007.45 1.00 2 742.37 463.95 1228.28 1346.48
88.75 2537.59 1.00 2 2696.86 2450.26 2010.35 7.29
89.97 1998.31 1.00 2 1600.09 2816.56 2589.27 1080.26
91.04 1952.11 1.00 2 217.18 26.68 2001.04 819.51
92.06 1603.05 1.00 2 2767.98 2091.37 1315.81 1412.44
92.86 2242.83 1.00 2 2451.77 1290.73 457.31 264.85
97.21 1260.69 1.00 2 1007.23 1519.83 1526.09 370.86
99.71 685.35 1.00 2 13.73 2060.23 689.73 1947.41
100.84 1142.23 1.00 2 2926.89 868.59 1821.29 581.65
105.46 2572.97 1.00 2 397.57 2903.23 1086.08 424.09
109.69 3984.40 0.85 4 343.51 657.58 133.61 1784.81 2190.88 1388.72 1455.32 1285.71
114.73 2636.64 1.10 4 453.89 564.44 552.99 1854.91 920.56 2076.80 1466.14 2808.89
116.27 2313.62 1.00 2 2747.67 1288.63 874.26 2646.27
120.57 528.57 1.00 2 1632.53 282.74 1454.06 780.27
122.36 5417.78 1.25 6 268.65 1010.55 110.47 833.24 247.46 2502.83 1488.11 2798.51 1147.96 2831.22 2309.99 1343.39
123.55 3377.42 0.94 4 1443.73 19.88 1915.84 1531.66 1205.89 1623.50 821.61 2630.44
126.23 1311.50 1.00 2 1194.04 838.64 2453.41 472.56
126.61 530.72 1.00 2 707.04 1140.17 178.81 1191.53
132.33 716.69 1.00 2 2851.72 1231.19 2966.58 523.77
136.07 3103.68 1.10 4 1903.68 878.69 1920.50 1373.41 1154.41 2908.59 882.67 2057.99
137.06 1553.02 1.00 2 1933.35 1096.09 581.84 331.05
140.23 1311.73 1.00 2 1132.74 1278.92 1500.32 2538.10
147.55 777.59 1.00 2 2670.02 1489.26 1954.83 1184.05
149.81 2090.63 1.00 2 828.09 2655.89 2682.28 1690.10
158.03 1601.66 1.00 2 1278.78 1923.67 2828.29 2329.05
158.54 2326.80 1.00 2 259.76 952.56 2410.40 64.47
160.44 3121.80 1.00 2 1994.24 2661.11 287.51 47.17
162.18 1909.07 1.00 2 2345.46 2979.39 439.25 2874.86
168.85 3342.59 1.05 4 1270.12 1613.24 666.24 1585.52 2606.15 2613.91 2079.37 2743.35
176.92 1145.79 1.00 2 531.81 1955.92 853.64 856.25
183.53 1576.44 1.00 2 1173.46 1193.41 118.69 21.82
186.68 733.95 1.00 2 1205.46 933.86 1800.46 1363.57
187.88 494.09 1.00 2 1233.27 1795.96 1569.72 1434.12
188.44 2021.97 1.00 2 53.67 1857.36 1808.32 2862.15
189.41 970.59 1.00 2 2650.00 874.92 1922.65 1517.58
193.98 5098.99 0.96 6 619.18 321.91 729.98 123.69 664.82 599.12 1350.55 44.44 622.12 2041.77 1962.56 2386.47
194.77 3738.75 1.27 4 430.65 2588.47 395.48 2799.30 1483.37 1917.29 2877.60 314.30
195.41 1770.30 1.00 2 1385.54 1598.85 2669.27 2817.86
197.72 5485.93 0.88 4 2692.69 1938.50 574.17 1190.50 627.71 560.18 2705.82 2133.72
199.88 594.09 1.00 2 1331.40 434.43 1890.45 233.41
201.11 1955.32 1.00 2 458.03 2354.01 621.64 405.55
201.18 1858.76 1.00 2 1360.54 2037.00 2892.21 983.92
208.75 637.51 1.00 2 250.19 1217.12 271.91 1854.26
213.23 2861.56 1.05 4 2475.97 2678.44 1602.78 1588.95 1346.65 1570.31 515.35 693.11
214.37 6718.43 0.86 6 218.77 1251.24 470.95 2599.00 1226.61 781.90 1039.73 2654.48 2183.05 2653.44 2444.95 2891.81
222.07 2103.58 1.29 4 1051.16 2934.21 840.43 2754.34 1948.70 1944.97 1632.46 1618.99
229.35 4767.54 1.15 6 2127.29 2652.82 1835.36 1927.70 1592.92 1255.20 192.89 1692.99 551.81 2868.05 1122.51 2941.86
231.15 1857.57 1.00 2 2019.99 1742.06 793.93 346.60
242.14 2207.24 1.00 2 599.69 2763.85 626.40 556.78
251.29 4264.59 0.92 4 111.52 890.15 1652.00 2852.18 2012.30 2027.92 2678.75 1467.91
255.37 6368.50 0.89 4 1012.05 2866.40 867.27 232.16 376.12 181.04 2599.34 2533.06
257.59 3379.72 0.85 4 681.06 1087.71 848.26 628.43 1762.68 1500.97 329.97 2272.09
267.41 6070.54 0.88 4 2920.99 248.27 78.50 156.15 841.72 593.05 2536.56 2216.79
271.64 4882.02 1.01 4 156.34 1426.66 521.10 2947.00 1887.52 2490.50 2260.56 650.06
303.13 8156.49 0.90 6 643.27 1657.03 2428.57 2798.57 2861.45 1413.13 2288.40 1671.46 341.13 125.92 587.89 1576.36
304.34 6017.05 0.92 4 1082.61 40.83 2907.92 1851.22 2225.05 2243.03 162.63 564.86
