36.92 1446.04 1.00 2 2725.70 902.87 2623.46 2345.29
39.65 1182.51 1.00 2 2654.93 1760.74 1576.31 2245.41
40.46 322.84 1.00 2 2183.79 2557.18 1861.73 2534.90
63.13 456.69 1.00 2 2327.89 900.08 2302.92 1356.08
65.23 2661.75 0.93 4 1039.77 1592.06 1548.62 1330.40 2126.45 652.54 2473.66 1800.01
67.99 999.63 1.00 2 2351.56 1804.00 2399.77 2802.47
76.74 1836.81 1.00 2 845.17 2218.35 2654.33 2535.92
76.76 1537.88 1.00 2 1330.86 2552.02 1786.98 1083.34
77.52 875.82 1.00 2 1342.13 2554.58 2209.98 2436.70
79.91 495.67 1.00 2 316.57 1279.11 592.43 1690.92
80.81 840.67 1.00 2 186.37 855.07 992.80 1092.56
89.81 2390.68 1.04 4 2211.28 1531.26 1221.67 871.44 408.69 765.92 711.98 997.31
90.89 3644.42 0.89 4 812.69 2150.07 1578.80 314.93 1914.25 982.25 2574.06 1607.35
96.56 627.99 1.00 2 339.53 1882.85 828.92 1489.31
99.21 960.46 1.00 2 2957.19 1472.46 2038.62 1191.90
101.01 950.61 1.00 2 592.03 188.26 849.08 1103.45
103.15 2057.42 1.00 2 744.96 1788.41 1847.08 51.08
108.57 4328.70 0.87 4 1458.06 2578.69 414.25 2795.39 563.38 1545.66 2555.86 1760.64
109.45 2972.36 0.86 4 1104.80 997.92 1523.37 2135.42 1532.34 2576.41 1992.14 1339.91
123.02 3351.19 0.99 4 1489.96 1479.48 1109.81 2638.15 1116.31 2621.64 352.42 650.48
125.85 92.47 1.00 2 651.40 1711.99 728.98 1762.31
126.92 245.85 1.00 2 1833.27 569.58 2033.60 712.09
129.12 5155.98 0.84 6 2604.22 295.40 1095.39 1401.11 1577.85 2171.45 1029.89 2612.47 1256.41 1583.60 1009.63 1015.34
132.08 604.03 1.00 2 613.83 131.13 1217.69 145.46
132.30 6414.96 0.96 4 235.16 2842.11 97.60 712.54 420.09 116.95 2903.11 2728.63
134.29 5114.29 0.85 6 123.06 160.91 785.41 1505.42 1015.75 2473.67 1539.91 1725.56 1163.04 2025.62 2286.62 1537.50
150.06 903.23 1.00 2 849.98 2817.39 1559.20 2258.07
150.31 1015.74 1.00 2 2856.18 1678.79 1844.81 1584.64
152.92 246.16 1.00 2 1781.65 1953.61 1554.85 2049.30
153.57 778.46 1.00 2 697.76 1537.51 278.12 881.84
154.55 1327.60 1.00 2 1681.55 1342.64 508.68 1964.65
157.86 4592.97 0.78 4 2949.82 1642.26 1248.16 2689.16 931.62 2063.97 2766.07 2536.36
158.26 1612.95 1.00 2 554.82 7.32 2007.33 708.61
162.91 2345.57 1.00 2 73.33 263.99 1105.66 2370.17
169.81 4890.74 0.91 4 2364.28 1976.97 1092.04 662.99 1465.74 462.11 2704.91 2790.39
171.98 199.04 1.00 2 2876.21 365.21 2959.06 546.19
174.93 1046.58 1.00 2 917.87 2849.62 1152.07 1829.58
175.19 1459.33 1.00 2 2284.88 1797.81 1302.28 718.85
177.00 350.13 1.00 2 417.32 2344.51 437.68 1994.97
179.37 3268.50 0.91 4 2650.06 2949.97 1655.60 1791.65 1638.96 1938.69 278.50 1108.27
184.68 5434.03 0.87 4 2329.57 1292.78 62.46 903.38 790.52 2202.71 2346.72 2733.80
185.50 9274.97 0.79 6 2599.15 1883.87 2929.18 979.07 2990.13 2562.97 1071.85 280.25 65.97 384.07 2799.84 378.95
188.89 1444.38 1.00 2 432.52 1845.15 30.71 457.79
198.11 2105.61 1.14 4 2948.27 1707.11 2431.12 990.84 2109.41 747.96 1311.49 932.86
199.67 4883.68 0.87 6 1508.23 2277.40 1420.95 1111.67 963.18 476.03 152.45 602.77 988.89 1414.65 1877.24 1737.26
200.69 1234.59 1.00 2 623.37 1457.91 1673.99 809.52
201.34 5467.09 0.83 4 2404.26 2874.66 2909.58 644.07 1271.89 1674.73 1119.04 2910.27
202.94 1847.25 1.00 2 1165.80 1254.90 2988.00 1558.08
203.76 1087.78 1.00 2 980.35 1504.33 154.37 796.49
206.10 2805.08 0.75 4 1649.00 1330.88 1699.43 933.30 2564.21 817.88 1579.42 1991.25
206.94 1346.78 1.00 2 1475.82 902.40 2649.75 1562.48
215.85 4092.54 0.84 4 1236.64 1358.42 818.91 2529.97 1212.54 2243.19 405.34 23.71
228.23 6011.64 0.77 6 1749.21 669.20 2335.31 1848.19 2004.69 1260.70 1667.96 2661.50 2896.58 2611.02 1570.54 2866.99
231.35 6767.37 0.82 6 1974.08 2098.07 1526.92 1681.47 23.34 2965.54 2581.93 1243.84 2346.96 1068.36 2231.45 274.97
233.86 2792.76 1.00 2 2943.75 2026.47 192.97 1544.04
236.82 3741.14 0.86 4 1136.56 2381.78 2816.23 2415.61 2277.01 2540.67 804.81 2865.45
246.86 5343.18 0.80 6 2228.57 1214.27 2183.79 1239.09 1389.30 1676.42 876.31 834.28 824.44 89.96 2299.49 2294.95
247.46 3772.81 0.85 4 1949.78 2924.32 1680.55 412.11 1936.81 798.87 2709.95 679.67
256.42 8520.76 0.75 6 2786.67 2457.37 1093.61 1667.05 1867.46 1008.64 167.65 848.75 2370.92 1059.58 2492.34 2770.90
258.77 3738.67 0.91 6 989.11 1752.36 976.66 2326.67 1998.25 2372.41 2059.46 2740.09 1987.78 1955.18 1115.52 2403.43
265.35 3467.26 0.76 4 1804.96 644.51 1400.68 1102.94 1242.69 672.57 322.11 2886.39
326.19 6809.43 0.76 6 1507.25 1684.87 1011.97 2549.19 2245.83 1954.98 6.39 2660.08 395.29 1186.80 783.41 766.34
