144.23 6911.38 0.98 6 79.61 596.51 661.32 1767.80 2417.46 2094.42 1949.65 1634.82 2428.29 19.50 1020.75 466.44
147.56 5578.18 0.84 6 2629.10 944.03 2743.64 1376.56 1684.10 788.22 1966.32 1186.90 794.64 739.88 1753.76 2693.47
173.31 7465.32 0.47 6 1907.05 1094.50 800.93 2809.96 513.42 2187.38 1110.54 628.52 1944.11 1827.39 490.21 1138.37
182.76 9138.03 0.51 6 1918.28 75.03 2209.41 2030.10 1265.77 89.39 825.09 669.63 2676.54 260.82 655.91 1516.07
190.53 6326.39 1.07 6 2636.17 2495.00 2634.03 2840.85 1425.85 1649.41 922.54 173.78 256.96 1457.97 795.17 2617.30
192.98 8749.00 0.22 6 2488.21 1855.56 2113.72 137.47 239.38 698.37 2585.12 1732.06 683.69 868.16 303.00 833.92
193.05 7552.60 0.78 6 1198.20 657.96 272.73 141.35 2376.24 1266.48 2992.61 1528.58 328.95 1882.34 190.58 1144.86
202.35 9517.53 0.47 6 2871.64 1009.78 2542.48 1811.18 1608.68 2919.35 278.24 290.15 2421.38 2189.20 1135.60 1656.12
205.65 6682.35 0.82 6 1269.41 635.39 603.45 935.15 1314.30 1552.73 1617.89 2189.79 2985.45 1949.63 363.01 674.09
213.15 757.56 1.00 2 1289.66 1739.95 1964.12 1394.96
213.33 9166.49 0.68 6 2968.57 1920.00 2528.56 2328.00 946.36 803.22 1670.85 2053.84 687.14 96.30 632.95 2828.73
218.86 8443.19 0.74 6 34.44 2162.17 1501.76 535.96 895.33 1916.85 2045.13 1610.91 2737.88 2611.56 1826.91 458.52
222.50 6625.15 0.63 6 2187.23 2020.09 1207.86 1017.91 570.63 1345.84 2952.50 295.25 2585.02 745.97 1265.64 835.64
246.40 8420.10 0.56 6 1014.26 1764.93 212.98 1893.31 2578.91 212.57 690.34 660.65 686.83 2716.26 714.01 2006.93
249.45 7072.71 0.66 6 1667.30 2155.22 2906.13 1737.54 171.50 1752.53 464.39 890.12 1626.59 2243.93 1508.55 2558.16
250.23 10111.48 0.42 6 2988.36 1587.34 800.48 1922.89 1361.17 2861.45 2913.24 2582.34 334.66 1304.30 2627.56 790.17
250.57 6828.36 0.79 6 472.30 2882.34 1785.11 2025.64 1257.67 1751.02 240.33 557.47 705.61 359.66 1568.35 2804.12
260.55 8827.61 0.63 6 642.71 396.94 1418.01 2353.86 290.79 1293.15 2806.54 1713.13 2422.49 571.23 1270.74 1401.07
272.24 7712.04 0.53 6 2670.86 738.65 612.78 2148.58 2015.07 899.99 1783.56 1858.14 716.06 1187.36 948.53 2255.59
280.34 7717.05 0.85 6 217.63 1374.86 219.78 639.46 2501.23 2110.62 2995.36 2988.29 795.60 2799.78 1835.03 2961.70
292.58 9529.13 0.37 6 1456.92 641.24 1136.92 2955.93 1365.03 1269.02 1203.12 175.91 795.61 2352.21 2871.95 2986.27
292.91 7745.38 0.45 6 321.11 1659.67 2152.84 610.79 1465.60 2716.01 817.04 1814.49 1902.71 791.95 2538.31 276.90
295.89 11794.56 0.40 6 2287.53 1618.14 1.72 972.47 207.64 2281.81 2335.88 1591.06 58.43 2787.30 2297.50 385.17
299.52 6276.11 0.62 6 1924.45 1199.04 2817.71 346.03 2887.60 796.40 2943.45 1608.65 2911.20 535.70 325.21 1303.69
306.86 7543.15 0.68 6 748.59 308.38 1219.13 1861.98 74.36 2209.69 2340.35 2652.40 463.66 2789.64 996.56 2792.45
309.31 6165.53 0.86 6 2225.85 2011.89 1992.71 990.60 2159.26 900.97 1092.66 209.92 941.75 2544.05 927.85 1225.18
316.00 11000.14 0.51 6 749.42 2769.80 1650.98 151.76 2906.99 2779.10 1329.39 2584.05 2997.85 2508.08 2546.09 498.93
319.62 8781.19 0.65 6 1270.73 830.04 1911.34 785.87 1283.06 29.01 10.64 2313.36 2223.69 1655.04 225.73 2649.32
322.25 7112.36 0.42 6 2185.64 941.03 1155.59 1729.76 5.07 2776.73 1818.63 1534.27 764.17 2126.36 1615.36 2158.29
332.06 8603.06 0.51 6 2593.82 2928.62 2406.71 2592.19 2362.12 324.29 2432.32 2644.25 2432.25 800.42 2616.50 2575.78
360.57 11528.67 0.57 6 2642.59 2637.81 1961.93 23.47 1990.17 2816.79 1108.58 473.24 2451.31 898.14 402.87 346.29
368.69 10934.44 0.42 6 2711.79 1636.77 444.28 382.34 2388.37 2582.11 2503.79 1747.53 924.78 2696.94 2696.77 630.23
383.03 10751.51 0.61 6 667.30 2449.76 2386.04 682.79 984.79 2593.06 1380.91 915.57 70.99 579.39 2900.67 837.37
389.25 9862.34 0.23 6 1207.20 886.97 2821.09 2031.95 902.85 1643.81 381.86 1261.34 2708.42 1846.54 1.22 860.74
