25.10 655.03 1.00 2 1761.30 1325.15 1240.97 1723.03
31.44 571.88 1.00 2 2519.04 1966.54 1969.65 2125.30
39.11 1055.49 1.00 2 2876.42 2109.41 2414.87 1160.19
43.33 1066.71 1.00 2 1690.66 2443.81 2668.11 2870.97
44.32 716.15 1.00 2 1185.26 2165.49 713.14 1627.00
51.50 775.09 1.00 2 271.21 1102.51 1040.04 1200.84
52.77 438.61 1.00 2 351.07 2340.59 260.88 1911.35
57.64 1482.22 1.00 2 959.52 1440.77 2426.36 1227.84
58.97 1248.47 1.00 2 2869.85 2746.89 2121.10 1747.86
63.56 578.19 1.00 2 2707.14 2709.55 2779.25 2135.87
71.91 1995.40 1.00 2 2532.72 1029.78 1019.81 2330.83
75.68 1884.24 1.00 2 1330.80 562.52 2838.27 1692.96
77.99 999.66 1.00 2 1285.83 659.52 491.68 52.36
78.43 3221.42 0.99 4 738.28 2177.65 1241.79 1039.14 1224.63 1056.15 1524.43 2985.36
78.45 922.25 1.00 2 1940.60 670.64 2323.03 1509.86
81.82 1291.19 1.00 2 2275.06 1733.52 1280.77 2557.28
87.27 1663.36 1.00 2 1651.74 1647.40 2830.51 473.83
90.07 503.59 1.00 2 174.40 482.48 637.04 283.56
91.76 3388.12 0.89 4 1688.17 1685.70 569.14 2557.37 790.62 2336.09 2443.19 2221.06
93.18 758.90 1.00 2 2265.16 1552.45 1507.84 1601.40
98.71 1335.75 1.00 2 1177.41 2177.41 16.91 2838.82
102.74 2036.83 1.00 2 2960.78 1126.01 1261.58 2.88
104.28 5213.80 0.91 6 748.57 1107.46 1368.24 201.18 989.29 852.12 1503.98 1666.35 2103.03 2318.61 2562.95 876.33
104.67 1733.32 1.00 2 781.92 2456.10 603.68 731.97
104.87 343.53 1.00 2 927.09 1488.44 732.03 1205.65
107.61 1980.32 1.00 2 2539.54 1766.86 1467.36 101.90
110.22 1310.84 1.00 2 383.34 816.37 1486.01 1525.17
112.02 2401.21 0.96 4 1921.80 1737.92 1978.06 977.93 2089.56 1042.52 2416.59 2516.98
112.35 217.61 1.00 2 1980.89 1912.20 1964.24 2129.18
113.70 1385.02 1.22 4 146.11 98.00 42.39 271.87 983.34 155.25 881.64 366.45
115.07 1653.70 1.00 2 2902.84 2402.41 1267.26 2646.59
119.64 3981.85 0.81 4 1953.52 2223.74 2270.38 2269.84 2292.01 2877.82 1150.87 45.80
128.56 1627.82 1.00 2 772.90 1323.08 2274.83 695.38
130.87 1943.59 1.00 2 76.73 2749.09 2014.57 2898.53
131.21 960.52 1.00 2 1968.65 588.96 1060.12 900.69
132.07 1903.44 1.00 2 2775.65 1352.23 1557.16 2814.55
140.14 3307.17 0.85 4 2983.70 811.64 1598.04 2238.79 1277.12 1649.25 723.26 1983.24
143.84 2691.79 1.00 2 946.45 2362.39 2305.70 38.99
146.32 1115.80 1.00 2 1898.27 2494.17 2524.63 1570.76
148.92 1745.81 1.00 2 2243.97 1733.47 498.16 1732.24
150.62 430.81 1.00 2 926.75 239.53 977.11 667.39
156.04 2001.86 1.00 2 189.16 544.32 1694.15 1864.34
158.04 2602.03 1.00 2 327.63 2877.17 1050.46 377.56
158.73 1836.71 1.00 2 1256.21 1404.78 2557.75 108.82
158.74 2037.09 0.98 4 2214.99 1768.88 2314.80 740.71 2186.09 684.81 1626.72 1342.97
160.72 1135.85 1.00 2 1343.15 25.57 1154.49 1145.64
160.91 7745.47 0.89 6 1625.43 216.75 1798.18 1516.00 2727.97 2720.80 1066.62 2397.97 1523.04 2698.38 221.51 362.41
162.70 2635.09 1.00 2 1075.39 203.29 259.76 2708.97
164.79 1539.55 1.00 2 299.76 589.66 716.45 2071.74
164.96 1448.10 1.00 2 1705.42 613.59 1870.45 2052.25
168.25 1212.30 1.00 2 2474.71 316.32 2438.12 1528.06
171.83 1591.68 1.00 2 1529.40 2632.37 1415.77 1044.75
175.56 978.06 1.00 2 1510.44 2257.20 557.10 2038.73
180.32 1116.00 1.00 2 38.82 1252.94 1134.21 1466.41
190.02 1100.90 1.00 2 284.23 2235.30 949.07 1357.82
191.36 1868.18 1.00 2 2972.92 958.77 1313.56 100.49
194.07 1403.31 1.00 2 1728.56 1242.62 2844.08 2094.04
201.14 7756.81 0.83 6 92.07 1148.58 689.22 103.01 2985.74 1315.02 1685.76 981.54 1593.16 1604.72 2.15 419.56
201.85 692.71 1.00 2 27.74 1825.56 606.82 2205.70
205.27 3963.51 0.82 4 2813.75 2688.82 2343.30 2494.34 2512.59 2682.73 50.09 637.36
205.85 3792.55 0.94 4 1835.68 2921.32 860.31 2007.36 1650.34 1601.26 1957.43 64.04
207.13 1856.57 1.00 2 2296.55 1066.33 2157.53 2917.69
221.51 3775.65 0.87 4 169.44 1313.14 1479.88 1778.75 1347.23 2526.65 2962.61 2346.71
229.83 3491.31 1.26 6 1446.52 1783.90 1791.30 1987.17 2251.95 1396.00 1930.22 798.87 524.90 970.89 568.03 1214.63
255.16 5258.05 0.83 4 2438.38 1676.05 2623.72 177.23 1820.33 2289.72 468.26 2910.37
257.55 3077.74 1.03 4 2699.85 1130.47 2332.28 1734.25 2064.45 2562.33 732.63 1871.00
259.60 7979.77 0.88 6 1717.37 2460.84 1813.15 313.90 2838.95 1133.89 1908.68 97.30 321.94 1593.39 203.05 657.11
277.17 4658.26 1.12 4 860.55 1261.38 180.85 1241.12 2979.56 1947.03 2596.98 2969.71
300.93 5546.46 0.98 6 2977.47 2578.44 2107.64 532.43 1284.98 745.87 670.02 1301.75 1454.60 1527.44 1876.82 2239.66
306.97 6748.45 0.90 6 891.51 2432.63 2949.29 969.42 2844.42 1720.33 2470.80 1595.53 2160.90 1964.09 145.59 337.51
318.31 7015.63 0.82 6 1561.88 2844.84 336.65 2207.44 696.67 2593.80 2285.69 309.08 1428.97 748.97 223.70 1379.84
