93.41 4070.36 0.61 6 218.92 179.74 612.07 1819.98 1111.62 1684.95 1318.82 1452.75 937.75 2155.09 957.35 1399.42
106.48 5024.12 0.72 6 1953.39 2300.88 1494.11 1881.49 1448.83 2414.06 1249.76 1916.97 869.01 2869.95 2054.97 892.30
108.56 327.90 1.00 2 2152.07 301.63 2312.30 15.54
162.42 6920.87 0.64 6 479.10 982.31 2289.36 1494.80 925.62 69.53 1733.06 938.14 1544.17 1496.28 2835.70 1516.33
163.27 5463.36 0.34 6 1009.12 2484.87 899.37 2447.25 2939.69 1751.11 1597.02 2126.22 1105.07 2021.42 2390.26 2175.97
184.53 9226.42 0.48 6 2824.82 462.58 1815.42 2527.59 85.12 136.39 1976.20 2161.90 1690.85 2475.71 1924.36 1730.31
190.49 8024.49 0.44 6 2900.06 645.43 1484.68 2647.02 1610.07 2541.52 1058.69 151.62 1962.78 1411.76 1292.78 2647.37
198.14 7506.90 0.62 6 411.11 999.12 1818.78 1546.52 487.51 2971.85 1421.23 1370.97 983.90 1839.20 2217.96 897.70
209.14 8657.17 0.33 6 2182.52 2291.57 1710.84 583.97 1512.77 2293.21 1097.81 1201.74 1659.67 220.60 839.16 2967.27
210.10 6304.85 0.79 6 892.84 867.01 951.12 1046.41 820.37 365.62 621.83 2114.96 2801.10 2386.22 2029.87 1139.08
212.98 8549.04 0.49 6 2041.20 356.43 2384.69 1017.26 597.17 1527.37 2925.25 1181.71 2816.85 2264.90 1500.23 135.91
214.64 7732.24 0.63 6 2064.13 79.94 2348.71 2328.49 1750.57 511.54 1423.77 2901.21 1732.90 2164.20 1887.08 1859.21
215.98 5998.76 0.86 6 1615.73 2799.07 1847.03 1760.49 1593.12 1913.83 2088.51 411.82 727.37 2009.50 157.47 1239.90
220.48 10223.88 0.36 6 2202.60 2582.33 802.42 743.76 1152.45 1846.13 2926.12 392.30 290.43 870.64 744.81 2595.92
234.25 8012.40 0.53 6 414.25 622.03 1929.93 2079.94 739.56 1674.26 975.15 1986.68 1830.23 576.79 674.60 2918.73
237.54 4577.17 1.07 6 2243.20 1817.22 1412.48 1612.55 742.40 2264.22 1247.54 1647.70 1992.28 655.23 2619.41 245.61
244.14 7706.86 0.20 6 2940.48 2455.13 871.36 862.89 1327.13 769.33 2863.83 2413.85 2142.42 1039.09 1437.24 606.20
248.08 6603.88 0.66 6 2809.83 2886.39 853.68 2967.30 2815.68 2553.18 2778.12 2630.23 1629.90 1481.74 1404.06 578.43
252.60 9029.90 0.69 6 2761.56 2618.45 1576.43 941.26 1026.98 1062.86 2207.51 186.84 519.55 2736.37 2315.97 2162.77
258.97 5348.62 0.71 6 1340.24 2111.30 185.27 1642.95 449.56 984.35 234.31 1692.51 1516.46 1718.11 1561.02 348.72
262.14 9807.01 0.43 6 2523.50 443.33 2844.62 329.69 454.29 2071.50 2042.18 94.71 56.81 941.08 1231.13 2324.92
269.01 7550.55 0.56 6 27.80 1703.89 337.94 487.48 558.60 2209.85 321.90 2948.98 1376.74 771.79 2372.30 1703.34
270.61 8330.47 0.64 6 1651.06 2787.30 2635.20 1432.35 963.50 1937.69 1220.72 2805.10 598.37 2891.74 2723.81 268.38
282.85 8642.27 0.41 6 1722.40 1605.46 2739.69 525.19 2758.90 2991.52 2169.35 2810.01 2646.73 527.37 1190.98 1486.15
288.85 7442.68 0.66 6 1216.25 1507.56 932.93 352.25 1843.88 657.39 2685.36 2110.67 2748.39 885.11 400.71 459.56
292.92 6746.08 0.54 6 616.20 1749.44 2426.08 1360.30 173.21 1387.13 272.82 1531.13 1539.74 1370.40 2420.75 2169.84
309.63 5981.39 0.98 6 302.69 100.73 867.79 2447.36 1793.75 2017.60 1793.35 2109.86 2194.55 956.71 962.00 905.29
314.42 7221.08 0.54 6 1226.60 2306.92 1937.64 1261.09 2608.86 2720.30 2297.48 2935.00 2978.57 1147.44 1126.94 2048.19
331.25 10162.28 0.49 6 2271.85 526.48 2480.97 1545.84 554.34 421.84 2568.44 2691.13 260.21 2007.77 970.81 744.14
332.87 9943.50 0.54 6 782.36 706.56 905.84 2168.65 2078.31 186.37 2261.27 2862.10 34.31 1961.05 354.67 920.42
334.06 7902.76 0.36 6 1985.38 1617.90 535.42 1611.78 668.07 10.42 1960.60 1043.31 1586.53 2183.57 68.21 895.09
335.26 7362.95 0.82 6 2298.16 2651.27 146.03 2221.62 651.81 2591.19 46.94 618.24 1206.80 703.02 169.33 1511.69
347.73 8286.29 0.44 6 2020.50 1633.34 742.54 1038.48 2175.07 338.53 1595.80 2470.08 826.95 2812.23 2428.43 1257.72
413.49 12474.72 0.27 6 1187.85 2449.36 135.87 1033.59 2803.75 207.06 2237.41 1734.93 191.28 2982.37 2801.33 95.20
