29.58 879.02 1.00 2 248.72 947.49 727.27 210.16
43.99 1499.38 1.00 2 337.52 2831.18 1833.74 2733.94
45.67 1883.28 1.00 2 2486.01 250.38 2490.15 2133.66
46.49 2324.65 1.00 2 2948.48 1247.79 626.15 1143.80
48.54 927.01 1.00 2 2630.18 1988.77 2076.75 1245.09
49.36 1667.79 1.00 2 2886.27 2438.10 1219.33 2491.59
56.12 1205.84 1.00 2 328.89 2186.73 1476.08 2558.20
66.10 105.11 1.00 2 1978.40 235.79 1960.14 132.27
71.61 480.27 1.00 2 449.60 2719.51 16.73 2927.55
71.70 3084.78 1.00 2 92.82 2358.53 2870.56 1016.89
77.29 2164.42 1.00 2 2639.43 2216.19 478.08 2331.53
81.06 452.85 1.00 2 938.67 364.50 1376.97 250.62
81.36 1367.98 1.00 2 2457.42 681.99 2007.24 1973.78
83.50 775.13 1.00 2 1417.22 2015.08 676.89 2244.71
87.76 887.77 1.00 2 2360.43 1174.30 2211.60 2049.51
92.03 501.37 1.00 2 1087.77 1310.40 1588.42 1283.68
92.56 4527.81 1.16 6 809.77 2077.38 513.21 1950.98 812.54 1024.17 1279.07 1208.58 2565.52 2927.55 2165.60 2503.62
94.39 2119.36 1.00 2 1616.45 2099.93 2544.15 194.39
95.19 359.57 1.00 2 1659.70 697.67 1758.58 351.96
97.24 1062.24 1.00 2 2495.14 1371.46 2273.32 332.65
101.48 174.11 1.00 2 2033.61 306.77 2060.92 134.82
103.60 1879.82 1.00 2 1604.62 2705.02 659.89 1079.84
104.35 617.62 1.00 2 1087.14 1357.43 530.12 1090.63
106.97 248.71 1.00 2 1884.15 2319.76 1772.69 2542.10
114.79 739.48 1.00 2 1779.03 2425.23 2424.40 2064.22
123.06 2453.24 1.00 2 113.28 2389.60 1297.26 240.98
123.46 2172.84 1.00 2 1419.76 751.26 1520.71 2921.76
129.26 2562.91 1.00 2 2227.77 2641.73 16.33 1346.33
130.59 1829.73 1.00 2 1455.83 666.14 1268.47 2486.26
133.14 856.77 1.00 2 2704.59 2781.23 1857.16 2654.99
135.26 1962.80 1.00 2 2734.78 841.16 2064.35 2685.92
136.25 5912.26 0.96 6 453.31 1218.70 2108.35 822.09 2990.07 1820.85 2341.38 2396.51 2780.82 2269.78 1251.42 2542.04
137.05 5652.65 0.98 6 770.01 1507.28 950.47 1049.81 928.85 2594.74 2672.85 1128.07 2512.18 507.42 2271.37 1160.37
141.65 582.32 1.00 2 533.37 2619.28 1078.76 2415.22
143.29 2664.52 1.00 2 615.90 2852.04 1775.61 453.13
143.94 2996.96 0.89 4 1449.58 2397.44 2064.18 1812.34 1300.41 1464.31 477.97 2482.76
149.86 1792.89 1.00 2 2205.67 1194.65 722.87 186.81
154.45 722.71 1.00 2 862.52 351.79 167.78 152.68
154.67 1333.59 1.00 2 1464.53 2778.39 2428.15 1856.49
154.69 5634.66 0.91 4 2731.46 126.12 1645.21 2550.83 511.21 1475.71 978.30 139.92
159.36 1767.94 1.00 2 2771.08 2238.63 1157.28 2960.63
160.50 725.22 1.00 2 2426.88 1690.70 2863.97 2269.40
162.23 611.41 1.00 2 1950.32 1242.27 2126.76 1827.66
166.84 742.17 1.00 2 2557.77 1886.15 2662.75 1151.44
175.00 1650.05 1.00 2 13.40 1168.53 1619.74 1545.82
176.89 2544.64 1.00 2 398.26 1079.24 2942.45 1127.15
177.04 7052.24 1.04 6 328.11 347.43 291.41 166.55 226.92 1497.65 1685.27 2482.01 2893.53 63.18 2357.02 990.96
177.62 1480.83 1.00 2 829.96 185.93 2104.69 939.54
178.23 3011.34 1.34 6 1868.24 954.12 2259.83 1306.78 1217.61 2415.59 1174.28 2697.03 1240.05 2947.69 1041.66 2578.96
179.24 962.23 1.00 2 727.74 788.41 44.27 1465.72
180.91 1145.44 1.00 2 152.82 2491.03 944.64 1663.35
183.80 1390.11 1.00 2 2390.41 853.88 1402.44 1831.80
184.71 6935.30 1.01 6 812.50 869.08 836.98 412.20 434.85 1213.21 2706.93 2718.41 2918.77 781.73 2372.92 56.35
185.16 2658.07 1.00 2 2982.51 2741.12 1161.63 804.70
186.41 2620.36 0.94 4 1837.60 1677.45 2467.07 2718.03 2794.35 2458.14 2586.28 1494.05
188.43 1721.51 1.00 2 1695.70 2547.36 734.93 1118.89
188.58 2528.88 1.00 2 290.70 2520.43 2744.30 1908.00
191.63 2381.74 1.00 2 2976.90 2902.98 722.54 2134.51
191.89 894.38 1.00 2 1148.43 1531.56 1504.12 2352.17
192.31 1115.58 1.00 2 1472.83 896.35 629.25 1626.35
192.45 622.39 1.00 2 1109.38 168.26 565.59 471.00
192.78 1539.22 1.00 2 1589.30 70.80 2546.29 1276.36
199.89 1194.34 1.00 2 1333.24 1033.42 671.09 39.44
207.16 1258.13 1.00 2 1404.35 275.61 1313.14 1530.43
209.09 1254.59 1.00 2 2017.46 2940.89 1036.58 2158.66
210.36 1918.19 1.00 2 2324.40 1625.82 539.85 922.37
211.35 7767.39 1.06 6 2938.35 2645.96 1852.27 2981.86 188.31 2176.86 1232.12 756.20 129.00 428.94 1995.85 349.19
217.88 5694.15 0.97 4 2966.89 1618.50 495.52 2266.03 271.81 2013.52 2392.79 182.48
219.69 2584.71 1.00 2 354.81 1869.55 2782.83 983.32
220.75 1737.41 1.00 2 366.25 2950.16 1867.09 2074.88
221.41 2170.52 1.00 2 2080.40 2886.17 1082.19 958.81
234.24 3512.25 0.95 4 1104.99 2993.36 143.30 2763.40 13.15 2832.15 2385.22 2691.32
240.07 6603.40 0.91 6 648.54 288.11 114.91 1073.03 209.59 1210.30 43.67 1678.06 2471.41 115.45 1946.80 2153.05
295.29 5064.31 1.10 6 125.14 824.55 1283.46 1811.12 2315.06 1418.47 2932.25 203.24 2513.58 648.81 2100.47 436.20
308.99 6049.49 1.15 6 2631.72 1905.31 2245.97 2465.15 2139.55 2474.45 263.38 73.54 305.49 66.20 1477.84 1895.85
