134.32 5215.81 0.83 6 2489.95 2734.46 2265.32 1639.85 2892.87 882.53 2113.89 1942.90 1810.16 2328.44 532.28 2047.98
136.39 6519.69 0.68 6 346.22 1056.71 2001.47 1252.43 857.78 2541.90 1441.11 1711.91 2243.61 2524.17 2424.91 1568.19
151.60 7580.16 0.41 6 1897.75 602.67 1035.88 2017.12 2874.98 1511.68 1872.50 871.74 2944.01 1950.26 2082.94 967.14
153.72 5286.23 0.69 6 551.61 204.53 1611.11 275.84 995.65 1082.39 1515.42 1247.79 663.59 640.06 655.34 2257.97
159.92 7095.98 0.48 6 96.92 2442.08 2218.48 2594.52 712.79 2352.92 307.44 2604.11 2227.24 1683.81 2396.47 862.92
165.46 6473.21 0.54 6 560.93 521.39 1285.52 1669.80 765.05 991.69 1541.54 1131.59 390.20 1751.96 2129.07 464.42
171.61 6480.32 0.62 6 461.11 967.89 1846.83 1985.67 1074.26 2352.09 152.57 2797.15 1471.65 1718.03 953.58 659.89
172.28 8013.88 0.62 6 75.82 435.98 2250.56 482.81 2518.15 2071.78 2010.76 599.71 859.85 751.68 885.42 2260.78
190.33 5616.38 1.00 6 262.56 162.80 1724.89 682.94 1890.65 1299.08 2382.64 1674.25 775.94 1164.10 50.67 2019.90
201.53 5076.35 1.01 6 369.71 15.09 1031.55 1237.96 482.86 662.36 1789.96 1611.46 1937.79 1537.66 2504.25 582.98
209.07 7753.51 0.44 6 1591.50 2989.89 26.41 2006.82 1841.10 1863.40 2471.07 2943.40 1337.00 2713.49 2876.69 2047.65
226.95 6847.70 0.54 6 2295.82 1313.03 1421.96 1600.40 2392.45 1637.17 1185.34 1982.17 409.14 1172.98 2880.40 432.23
227.65 1482.40 1.00 2 1844.24 117.11 2351.60 1509.99
235.04 6952.12 0.55 6 2031.87 2742.51 1119.39 2848.40 2840.94 914.07 2385.05 2187.97 1660.57 1665.21 2244.89 2710.64
235.37 7568.37 0.57 6 1604.50 1924.27 1756.82 2102.65 318.41 2360.68 1855.05 2267.88 217.77 2784.14 904.05 259.52
245.00 11049.90 0.38 6 1993.48 2779.45 2927.47 937.96 754.02 1861.69 1162.66 2870.11 1656.37 38.90 2342.77 2610.35
248.23 4011.32 1.41 6 416.90 496.82 634.55 560.72 354.99 691.04 231.26 1930.43 1086.67 2151.91 2433.52 2160.77
248.31 9115.73 0.72 6 2694.84 577.54 196.42 2011.01 1272.63 311.78 1541.68 2844.64 2320.75 2594.85 1613.26 2108.23
248.94 6447.16 0.52 6 1696.66 1093.48 14.50 738.53 1308.37 2520.33 949.00 1284.92 664.58 2219.45 402.92 2198.92
255.98 9799.18 0.68 6 962.81 2747.80 1620.71 848.49 1124.87 2408.45 2834.96 1157.63 2734.01 2466.33 1336.67 131.55
258.78 6039.07 0.51 6 2996.18 1416.31 669.92 2316.43 1394.10 1531.24 2325.59 1097.46 2199.68 873.00 1190.36 1506.50
267.28 9964.04 0.52 6 502.18 2868.83 2928.67 2325.62 2240.67 461.26 1613.92 21.99 1939.68 2819.25 1377.68 995.15
272.62 7331.05 0.64 6 2633.66 1388.55 1655.02 527.31 2576.14 420.01 1076.22 916.42 1819.88 2525.38 1615.85 789.70
276.08 5703.91 0.66 6 1960.01 2506.41 2721.73 1549.12 1460.58 1446.33 1549.99 1128.99 1058.69 2603.16 1812.63 1505.51
283.29 8564.34 0.59 6 871.96 202.09 300.14 1858.55 1351.94 1849.03 294.61 2176.77 2700.36 953.36 917.03 1752.51
291.24 9161.75 0.59 6 544.07 2398.98 2797.11 2982.94 1461.57 992.55 2556.75 2554.16 1383.80 1648.99 384.65 1966.42
312.65 7832.31 0.48 6 139.31 2941.77 1564.12 2488.94 1633.05 521.55 972.21 2111.21 2504.62 789.95 1961.03 1095.89
315.94 9197.01 0.51 6 2659.01 229.39 1521.53 93.58 1770.11 2718.91 226.20 55.89 1745.67 1215.40 1654.78 1630.41
316.30 8615.07 0.28 6 1988.04 2543.95 497.53 1542.41 2846.14 1978.24 2419.62 1842.11 1338.66 537.44 2903.21 2207.76
317.47 8373.48 0.32 6 1450.51 1076.39 188.58 1108.31 2723.18 1083.75 656.46 1462.93 128.43 620.32 1409.02 1363.93
318.13 7206.27 0.63 6 1444.55 1436.44 2500.09 67.34 483.39 1888.62 632.11 483.74 129.43 1720.46 117.57 1716.81
318.37 6918.44 0.83 6 167.74 774.78 1798.07 1690.81 1985.24 850.36 540.11 2874.72 55.86 2158.64 257.25 1347.61
344.56 7627.82 0.62 6 1360.41 1771.79 325.71 607.05 1259.39 448.68 689.44 1156.39 2578.78 1513.08 288.90 1427.61
353.12 8356.11 0.57 6 2978.33 2601.91 1802.52 2383.85 1978.95 793.56 511.70 2491.09 2461.36 545.65 2172.56 1028.01
