127.14 4257.21 1.04 6 719.09 2611.62 875.67 2748.89 651.76 1480.46 821.33 1884.25 2094.13 2167.23 2977.17 1658.47
150.94 7547.21 0.93 6 69.72 2356.07 1823.51 2600.83 1171.91 1603.47 2766.43 461.07 2940.52 612.61 565.02 325.92
154.12 6805.81 0.88 6 1232.58 471.11 1434.75 206.29 389.80 617.03 332.23 1609.36 2865.29 2597.10 1296.60 2129.01
164.33 6716.51 0.61 6 1577.57 2730.91 1728.40 2211.87 1368.92 2100.95 2637.72 1380.61 863.74 2642.98 2134.94 892.35
164.67 6433.43 0.76 6 1839.08 2429.95 2699.89 2199.73 550.33 1705.85 525.38 747.40 1373.48 2732.50 1180.65 2837.06
183.73 9086.37 0.35 6 2857.91 990.75 1708.55 1354.61 312.94 1658.72 1889.52 1809.01 2684.23 279.72 96.18 2067.07
193.05 9052.53 0.55 6 1465.84 560.08 851.45 699.12 172.36 1555.60 208.47 2888.98 1978.71 209.94 515.48 2579.12
204.39 6019.34 0.69 6 323.05 981.42 621.36 1625.11 641.34 1069.73 1686.16 568.64 2816.77 362.41 520.86 1206.42
213.13 8256.28 0.70 6 2985.95 229.60 978.04 1352.81 1386.50 219.59 315.67 2299.62 758.30 1518.19 2083.46 2249.21
213.97 7998.50 0.83 6 1143.47 2237.87 32.21 344.05 2246.03 1454.28 2567.32 1190.02 2751.41 981.33 204.71 1645.29
214.97 7048.52 1.01 6 157.25 14.00 2006.85 661.70 2491.35 503.65 2317.23 2301.34 2646.86 2390.77 501.14 1247.04
218.90 7344.98 0.91 6 2149.23 2691.03 2786.46 1123.93 1265.05 2967.87 1171.86 924.97 715.62 274.16 1011.35 576.46
230.85 10342.56 0.57 6 1424.34 1811.13 1507.43 2054.51 428.08 191.91 2817.46 1762.48 826.32 22.33 1197.71 2422.70
230.86 6743.21 0.73 6 305.44 1608.54 514.38 2877.10 2088.95 2033.70 2971.59 2551.40 1799.60 2944.25 2917.10 2081.16
236.25 6712.70 0.59 6 996.14 1906.06 2554.66 1446.39 1755.11 1147.11 2651.90 953.90 1005.32 1825.60 1921.78 697.28
240.01 2100.57 1.00 2 556.91 176.95 548.19 2277.49
244.13 9206.61 0.48 6 726.88 2850.06 2524.69 511.77 882.43 1603.96 420.77 2461.28 54.20 301.55 1172.55 232.76
247.45 7872.32 0.71 6 948.72 1167.56 2445.25 1949.83 655.68 904.60 1376.33 198.05 1106.94 201.99 1796.61 2949.31
254.30 6714.84 1.00 6 2932.70 1944.14 2540.80 993.81 2719.90 1995.02 865.37 71.08 726.75 1617.94 745.01 2062.05
275.37 10468.37 0.40 6 2290.77 2032.15 650.02 103.33 2090.23 2509.50 460.49 1074.26 2025.13 648.50 2434.54 1923.04
281.24 8362.02 0.67 6 455.01 613.16 1794.23 2837.63 834.38 1930.81 113.72 2770.23 2217.77 986.07 2281.48 1562.62
282.49 8724.62 0.46 6 1762.41 2965.14 2690.34 926.55 1859.30 179.77 697.82 1849.05 2213.74 2271.74 1123.57 889.84
286.27 6213.27 0.41 6 1696.83 582.68 2739.26 2166.74 2065.47 2089.37 1308.89 765.78 1528.83 1465.87 1952.72 2779.56
289.72 6986.18 0.58 6 1390.95 1360.81 215.82 409.97 568.88 38.50 1125.44 1818.08 1407.78 464.17 1502.10 2176.04
303.79 8289.43 0.44 6 856.06 1344.81 2343.87 240.05 503.30 1324.13 1906.81 815.58 2917.67 1194.73 1515.88 2204.78
305.66 8983.09 0.44 6 2158.51 1824.19 1327.08 18.13 577.40 1903.10 1144.46 964.91 2609.60 209.95 424.60 612.66
307.29 6064.69 1.31 6 1908.54 2330.07 2246.19 2790.05 2961.08 2449.17 1033.18 428.14 1193.91 924.30 4.74 209.52
307.48 8773.95 0.65 6 275.28 1777.89 708.93 234.49 2165.02 734.77 2493.66 2795.44 2174.97 934.39 529.31 746.91
310.56 7127.78 0.61 6 2206.99 727.06 1892.86 2029.28 783.99 1366.41 103.52 2439.38 2092.41 1936.00 2043.20 762.86
318.16 6907.86 0.91 6 1268.83 2489.25 2903.05 1975.46 1234.83 2629.20 758.61 906.66 1148.37 923.94 2182.96 266.62
319.19 8759.42 0.46 6 2280.97 2458.81 1144.26 2562.13 1785.55 458.40 2380.68 59.43 2276.57 2764.60 2179.94 771.88
320.04 7301.81 0.81 6 1806.45 2855.33 2312.92 1933.19 1758.48 2702.99 2524.55 37.01 2750.65 1193.00 1555.61 566.47
324.52 8425.84 0.48 6 1474.36 2777.07 1119.43 1468.65 1226.36 116.48 2820.85 2911.48 1923.15 1764.93 2764.81 1154.48
362.62 8531.21 0.38 6 2088.95 1574.89 511.90 1123.95 545.95 2845.45 1963.56 2199.13 2112.14 594.06 1351.98 2443.11
