19.30 965.17 1.00 2 397.97 2091.61 14.60 2977.37
33.51 475.66 1.00 2 2269.80 2930.40 2394.56 2471.39
35.23 1661.54 1.00 2 69.48 554.97 1686.98 934.96
50.55 127.60 1.00 2 2496.77 721.50 2370.30 704.61
58.32 1816.09 1.00 2 1050.29 877.67 2863.68 778.63
85.68 383.87 1.00 2 746.19 2648.80 1117.54 2746.05
88.08 703.80 1.00 2 878.41 72.85 855.71 776.28
89.57 678.35 1.00 2 2685.90 1564.01 2121.74 1940.69
102.42 4920.86 1.08 6 1030.25 2654.16 794.47 2051.34 671.39 1474.41 417.81 1391.99 2017.01 697.62 2575.42 2275.30
111.12 3355.86 0.82 4 2927.12 1965.01 1864.31 177.63 1176.76 42.35 1713.06 251.51
124.84 5742.21 1.12 6 564.27 2392.46 426.71 1970.46 2606.81 1203.32 2174.65 301.71 1728.31 824.31 553.95 1382.16
128.39 719.25 1.00 2 1509.00 1357.77 1189.80 713.22
132.85 242.53 1.00 2 1125.89 301.65 931.51 446.69
133.33 1066.28 1.00 2 929.04 1038.66 165.87 1783.34
134.85 1242.70 1.00 2 1483.10 1838.75 2661.16 2234.33
153.69 6384.31 0.75 6 1877.43 1753.80 1996.69 2769.48 2267.40 659.76 972.54 235.18 1032.06 1072.44 1361.27 93.75
156.57 2728.25 0.90 4 1930.41 1038.77 2186.99 1119.48 1784.57 1856.25 589.49 762.89
165.91 495.41 1.00 2 2343.24 2260.42 1866.65 2395.64
171.56 7778.09 0.67 6 792.58 1654.08 549.54 2003.51 1090.43 670.33 2521.48 1140.91 333.03 153.34 577.32 2144.74
184.16 6707.91 0.95 6 1855.40 1008.08 2823.07 932.29 1846.64 1770.52 221.26 2234.19 97.46 989.79 428.52 2462.67
184.85 3942.29 0.61 4 953.39 31.06 2328.34 1131.85 2964.58 17.64 2420.75 732.11
185.98 6499.10 0.83 6 2743.14 2111.70 2411.49 2842.93 2344.93 2483.35 1256.32 682.69 2856.80 645.94 1593.05 1668.16
195.57 5278.70 0.67 6 485.17 334.63 250.14 160.73 1855.66 470.19 1282.08 2055.93 1510.26 685.76 1781.11 738.56
195.73 7886.49 0.62 6 1426.88 2889.97 2241.49 2283.15 2259.77 86.24 2157.43 2287.49 771.98 304.51 772.62 355.58
198.43 3421.44 0.73 4 295.62 1606.25 708.14 94.58 1640.71 1084.99 1650.52 590.96
201.23 6661.62 0.68 6 434.26 527.11 766.06 1414.14 1399.67 1819.14 2167.06 321.20 2301.33 1324.69 191.77 2155.01
201.63 581.53 1.00 2 2211.37 621.63 2769.25 785.80
206.16 8707.93 0.70 6 2294.61 407.14 1247.20 599.39 2993.06 421.19 559.43 2535.60 1326.79 1155.81 260.61 952.38
206.99 6249.36 0.71 4 2943.97 1451.43 2879.83 2426.69 356.11 1927.55 2729.11 640.89
207.50 6374.86 0.82 6 253.67 114.40 962.08 1224.00 2019.44 1403.10 1959.52 470.35 2049.96 344.08 379.52 2709.75
216.37 1218.45 1.00 2 81.64 750.76 939.58 1615.94
221.68 3684.24 1.03 4 2899.57 2739.97 1376.33 1587.26 1370.26 1301.10 242.78 330.39
221.91 6295.37 0.82 6 1701.60 226.55 1381.53 2334.04 410.73 1541.53 966.79 653.49 341.73 80.72 1353.66 2.94
222.64 8032.07 0.81 6 2871.81 925.73 1972.71 1950.64 2447.73 1202.21 1032.47 2807.28 171.55 1107.89 1098.80 2577.06
223.05 5052.36 1.03 6 2366.42 1625.11 730.76 1648.38 145.40 2251.03 288.77 226.55 396.49 517.57 300.39 733.70
242.14 3906.84 0.88 6 1338.44 2053.07 1503.08 1245.82 1753.96 1202.38 348.99 2265.75 424.10 1276.97 403.42 1205.18
249.49 5174.29 1.28 6 388.20 770.94 806.98 1095.55 2013.88 2513.85 2151.81 2341.63 2382.83 2383.37 961.92 540.91
253.23 6861.45 0.64 6 2337.33 816.60 617.15 1224.26 892.79 206.42 1813.76 2156.48 2069.32 2038.26 2132.95 438.59
264.87 5343.71 0.60 6 911.80 778.63 425.30 1186.28 1800.12 1360.56 1090.11 1816.52 1015.29 2468.11 1495.55 708.98
270.92 5046.18 0.67 4 2487.54 2771.00 75.78 1090.37 1321.86 656.28 622.42 295.34
270.93 4246.27 0.72 4 2052.59 522.35 886.56 680.29 2012.83 1123.78 1802.90 2971.05
289.06 5452.82 0.75 6 206.54 891.36 1482.72 614.38 2039.93 214.86 1172.95 1143.79 655.24 890.57 1371.24 2337.41
290.00 7800.19 0.60 6 2193.61 2644.45 2170.99 1911.52 712.68 1696.02 2016.36 1568.92 666.79 2523.29 2002.69 257.86
304.36 8217.85 0.75 6 2815.23 1436.65 37.89 2247.26 1458.28 1446.43 736.60 1141.13 1777.53 918.77 138.52 69.40
350.29 8814.36 0.79 6 1633.41 2556.22 2978.26 497.62 2782.89 2284.27 1433.48 859.49 419.37 2062.17 866.07 1142.34
354.51 8025.66 0.59 6 1696.13 1779.47 649.35 1653.62 84.92 1623.85 2707.18 2780.92 2338.23 693.98 1459.26 1810.05
