52.46 822.94 1.00 2 113.36 992.64 101.73 1815.50
141.35 7067.71 0.75 6 1473.92 2193.69 1278.06 2479.00 2629.93 2544.23 1819.48 701.59 2624.20 1618.08 531.65 2044.60
157.83 1191.54 1.00 2 389.33 2534.11 1580.35 2569.36
165.86 293.13 1.00 2 2632.12 2649.25 2481.23 2397.94
167.90 8094.90 0.70 6 955.32 87.47 2879.30 68.76 2157.55 1286.07 686.72 2250.81 2356.82 1765.83 2042.24 2983.40
169.48 6273.91 0.58 6 1536.62 1888.55 1355.59 1637.08 2738.76 2085.84 1941.81 850.70 1373.66 2430.78 1324.22 1070.81
171.31 6665.37 0.46 6 2188.91 1986.94 1794.67 2074.22 389.96 2647.47 1626.85 2925.03 1522.08 875.60 1013.16 2206.27
194.53 7226.41 0.89 6 537.13 2685.59 587.97 2307.32 1846.75 824.70 1204.96 1171.49 1970.18 78.65 2340.74 2890.57
194.97 6648.41 0.56 6 2502.26 960.35 2249.29 2371.58 1.96 1930.65 1730.41 1481.72 1596.42 2044.69 2047.02 2377.22
209.60 7680.12 0.69 6 190.44 1883.46 1596.59 1153.42 2745.95 1517.42 2920.07 1484.69 449.75 1870.92 2155.62 461.75
210.12 9005.94 0.69 6 1782.51 118.30 805.55 1289.88 1640.18 48.50 1771.90 2317.71 1826.88 866.41 475.01 2676.53
213.48 6974.04 0.61 6 503.76 2699.30 2557.44 804.97 1382.06 1182.20 527.72 2239.42 547.67 1570.75 421.06 2479.41
213.98 10098.87 0.49 6 1360.72 2100.33 707.85 1215.25 2377.21 1095.26 1207.98 2814.58 2339.66 439.63 6.75 1621.86
221.49 7674.44 0.53 6 1106.04 2086.50 2603.36 2266.70 995.63 1369.91 2649.06 1990.71 1170.46 2183.07 114.95 2019.03
227.13 5256.57 1.15 6 1278.75 2554.68 797.26 2539.82 327.31 2851.16 137.38 2879.40 2091.38 1929.94 2377.36 105.58
235.63 1881.56 1.00 2 2588.21 2826.41 976.30 1855.83
240.14 4906.85 0.66 6 1349.34 1326.60 1478.14 1013.67 2007.94 1624.05 895.95 502.77 1011.86 2222.41 1018.61 1764.96
240.51 7025.71 0.55 6 76.98 1937.46 582.48 1884.38 1536.93 1730.89 1556.80 2868.78 359.93 2026.28 2778.96 339.59
240.81 7440.57 0.42 6 2835.07 1167.23 2838.19 664.96 1823.81 2059.31 2905.88 515.57 2083.79 1029.98 306.66 2581.35
248.74 6936.99 0.72 6 1443.65 1452.75 2114.06 1745.93 2515.69 630.56 140.67 1564.63 807.40 113.07 922.74 975.74
250.62 8231.11 0.81 6 2704.55 1717.78 782.19 2053.41 2284.49 2167.26 309.31 1214.70 2747.99 559.81 2796.48 533.70
251.49 11674.45 0.47 6 253.06 2522.04 983.67 477.65 2811.18 2060.24 541.35 1887.52 2976.45 2036.24 1214.80 451.02
254.76 8737.86 0.47 6 1834.16 557.07 2050.58 2218.08 2490.93 666.59 739.87 2854.92 2540.23 2368.61 2821.82 1638.55
257.19 11759.33 0.58 6 1978.67 44.50 218.59 1953.91 1711.85 982.18 1005.15 2966.62 2811.20 218.26 1193.79 1370.18
267.45 8472.62 0.67 6 2818.74 318.63 2848.73 1676.05 1463.31 2040.31 2131.85 1107.69 46.90 961.32 2474.59 672.62
282.26 5713.11 0.86 6 1574.38 1149.20 1471.89 1498.75 666.26 1347.01 1759.30 2985.30 2551.03 2971.39 1911.97 1323.19
297.92 5595.90 0.70 6 277.81 1131.47 734.25 787.17 1389.56 72.68 24.34 269.55 480.45 2152.63 495.18 1414.98
301.91 5495.30 0.88 6 1556.04 261.28 2699.55 1440.24 1089.56 1883.20 1368.08 2360.77 962.55 2240.48 1451.50 1136.73
305.62 9480.81 0.42 6 1361.03 980.30 2186.80 1098.33 1427.57 2537.63 983.30 321.67 2658.30 2452.62 1573.57 714.45
306.10 8904.88 0.50 6 1061.58 1369.90 366.04 1775.20 2197.51 394.90 1847.16 2843.93 1418.66 180.43 1434.04 815.05
307.83 7291.27 0.97 6 2605.46 207.73 101.37 612.27 546.45 301.11 16.71 1019.79 1899.02 1666.64 909.79 2553.37
307.97 6698.26 0.99 6 2848.37 1929.44 1098.88 1545.94 1106.50 627.45 449.11 19.10 2216.25 503.13 2876.07 1577.48
309.83 8691.57 0.45 6 1044.95 488.37 2427.29 2428.18 973.37 2318.78 410.55 992.68 1284.46 175.11 1519.32 2376.89
315.15 6757.31 0.85 6 2416.15 518.62 2211.14 571.27 429.64 2523.50 1630.09 2449.07 188.75 600.54 21.25 914.61
350.50 10125.06 0.63 6 2893.61 2389.81 1840.94 533.33 2731.46 2902.90 951.98 2138.03 386.69 2874.02 2437.25 1284.32
372.49 10924.25 0.52 6 996.88 408.38 128.62 2404.86 1942.02 696.27 2553.04 2647.47 1117.51 688.72 2875.38 393.38
