144.97 6948.27 0.53 6 2326.96 214.15 2524.62 2451.75 2304.44 746.89 1410.44 576.58 2484.76 365.88 2313.68 1328.88
152.76 5837.85 0.92 6 2270.09 2416.58 2067.75 1074.50 1455.91 1312.50 1316.16 578.90 404.20 2695.99 884.14 2091.11
157.09 5154.27 0.38 6 1162.47 1572.21 1839.12 967.80 1569.60 200.04 1492.65 1654.40 1922.71 331.39 2505.58 389.32
169.00 7549.91 0.85 6 2812.26 1562.78 596.17 2662.56 338.79 1898.73 759.94 1915.56 2590.97 653.36 973.54 502.08
178.50 6524.81 0.89 6 1101.34 2.16 556.60 56.16 716.36 2163.01 1914.08 1137.13 2570.49 2328.05 1974.87 1616.87
178.69 5634.34 1.04 6 212.62 2790.63 1674.06 2814.73 2125.30 2470.93 626.21 1474.22 1247.86 1107.21 797.45 121.96
185.09 8654.48 0.53 6 2212.86 100.53 1563.42 2946.35 936.33 969.19 1382.50 2312.99 1418.48 2044.33 1887.49 126.56
187.21 7860.42 0.83 6 1855.93 2792.55 179.33 1933.72 377.48 698.02 2990.92 1875.40 2103.98 2374.40 2945.03 2365.69
191.93 5396.42 0.89 6 500.43 541.19 474.53 2995.30 945.46 2974.39 1204.67 1012.54 1329.04 1056.97 973.96 1115.16
193.53 9676.36 0.52 6 452.05 1480.74 2398.39 2993.89 990.75 2530.64 1025.74 934.73 1391.05 2374.27 2854.93 168.12
199.65 6982.65 0.52 6 2620.48 606.24 1713.04 2508.90 2103.94 767.82 1456.11 296.26 1973.76 1577.46 1099.06 1817.86
213.59 9479.49 0.38 6 828.30 358.95 125.98 2350.43 1114.20 268.44 2367.43 26.79 1425.81 1788.64 473.10 274.20
226.55 5327.55 0.87 6 1958.34 1806.90 1147.46 914.35 448.74 1507.20 34.30 2332.26 123.55 1619.79 662.39 151.56
235.95 7997.73 0.71 6 291.36 2175.52 2247.58 1245.55 1073.89 1376.16 1594.98 568.38 316.54 1915.87 1995.73 2648.47
238.60 9829.85 0.46 6 569.33 559.88 825.97 2494.05 206.63 465.08 1042.99 2197.21 2743.42 1663.56 887.02 790.05
244.93 5946.46 0.54 6 2194.74 1178.65 1514.19 666.26 396.57 247.64 1336.85 1785.40 869.35 1182.97 1714.32 147.93
247.90 7894.83 0.58 6 2292.55 1291.76 1689.43 641.78 762.27 2884.96 2177.60 1825.24 2297.12 2778.44 1342.50 1191.27
248.50 5825.17 0.92 6 1197.57 255.24 391.13 404.61 1956.75 588.30 1505.47 2321.48 1677.89 1463.58 1847.99 2207.00
257.24 2961.96 1.00 2 435.46 2799.09 2751.34 952.49
259.34 8167.07 0.68 6 2178.94 2948.87 2980.24 905.52 2567.16 65.10 1787.29 1552.83 901.00 665.66 2465.82 2069.16
269.60 5879.80 1.05 6 2606.26 2460.40 1449.08 2189.77 55.17 1749.01 41.20 2081.39 424.04 2096.27 1990.59 130.45
271.83 10191.66 0.38 6 2669.30 239.87 211.16 911.71 1578.58 746.29 2403.06 182.10 2833.81 2881.76 1875.98 536.69
273.70 8284.80 0.60 6 275.72 1199.39 2170.74 2378.71 2068.79 1728.70 2753.65 2202.80 518.71 2477.12 2722.97 1785.69
274.74 6837.16 0.61 6 738.74 214.93 2772.41 268.78 1044.92 962.22 2330.32 970.23 2015.24 1270.62 1781.63 72.62
279.00 5250.05 0.76 6 1373.96 2779.05 1588.25 1000.71 1040.34 1055.74 64.47 742.18 1180.20 471.02 1875.69 708.61
282.19 9009.61 0.32 6 827.87 1660.99 464.14 113.21 1101.25 1746.47 1668.97 2777.77 1066.97 415.22 698.98 2433.22
293.26 8962.94 0.60 6 901.18 2192.37 167.77 2312.70 1249.57 2603.49 1728.85 235.43 1043.79 2451.43 2609.36 680.15
298.10 6505.03 1.06 6 57.23 2602.23 1142.10 2929.84 2600.32 1594.68 1948.23 693.51 298.81 946.37 559.25 1501.95
334.32 8616.25 0.47 6 510.96 852.04 159.26 1964.27 813.93 2556.25 2367.57 1853.89 25.00 1165.94 1980.30 2592.85
338.41 9720.29 0.56 6 914.46 2962.96 1326.63 437.46 599.06 1121.46 1848.66 2970.48 134.63 2454.52 2273.20 2558.29
353.12 8356.04 0.71 6 1970.80 263.39 1837.35 1876.57 1626.70 620.27 1146.62 2881.82 682.28 721.08 415.73 1624.06
353.67 10183.44 0.45 6 337.12 163.61 333.83 1350.18 1614.02 611.40 2846.82 2780.19 68.24 627.03 1569.80 775.97
372.69 9634.64 0.56 6 2934.73 1503.75 2636.03 2671.21 1664.82 840.58 2435.68 1877.38 2444.58 88.40 455.12 2691.53
388.78 9939.07 0.75 6 458.25 2911.61 2400.32 2587.76 1571.42 405.76 2729.21 987.85 927.00 2115.41 2987.06 2927.33
