20.09 404.28 1.00 2 86.33 1600.40 149.15 1201.03
36.88 1043.91 1.00 2 2965.94 1113.69 1924.63 1040.04
38.78 1638.81 1.00 2 1661.93 2019.69 2830.92 871.15
40.19 1309.55 1.00 2 1330.33 2652.92 2280.71 1751.96
61.24 361.94 1.00 2 1204.38 1374.74 1561.29 1434.93
64.50 424.96 1.00 2 929.57 292.19 643.67 606.59
66.87 1343.45 1.00 2 1485.39 1671.63 324.80 2348.29
75.48 473.92 1.00 2 1704.42 2885.32 1238.33 2971.11
76.82 441.18 1.00 2 1239.94 1162.46 1535.95 1489.59
77.54 3477.06 0.84 4 463.01 579.47 53.23 1547.30 632.34 1259.92 2181.46 2135.76
80.78 1438.96 1.00 2 1758.45 1651.68 626.34 2539.91
91.51 1675.56 1.00 2 2380.66 846.30 1578.46 2317.34
97.47 3973.44 0.81 6 852.17 1645.87 780.64 1442.42 1136.75 1545.31 1234.97 2675.10 1692.90 2831.46 1253.57 1117.72
98.62 1731.06 1.00 2 1475.16 2920.97 833.94 1313.05
101.10 555.18 1.00 2 2313.97 1457.74 1842.63 1751.11
106.55 927.54 1.00 2 539.08 1737.34 1463.39 1659.98
109.66 4283.10 0.66 4 2605.19 1012.88 1274.96 1062.97 1474.27 302.93 136.30 2006.51
110.20 910.24 1.00 2 1144.85 581.10 248.69 421.61
110.64 3332.13 0.86 4 461.10 2556.34 94.05 2980.58 430.73 1994.36 2159.76 1997.42
135.68 183.81 1.00 2 6.68 935.46 115.66 1083.48
136.07 1603.70 0.79 4 2829.07 2512.79 2436.52 2760.26 2614.46 2740.20 2363.96 1812.85
146.33 7316.63 0.92 6 2979.78 2276.24 1435.90 1572.02 2143.61 469.78 1608.91 480.94 36.09 2847.74 5.33 1914.96
147.55 877.45 1.00 2 469.72 1908.54 1334.80 1761.74
147.81 390.37 1.00 2 2427.97 1061.06 2731.27 815.30
153.36 4667.78 0.79 4 178.32 89.73 472.17 921.64 238.40 670.20 2810.52 2957.75
158.14 707.25 1.00 2 2930.15 1798.93 2371.68 1364.98
165.01 1350.50 1.00 2 1376.31 638.04 65.34 313.70
166.15 6907.41 0.93 6 2386.82 2463.08 2778.38 268.21 1316.69 1765.71 621.68 911.01 146.44 1877.45 439.65 2159.28
173.93 3796.41 0.73 6 2397.73 778.56 1632.66 1178.66 1384.47 1386.07 1665.96 753.19 2172.56 732.95 900.61 124.66
175.56 3177.81 0.98 6 791.08 2792.04 1703.58 2233.07 2412.71 1846.92 2363.87 2620.07 2492.46 2443.75 2200.91 2541.00
177.38 5369.12 0.83 6 583.95 299.33 435.82 465.61 167.06 497.80 1816.91 1132.78 2333.97 1895.51 749.44 388.92
180.21 7310.55 0.64 6 404.11 1587.77 2275.27 641.78 1446.33 725.86 2883.97 1285.57 2311.59 2110.52 2031.02 298.26
183.81 2090.30 1.00 2 1421.40 2839.10 457.40 984.37
202.58 8028.86 0.74 6 2518.95 323.19 415.49 1124.85 71.33 173.41 849.51 1441.46 2454.19 1011.05 1026.30 1769.56
203.39 2069.74 1.00 2 724.31 2056.34 108.62 80.29
204.26 5512.85 0.67 4 1172.72 968.88 2573.33 908.24 1654.97 2436.05 465.88 434.24
206.76 738.03 1.00 2 2430.46 1002.56 1775.75 1343.22
212.10 1404.77 1.00 2 2970.69 110.92 1583.42 331.94
212.47 5323.64 0.76 4 94.70 457.50 745.61 1721.26 2037.12 1893.90 19.20 255.81
213.32 765.97 1.00 2 2820.37 686.44 2956.92 1440.13
225.59 2779.45 0.93 4 1200.02 1798.34 1906.73 1751.63 2630.44 1135.71 1556.48 814.87
226.78 4038.85 1.01 4 803.19 667.45 796.57 1854.71 2573.55 2812.08 1741.87 2763.32
228.66 1732.80 1.02 4 682.35 699.88 1693.93 1221.47 1985.94 909.11 2103.99 1027.33
242.85 5442.66 0.83 4 4.09 2234.52 2708.20 1359.71 2377.15 2420.02 887.74 2452.58
255.66 3783.22 0.93 4 2849.05 2295.66 1722.37 929.83 665.77 1441.41 591.81 605.97
257.18 9059.24 0.70 6 2689.92 860.91 1354.82 2544.02 236.44 1106.89 1116.84 2230.67 2860.36 553.36 1691.59 130.44
259.11 7055.29 0.69 6 1135.10 1973.33 2178.84 1227.62 868.40 2906.47 1797.74 2665.17 1656.63 2331.19 661.33 235.48
269.05 5252.32 0.81 6 1601.45 1218.14 283.86 966.36 865.86 184.30 996.86 1221.01 1188.49 1165.49 1322.44 2851.75
283.14 6656.77 1.05 6 1575.79 11.13 319.63 686.28 866.79 557.47 2827.70 740.80 2243.38 2996.64 1890.22 2890.42
285.37 8068.26 0.85 6 279.71 2266.86 2573.60 2564.69 2846.33 1025.42 1547.01 332.59 1900.46 936.15 257.77 2111.61
285.95 10197.30 0.67 6 787.18 2769.08 2586.17 2647.69 1207.64 130.33 2552.52 498.01 35.92 208.35 1626.79 344.28
326.82 7641.21 0.76 6 756.98 208.01 1215.86 319.57 1367.98 1405.61 36.35 1948.89 2964.68 2764.06 2260.48 1333.55
336.46 9023.08 0.74 6 212.43 2500.37 2277.23 1352.76 1937.71 136.42 50.76 503.49 701.23 196.10 1466.73 2843.85
401.92 10796.04 0.69 6 2654.90 1327.05 2496.44 2978.10 2765.74 804.15 1721.20 2276.67 834.10 70.88 881.17 2834.44
