17.72 286.18 1.00 2 2015.16 2318.70 2145.77 2064.06
20.07 1003.73 1.00 2 2657.21 415.22 2307.92 1356.21
36.03 801.64 1.00 2 1033.63 2980.73 1408.75 2272.27
36.28 1314.24 1.00 2 436.03 266.02 330.31 1576.00
39.46 673.02 1.00 2 536.56 1715.73 841.55 2315.68
43.25 762.68 1.00 2 2138.17 527.10 2887.58 668.76
51.77 1088.60 1.00 2 1531.29 2091.62 2601.12 2292.87
55.49 2374.75 1.00 2 498.56 808.03 2031.70 2621.57
69.31 565.67 1.00 2 2055.67 1571.55 2619.68 1614.80
70.31 715.73 1.00 2 876.52 1875.32 894.17 1159.80
82.26 113.13 1.00 2 2828.36 183.19 2852.25 293.76
87.22 2160.84 1.00 2 1293.28 572.35 2003.21 2613.24
93.48 1373.94 1.00 2 1189.88 732.26 2555.79 880.54
95.02 651.02 1.00 2 1236.15 2305.81 1294.60 2954.20
96.28 114.16 1.00 2 2193.34 2322.41 2242.37 2219.32
98.62 4830.75 1.17 6 1017.01 950.38 1411.53 1591.40 577.14 1631.75 2641.89 1011.73 2858.08 400.43 2471.66 607.59
104.09 1704.46 1.00 2 456.75 2308.46 706.85 622.45
106.83 841.52 1.00 2 2685.19 1055.99 2291.42 312.28
117.24 561.82 1.00 2 1474.82 1633.04 958.35 1411.91
119.67 2583.56 1.00 2 125.64 1407.27 2232.66 2902.34
122.41 1520.36 1.00 2 5.50 936.60 1280.97 109.16
122.53 1926.60 1.00 2 2913.28 1572.48 1088.50 954.46
122.76 2337.76 1.03 4 1895.07 1299.32 1955.99 667.71 2996.22 762.38 2991.68 103.71
125.00 3950.16 0.95 4 27.21 2951.56 1511.24 2141.38 1738.72 2265.03 1962.73 277.14
126.13 5206.49 0.95 4 2256.30 2085.19 2972.63 567.63 1239.62 287.95 368.56 1832.13
129.68 1283.98 1.00 2 936.79 217.77 71.72 1166.58
130.46 4922.79 0.81 6 2565.88 556.29 2602.62 284.38 1104.17 193.27 721.96 1739.30 1505.40 823.72 1617.47 492.56
134.14 606.80 1.00 2 1276.94 1333.52 757.74 1019.45
137.21 660.48 1.00 2 2790.28 1971.17 2328.61 1498.85
140.37 418.43 1.00 2 469.84 2462.07 539.71 2874.62
143.47 473.42 1.00 2 2701.40 216.67 2358.42 542.99
144.14 5306.79 1.10 6 1616.32 1589.51 783.84 10.80 673.97 609.08 2767.37 717.11 2671.62 1041.47 2744.57 1515.26
145.28 2464.25 1.02 4 2371.15 547.97 1256.52 52.76 1168.40 18.38 311.71 785.54
149.88 1594.13 1.00 2 1849.63 1124.59 506.79 1983.67
154.52 1926.01 1.00 2 203.01 2775.01 2061.05 2267.85
163.00 5150.23 1.12 6 632.70 1729.86 531.28 1793.95 1400.49 2625.36 2553.11 1633.12 1953.20 868.44 640.41 628.01
164.96 748.15 1.00 2 505.16 751.81 1192.30 455.88
166.55 1227.67 1.00 2 136.46 982.83 171.14 2210.01
167.23 1061.36 1.00 2 695.05 1802.35 715.83 741.19
167.74 4786.80 0.86 4 2671.65 934.79 851.95 2658.83 147.30 2476.11 1498.83 1712.89
171.65 3582.67 0.87 4 1980.37 597.75 2727.04 2157.17 2487.93 1872.78 2673.62 402.29
175.28 1563.82 1.00 2 2960.56 407.61 2249.51 1800.43
177.45 8172.60 0.85 6 2727.82 1133.50 752.81 1253.90 2992.97 1897.79 2806.57 2875.75 2416.30 2858.02 73.76 2053.59
177.48 2874.24 1.00 2 76.60 1038.17 2790.39 91.29
180.82 841.20 1.00 2 1669.88 1966.08 2488.46 1772.35
183.57 4878.72 0.90 4 217.11 2250.39 1845.96 2779.30 1600.27 993.87 2853.96 456.79
183.93 1796.70 1.00 2 2892.64 2251.20 1096.12 2225.61
184.67 1633.55 1.00 2 2919.52 1683.46 1517.48 845.14
186.01 1500.69 1.00 2 2519.36 1445.49 1178.95 770.67
190.24 7112.17 0.86 6 2853.67 1080.87 443.28 2217.43 517.86 1619.68 300.79 2484.96 1100.06 1573.53 2721.67 941.19
190.93 846.65 1.00 2 178.06 155.96 759.40 771.47
191.18 3959.24 1.21 4 2690.73 2322.56 2227.61 2541.41 1716.71 1039.64 41.96 228.79
205.35 1967.42 1.00 2 140.42 957.97 61.06 2923.79
205.51 1475.53 1.00 2 1717.16 694.51 321.66 215.17
207.95 1397.28 1.00 2 601.23 768.60 1183.45 2038.80
208.20 2709.98 1.00 2 141.82 2737.78 2846.42 2908.39
209.58 1378.93 1.00 2 1512.37 831.12 2844.22 1188.38
209.71 785.71 1.00 2 632.12 1918.22 1066.77 2572.76
224.81 4440.62 1.31 6 1527.03 2578.58 2534.23 2618.82 2446.04 1251.17 2040.20 416.08 1642.63 360.59 1290.33 1002.49
239.64 6581.87 0.88 4 2789.71 2545.11 1047.44 2624.56 442.50 228.46 2733.53 821.42
247.76 6087.99 0.94 6 241.74 1365.24 2206.63 197.96 1657.21 497.50 2281.07 1070.50 1688.72 2398.92 2261.23 1736.97
248.90 3544.90 1.00 2 374.62 2818.97 2562.33 29.66
265.21 3460.53 0.96 4 2371.55 2035.14 918.41 1742.59 1756.89 846.12 2321.14 350.90
265.29 3764.42 0.99 4 2553.60 2384.78 1674.99 1629.69 789.95 443.94 578.88 1550.27
287.35 6467.67 0.81 6 1788.37 1775.61 2272.55 2212.13 78.90 1232.66 463.08 2194.03 57.47 674.29 763.98 288.09
295.18 5559.21 0.86 6 2022.63 1460.29 834.41 1135.08 405.30 1181.27 624.32 881.31 1131.11 14.74 2188.83 2302.46
295.63 6381.45 0.93 6 2261.85 817.15 1982.37 1003.74 1671.28 2733.92 2013.21 2564.82 83.20 944.86 1399.87 511.19
