18.34 416.96 1.00 2 745.48 732.31 1156.42 802.90
19.40 870.02 1.00 2 2922.82 1120.40 2069.82 1291.68
21.33 466.41 1.00 2 1829.44 2637.56 1545.43 2267.60
27.21 1060.31 1.00 2 2221.70 1282.06 1201.15 1569.72
29.76 287.78 1.00 2 2429.04 1466.51 2159.42 1365.89
37.44 572.01 1.00 2 987.13 2182.54 605.12 2608.28
40.87 643.34 1.00 2 1348.58 1389.64 826.38 1765.39
41.04 1652.23 1.00 2 1379.80 448.41 2502.68 1660.43
42.20 609.94 1.00 2 1847.88 1727.77 1251.03 1602.03
44.40 520.09 1.00 2 1009.18 1437.82 1352.16 1828.80
45.00 250.04 1.00 2 1624.30 2546.75 1741.67 2767.54
45.54 2276.80 1.00 2 54.64 1187.77 2322.47 985.83
53.24 2461.94 1.00 2 1681.92 2841.44 2805.96 651.09
59.60 1979.97 1.00 2 542.52 2417.38 2510.05 2638.99
60.53 1926.52 1.00 2 870.84 2595.23 278.98 761.88
63.56 478.22 1.00 2 1518.90 543.11 1230.54 924.61
70.43 1921.49 1.00 2 1809.46 1093.78 2375.57 2929.99
71.34 1667.21 1.00 2 752.45 1029.37 616.78 2691.05
71.42 1770.78 1.00 2 282.28 2788.39 1989.97 2319.94
73.80 1490.01 1.00 2 2023.29 2899.13 941.31 1874.70
76.78 338.88 1.00 2 1873.56 1213.00 1914.53 876.61
82.30 315.03 1.00 2 2384.40 643.51 2697.60 609.61
82.51 2025.32 1.00 2 1556.67 2237.45 880.01 328.52
85.63 1681.43 1.00 2 1273.03 2769.59 1764.58 1161.62
86.54 627.07 1.00 2 2627.00 579.90 2139.79 185.14
94.78 1339.08 1.00 2 1945.57 774.76 2865.85 1747.50
101.95 697.32 1.00 2 2584.36 369.11 2179.75 937.05
102.83 1541.74 1.00 2 2157.13 1043.02 2998.17 2335.16
103.22 661.01 1.00 2 2326.51 1333.60 2975.55 1458.80
110.81 4840.41 1.12 6 660.64 627.58 720.99 1100.08 1191.39 1565.76 1872.36 2934.23 2221.49 2647.42 1611.90 1037.18
118.78 3639.06 1.32 6 833.74 643.73 484.64 312.22 1518.75 1985.27 1421.40 2140.23 2054.11 1980.71 2405.63 2032.29
120.31 1415.30 1.00 2 1752.94 1572.16 483.99 2198.93
128.50 1324.95 1.00 2 1441.32 584.72 1233.14 1893.21
128.61 130.29 1.00 2 1440.89 2998.98 1313.46 2971.84
129.77 288.66 1.00 2 1227.03 1190.54 1482.61 1056.37
130.09 1304.47 1.00 2 2631.12 2975.36 1336.07 2818.95
132.51 1925.48 1.00 2 1509.91 2695.13 2247.47 916.51
133.06 953.18 1.00 2 1770.27 2388.28 2079.61 1486.70
140.18 1109.09 1.00 2 1905.54 1426.39 2785.16 2101.92
140.48 624.04 1.00 2 2644.04 1726.96 2119.87 2065.59
144.62 2431.22 1.00 2 1360.36 618.40 802.13 2984.67
144.96 3348.23 0.84 4 1588.84 1105.23 1479.15 369.77 1210.68 1482.06 2254.13 2503.83
145.98 699.19 1.00 2 1231.30 2390.27 886.89 2998.74
155.66 1783.08 1.00 2 771.56 2889.04 473.42 1131.06
156.55 2027.59 1.00 2 361.12 971.44 2144.15 6.07
161.08 853.94 1.00 2 1723.66 955.70 926.94 1263.02
162.20 2510.16 1.00 2 2921.76 2234.57 428.63 1942.68
162.97 5248.59 0.89 6 2990.19 2751.60 2310.60 2520.20 1686.64 1924.01 1258.74 2799.13 498.74 1471.63 1602.08 1101.09
167.95 1697.74 1.00 2 1375.56 1708.41 1822.47 70.54
168.83 1941.43 1.00 2 307.76 1289.92 2223.87 977.39
179.72 686.17 1.00 2 2074.82 1235.62 1695.59 663.76
180.45 222.29 1.00 2 2419.37 2571.77 2271.62 2737.86
181.50 4174.92 0.89 4 2133.55 1727.17 2591.38 344.72 2222.55 447.61 2558.09 2759.10
181.63 6281.39 0.83 6 210.43 96.15 331.13 436.16 479.44 2495.75 1614.09 995.44 983.08 1431.18 1659.68 430.71
185.30 665.22 1.00 2 2668.40 719.28 2901.05 96.07
186.06 802.84 1.00 2 2740.46 1399.09 1996.59 1097.08
186.46 1122.88 1.00 2 1904.77 833.15 1881.63 1955.79
187.20 3259.87 1.00 2 2379.80 140.22 362.75 2701.14
187.74 1786.98 1.00 2 2081.11 322.50 2130.09 2108.81
189.97 798.41 1.00 2 998.79 673.05 347.23 1134.49
196.50 2524.98 1.00 2 2657.37 378.33 1255.63 2478.48
202.01 3000.68 1.00 2 739.72 215.59 1921.05 2973.95
204.30 314.96 1.00 2 1447.71 2284.09 1762.14 2265.87
215.75 6687.37 0.90 6 765.81 2129.96 916.28 14.33 2353.03 1108.77 2542.18 812.95 2239.04 815.19 135.41 715.33
221.12 2156.14 1.01 4 1680.27 889.84 1226.29 945.91 996.75 1116.87 90.52 33.40
222.83 1541.65 1.00 2 520.00 2801.00 1683.95 1790.11
224.49 2824.60 1.00 2 670.99 499.99 2898.95 2236.24
226.46 1822.87 1.00 2 2512.11 2901.95 1638.49 1302.06
227.12 6056.01 0.84 6 1526.19 2507.44 2820.06 2902.59 2729.36 2730.78 2508.95 2106.74 730.16 2000.48 2518.52 967.84
227.14 2257.23 1.09 4 2205.22 1996.78 2892.06 469.32 2945.33 25.20 2838.80 108.35
231.75 4187.45 0.92 4 1151.85 1402.18 1960.11 2046.16 2673.99 472.73 1307.51 64.33
249.25 4462.26 1.00 4 2446.61 2136.64 2910.42 859.46 1151.63 1306.28 12.76 702.94
251.29 2864.57 0.83 4 2622.77 739.53 1944.47 1004.18 1292.66 104.98 1037.52 1098.61
251.31 5765.72 0.91 6 882.33 1535.16 2157.87 1385.56 2544.56 1315.21 1887.22 1461.24 406.48 2593.83 431.51 1043.22
270.55 4227.54 0.95 4 1195.43 1478.14 380.12 572.86 2393.53 867.88 2785.16 1760.04
273.44 5972.21 1.19 6 98.44 2439.42 772.10 2104.71 280.79 405.20 1178.61 194.00 2612.54 1413.79 2378.89 2016.04
