27.62 981.04 1.00 2 2913.03 1042.80 2832.17 65.11
43.19 1359.36 1.00 2 1687.96 2604.09 1427.38 1269.94
43.66 882.78 1.00 2 129.65 1090.89 380.73 244.56
45.96 798.04 1.00 2 2754.91 1741.14 2299.87 1085.55
47.31 1465.53 1.00 2 2130.65 614.44 2562.63 2014.85
54.34 917.03 1.00 2 2405.32 646.71 2710.70 1511.40
59.34 1266.88 1.00 2 540.57 1849.26 1287.64 2872.44
65.23 761.48 1.00 2 850.26 248.05 378.78 846.01
65.74 1686.84 1.00 2 1795.79 1001.26 398.12 56.84
67.27 1963.59 1.00 2 801.81 1377.38 2515.78 2335.52
68.66 3233.02 0.91 4 1329.23 1367.74 152.13 977.39 299.26 1105.98 1894.72 278.06
83.32 365.77 1.00 2 1723.05 688.91 2088.79 694.04
90.61 1230.73 1.00 2 2244.98 2525.94 2055.55 1309.87
96.56 728.06 1.00 2 1419.24 168.20 1327.08 890.40
96.97 448.53 1.00 2 2352.36 1884.24 2052.33 2217.65
100.62 1130.95 1.00 2 1888.93 1111.73 1589.18 2202.23
102.73 1436.34 1.00 2 2430.58 2915.52 1094.93 2387.22
104.35 2017.59 1.00 2 942.26 23.15 2667.78 1068.74
107.24 1061.96 1.00 2 814.23 1187.83 795.20 2249.63
107.41 1170.74 1.00 2 435.84 324.82 1584.04 96.20
114.35 5717.69 0.96 4 1065.39 2648.43 184.36 452.78 2398.91 532.71 2942.06 1530.30
114.52 1726.21 1.00 2 2102.59 2904.95 2612.62 1255.81
115.52 5275.76 0.74 6 1020.99 1122.20 2637.37 1641.99 789.33 562.61 303.85 671.39 148.99 262.77 556.89 557.41
121.76 3788.19 0.87 4 862.50 2410.73 847.55 1341.03 603.50 1379.70 2899.28 464.99
122.64 1632.16 1.00 2 1720.61 428.05 103.56 206.47
125.07 1053.39 1.00 2 358.55 2313.21 790.64 1352.51
128.33 916.37 1.00 2 2456.75 1023.03 2100.21 1867.20
130.73 936.59 1.00 2 1655.40 2039.88 2414.98 2587.83
132.21 510.39 1.00 2 2322.69 716.94 2290.42 207.57
132.76 4037.85 0.88 6 2399.55 538.85 2567.68 526.60 1241.47 1067.41 1274.96 1054.17 603.74 259.34 1530.58 1255.56
136.90 4945.19 0.94 4 581.22 936.33 1437.40 2690.55 2602.04 1882.53 2158.63 370.51
139.31 4865.60 0.75 4 120.45 230.43 2668.33 419.80 1786.02 459.43 1204.36 1763.02
146.76 1437.86 1.00 2 325.32 1135.77 1333.35 110.43
149.59 1479.55 1.00 2 1812.92 1480.74 2218.49 2903.62
156.81 540.38 1.00 2 1742.90 2456.33 1232.01 2280.26
163.79 5289.70 0.76 6 436.64 1361.07 1370.71 416.54 1887.17 1419.21 995.27 449.37 162.42 725.86 172.33 1364.08
167.00 7350.10 0.94 6 2075.52 142.86 1643.90 4.69 2401.20 1846.81 837.45 621.62 121.67 2945.11 232.26 2470.42
167.40 970.07 1.00 2 2934.58 2490.58 1972.94 2362.91
173.92 2996.23 0.86 4 2761.28 1882.76 1347.24 2521.70 1696.19 1412.10 1617.23 1142.05
174.30 814.99 1.00 2 201.73 1402.06 146.97 588.91
176.86 1142.84 1.00 2 2817.87 660.84 2515.31 1762.91
183.82 2790.97 1.00 2 2152.42 220.91 1766.57 2985.08
186.02 5901.14 0.98 6 1462.28 1278.80 228.05 212.99 273.93 1149.21 8.22 1387.08 533.49 2093.47 2608.50 1796.48
186.96 648.08 1.00 2 953.80 1783.88 1171.03 2394.47
187.24 762.02 1.00 2 917.73 84.51 1472.57 606.84
193.93 1196.27 1.00 2 1280.41 1968.11 2205.75 2726.28
196.47 4523.26 0.85 4 1346.92 1919.36 32.17 2899.97 440.17 2358.87 808.66 184.46
198.76 5338.16 0.80 6 2324.45 2717.76 1513.27 2337.17 571.08 1174.05 968.98 914.34 295.58 1820.38 1095.07 743.44
200.15 2207.27 1.00 2 204.01 835.01 1715.31 2443.75
203.31 765.46 1.00 2 2167.44 1248.20 1418.65 1089.32
203.36 3967.99 0.97 4 171.62 1041.48 251.89 1135.27 1089.25 2475.92 2307.23 567.61
206.08 3204.09 1.02 4 539.78 37.05 1276.14 1957.66 1613.95 1944.10 2163.71 1350.50
218.49 4224.65 0.88 4 2152.13 1888.44 2484.10 2937.35 2784.23 2610.34 1002.15 607.90
219.88 4493.85 0.81 4 1127.38 1930.75 2449.86 2168.05 83.79 1806.47 129.48 1051.16
226.41 3320.72 1.18 6 407.80 2070.88 1034.18 2532.03 1385.50 2469.84 2000.32 1582.14 2004.98 2070.94 2553.41 2354.68
227.09 2554.27 1.00 2 2057.54 2971.47 2452.31 447.89
228.82 3141.04 0.86 4 253.88 2013.07 1519.56 2642.82 1392.44 2092.98 301.67 1689.50
233.69 6784.56 0.91 6 2941.56 609.25 2126.00 1104.91 2611.53 8.69 714.35 947.13 907.97 1396.39 2458.90 2699.12
236.17 4908.26 0.96 4 2522.81 1401.25 2971.41 2595.01 1991.84 2557.48 20.12 782.88
245.91 4795.48 0.85 4 2457.25 194.56 2595.34 2218.51 1683.34 1537.60 79.17 1819.09
256.56 3028.02 0.86 4 2000.00 2835.37 1611.14 1118.53 1963.82 920.68 1813.23 1770.76
289.58 5279.20 0.74 4 2347.31 1829.43 1070.77 1273.25 1055.12 146.12 2241.02 2637.84
293.76 5787.87 0.77 6 1062.30 2447.86 1105.18 720.47 2801.25 1988.69 2532.90 2912.80 2782.37 2501.73 2391.24 2191.82
348.12 7906.17 0.75 6 361.94 392.15 786.42 1347.82 1821.64 1121.45 339.02 2180.82 2941.13 1497.38 2954.71 2785.52
