32.05 1402.56 0.82 4 1648.12 544.96 1406.32 189.97 1318.61 362.79 2062.45 594.96
44.16 1008.09 1.00 2 1253.63 1467.31 1933.82 2211.34
47.02 2351.21 0.76 4 1532.78 2326.55 2698.95 1661.40 2009.35 1360.72 2188.67 1177.49
61.20 2359.82 0.60 4 2222.98 2644.68 2398.21 1971.74 2866.03 2198.42 1755.53 1921.07
99.36 667.87 1.00 2 338.13 1208.09 388.51 542.12
107.53 976.61 1.00 2 362.87 2165.01 1339.47 2169.00
155.82 3090.75 0.65 4 1715.65 1294.35 1981.01 1366.03 1011.94 1608.45 2630.62 2433.78
159.20 6660.19 0.48 6 2647.52 656.60 2825.70 1713.13 2432.29 2324.79 2424.73 869.53 783.11 761.69 1833.64 2175.09
166.82 7441.17 0.47 6 708.82 1651.98 1959.96 2107.41 2683.56 609.56 709.36 499.69 733.56 1732.82 1667.83 924.18
171.12 8156.16 0.44 6 2361.63 2184.91 2899.86 2870.07 517.63 1729.94 2777.38 1966.19 2778.26 977.47 1700.62 1844.43
172.31 6115.49 0.67 6 2819.18 2654.48 1706.76 1047.94 2114.86 1116.58 1555.87 1517.75 631.76 2219.94 1543.00 553.97
176.21 6910.74 0.76 6 1581.00 1493.10 2686.15 980.63 2744.94 729.08 337.54 1470.98 1738.74 1674.94 447.72 2436.96
180.93 246.36 1.00 2 89.05 361.49 16.40 596.89
181.72 6885.89 0.66 6 2258.25 295.67 2371.76 2588.93 2650.11 795.93 2379.70 1191.40 1643.94 519.80 1662.63 1819.74
185.25 562.32 1.00 2 1066.00 1277.73 1288.45 761.28
215.47 6273.53 0.43 4 1985.15 2776.59 593.85 1868.92 2279.86 2797.21 2189.04 111.07
221.36 7067.86 0.70 6 455.36 621.74 2101.21 1381.03 160.51 1817.51 354.24 2060.36 1399.66 1980.55 2238.06 267.71
228.66 2932.86 0.54 4 2403.08 524.94 1695.39 545.18 2112.19 74.37 1595.08 1584.37
230.95 8147.52 0.64 6 447.65 1731.57 1760.64 1044.74 1433.91 1961.26 2337.66 2189.30 72.09 908.37 2204.77 578.55
231.77 5188.42 1.29 6 184.56 2156.52 844.20 1950.28 783.19 2592.17 2891.98 1293.67 2703.36 1027.17 2483.30 2053.35
241.60 5579.80 0.86 6 2585.89 67.14 1926.12 665.51 749.09 374.08 684.60 379.45 2131.00 856.37 1848.41 2723.94
244.08 7004.00 0.74 6 1994.77 2945.95 386.42 2519.97 1100.18 2903.03 450.38 860.14 1774.20 2101.88 2164.72 2518.94
244.81 6740.38 0.91 6 198.05 2226.34 643.85 2000.85 2083.68 1489.67 1965.47 2416.09 1788.61 384.61 51.27 291.50
245.80 8590.14 0.61 6 1836.24 589.00 1410.29 631.25 2902.24 435.55 14.74 1246.75 1780.45 278.79 145.25 452.80
247.51 10775.46 0.54 6 541.38 1340.48 1316.39 560.38 166.31 739.47 2474.61 2581.84 522.99 209.65 2703.22 1405.53
257.12 5556.07 0.80 6 1275.51 517.45 319.28 2510.31 331.68 1664.82 738.29 1438.71 753.30 1302.55 2307.47 2391.78
257.39 7969.40 0.49 6 2329.95 310.89 301.38 853.35 1876.05 421.83 2293.08 846.13 2369.51 2049.13 1011.47 26.23
263.20 10360.14 0.65 6 1912.28 1183.04 2251.82 2992.64 834.39 906.31 182.64 2513.56 2305.71 605.99 2767.63 1936.22
264.15 10107.26 0.68 6 2444.02 2565.56 199.23 2505.55 2183.87 2695.62 1721.56 328.44 489.01 630.15 2602.78 68.52
282.27 8313.60 0.70 6 2906.66 355.95 1077.05 979.92 2772.06 636.04 826.39 1271.59 1100.07 920.84 81.13 2824.54
283.06 5253.15 1.10 6 2013.15 2616.50 2467.76 2758.37 1312.42 1180.87 601.10 1207.74 1318.43 762.66 2469.58 236.80
289.33 6266.35 0.60 6 127.35 1358.89 687.57 239.12 1083.36 1592.08 739.51 1385.84 143.40 2610.69 826.64 900.71
301.40 8069.94 0.74 6 1216.62 1489.16 1105.70 2679.13 1328.44 2031.21 2742.62 1919.52 924.78 194.65 2994.12 1115.91
303.35 9067.52 0.57 6 2664.31 2335.56 2790.56 1267.38 692.42 1484.57 76.94 2970.30 1085.47 485.86 180.93 1797.20
320.28 8413.89 0.87 6 1542.55 116.19 2377.59 1661.53 2290.33 269.94 79.94 2734.40 301.13 1195.92 485.62 1548.84
324.55 8327.39 0.63 6 1633.12 1550.56 1343.28 444.40 2922.60 2112.91 2437.01 2010.58 91.45 2159.38 1390.37 586.46
325.40 7070.12 0.52 6 1755.44 1573.85 1425.01 96.25 1276.69 931.80 2492.08 2098.43 2939.47 1208.95 991.00 1767.94
333.33 6866.67 0.58 4 203.83 2144.71 1893.22 808.67 2271.86 2573.76 9.08 747.87
388.78 9938.80 0.46 6 2265.29 2385.31 1999.61 372.97 1965.31 1756.69 151.73 1765.54 756.95 58.94 1631.63 2824.43
