144.00 7200.08 0.47 6 2441.21 2117.97 254.26 401.84 549.13 2080.31 892.33 1843.45 353.58 916.14 1532.47 1254.72
146.02 6000.83 0.96 6 2467.83 124.83 2969.33 307.25 2132.26 1898.31 2156.94 1639.06 2490.21 2254.04 497.94 417.70
155.50 6575.14 0.85 6 342.62 2325.34 893.13 2997.94 2450.19 1317.21 2469.85 1100.59 1349.20 1045.73 2981.87 2326.89
168.37 6018.58 0.59 6 2598.24 749.03 2284.42 2028.70 806.15 1242.68 2134.18 2485.45 1468.38 1732.28 1355.98 1900.88
170.46 6822.78 0.42 6 710.84 2432.11 619.86 620.83 843.26 1616.31 1763.77 1051.89 178.07 1052.45 970.96 2112.16
171.10 4955.01 0.78 6 2874.10 606.95 1949.99 476.93 1963.76 751.17 2065.78 395.74 2798.18 822.06 1115.53 2711.40
177.95 7997.40 0.58 6 248.01 92.58 824.56 1612.83 2227.55 2297.76 2283.17 876.27 504.63 1371.96 1649.18 339.63
180.44 6922.19 1.10 6 868.00 802.03 2037.90 285.68 2756.31 2977.46 2574.05 2956.46 2888.32 2357.07 2601.14 380.66
193.14 6957.08 0.46 6 2640.38 279.28 2809.01 1107.21 1375.35 1992.43 1546.84 834.68 2850.76 981.87 1074.67 189.99
201.05 9752.64 0.29 6 413.60 1151.13 2080.30 1935.78 1468.93 420.89 557.26 1906.50 2999.70 1664.74 943.74 1353.00
204.78 9638.80 0.30 6 160.83 1077.12 2445.65 2891.49 2054.09 1246.89 28.75 409.60 1516.31 1484.91 2519.68 1466.10
223.05 6552.59 0.87 6 2978.82 428.56 260.06 301.40 830.90 252.75 1591.52 25.42 2257.34 1768.72 1660.19 1800.02
231.26 8263.16 0.74 6 1698.43 1456.01 145.23 298.72 372.71 2572.95 1031.22 2047.66 2351.67 1378.75 1323.86 2.03
231.31 8665.28 0.38 6 7.42 2322.41 1603.27 653.49 805.61 2485.03 2198.17 2192.80 1288.93 635.55 1013.27 1733.80
236.85 1942.54 1.00 2 1219.54 1607.77 2893.90 622.91
239.88 6994.22 0.51 6 1152.10 2889.75 1822.78 2336.91 1975.22 904.95 943.51 419.49 2071.43 2543.68 1553.25 1528.57
240.29 7514.45 0.71 6 411.39 2320.38 1950.06 1320.30 454.12 1235.13 2259.47 399.44 2167.30 1884.24 2059.70 2579.89
248.95 6147.58 0.70 6 929.72 1533.91 1609.17 1172.19 2043.17 198.35 609.59 2424.18 1902.88 2503.58 2096.03 2189.88
259.21 5760.62 0.79 6 2421.32 815.94 1729.96 231.21 1498.83 1700.66 191.62 2136.97 1365.59 1080.37 1103.06 765.35
262.22 9211.21 0.57 6 496.58 1189.02 702.43 1966.46 1430.42 398.10 916.53 2098.32 2111.09 3.26 678.57 2039.95
269.92 8096.20 0.87 6 2243.53 886.63 2864.01 1484.66 1781.79 1584.86 163.71 2693.74 338.23 1498.75 2933.09 2960.65
276.29 5414.73 0.65 6 602.01 1691.42 1391.78 1775.07 586.27 2701.33 911.73 1868.15 1480.08 2317.84 2281.45 735.38
288.78 10239.02 0.64 6 27.86 2086.79 1266.94 396.53 2192.29 307.28 2451.33 2964.46 212.48 1149.21 940.05 2642.97
289.39 6369.50 0.84 6 2705.82 538.03 2862.24 206.78 2534.54 981.90 2413.01 2944.24 1395.28 846.92 1659.27 23.91
292.88 8643.79 0.61 6 119.48 181.41 1885.71 1503.15 247.28 1609.69 2367.87 1519.83 1246.30 2105.43 1848.14 832.40
296.04 7302.16 0.72 6 308.71 1721.74 1526.47 132.11 1415.29 1148.94 2168.34 685.21 2588.79 733.65 450.25 2793.48
297.05 8252.67 0.59 6 2539.40 173.72 1360.12 1826.50 2221.97 358.33 258.64 1303.45 927.87 2225.08 2123.70 2104.50
301.47 7273.59 0.43 6 2572.46 1658.59 1258.11 965.41 813.77 233.66 2741.84 2222.00 1248.77 2160.86 1118.42 1506.12
314.18 6408.81 0.95 6 2923.66 254.71 2459.89 224.49 2892.65 710.32 286.73 400.54 1703.46 1304.95 782.97 945.03
324.59 10529.49 0.48 6 2801.77 395.95 1096.24 2048.83 2311.10 50.07 2582.44 1705.14 2288.18 2863.36 202.60 786.56
335.13 7156.33 0.68 6 2402.45 2102.18 815.87 224.06 1754.12 466.23 2206.06 954.17 608.14 2339.81 493.12 1398.17
344.41 8520.29 0.66 6 19.13 1230.11 2518.72 2631.60 1971.91 2547.02 698.99 1039.27 2852.97 4.39 2181.65 311.85
346.43 10421.35 0.65 6 491.50 2859.05 2162.30 500.89 806.29 2659.24 1569.02 2348.96 380.79 2343.37 2314.29 88.07
375.75 9787.61 0.42 6 1589.44 714.50 2990.88 2134.96 2691.86 1559.28 1476.09 179.69 279.08 2763.82 2102.54 1117.48
