142.11 6205.68 0.49 6 2599.33 2469.59 1238.88 2523.49 2460.72 2473.20 2821.49 1413.27 2152.16 2630.28 2095.45 1519.00
147.00 7349.80 0.59 6 1088.99 2147.01 2900.42 1817.44 2822.54 2072.05 2464.10 63.22 2524.42 1986.67 2366.41 719.03
151.33 5166.53 0.92 6 780.47 267.18 352.05 2155.75 1361.12 2020.83 1103.76 2841.73 1305.48 2759.97 355.54 2140.69
178.20 7110.21 0.73 6 1435.10 2205.52 2480.31 2398.59 545.67 2629.17 782.04 2062.40 595.99 1243.49 2834.27 2653.02
178.85 7742.73 0.71 6 1055.57 1806.35 1359.79 82.05 1890.47 2373.06 2440.28 2213.36 156.30 1924.78 408.28 1201.99
180.31 6315.63 0.84 6 571.63 2585.81 1482.50 390.60 2985.62 848.90 2346.37 863.89 2569.01 1800.25 2031.57 1254.99
185.80 8990.00 0.41 6 1658.18 927.81 2436.75 366.16 1165.41 2729.37 2875.45 1088.57 2600.86 2572.94 1178.93 2933.98
204.48 9623.85 0.69 6 766.60 270.75 631.16 2670.74 2638.40 2300.22 2468.12 706.38 2747.67 1894.06 1218.87 101.65
204.83 4841.61 1.34 6 230.51 2304.76 77.89 2043.94 1771.02 2853.66 2030.73 2662.10 2041.92 1182.51 2510.93 461.33
206.57 8228.67 0.71 6 673.46 2844.33 1879.88 2720.53 2103.78 506.27 2769.34 1941.32 2922.38 594.80 1203.10 1286.71
223.00 1250.16 1.00 2 1584.93 1266.01 947.55 190.53
223.29 7564.33 0.67 6 2817.97 2901.63 1184.09 1112.70 1741.46 780.87 1794.70 2244.73 2904.17 1678.68 1511.24 2790.98
231.87 8593.54 0.33 6 1225.57 437.83 1853.04 2721.98 1374.49 30.96 870.58 785.40 1108.91 2052.80 399.61 969.74
236.30 10315.21 0.38 6 1884.89 941.17 1549.10 2908.99 2540.88 2057.26 246.70 473.47 2491.86 2289.49 2377.93 958.20
242.72 7636.20 1.10 6 2983.70 2291.03 1972.26 2394.66 1309.29 2985.61 453.79 2559.10 159.67 445.86 2781.62 122.38
244.51 8025.38 0.42 6 2615.04 2504.41 848.78 2630.81 791.27 939.03 2243.47 2778.71 1838.79 2284.69 2678.02 946.63
251.32 8865.78 0.46 6 136.54 760.97 2633.69 395.76 425.39 350.53 1858.97 907.52 951.95 1591.27 132.49 383.61
263.68 5984.11 0.96 6 1485.97 1888.68 1312.07 2721.62 383.37 2708.71 1574.03 872.11 1432.83 445.82 2524.61 1569.28
265.06 8553.11 0.59 6 689.58 107.59 1069.56 2127.09 2604.52 541.96 780.67 2117.89 1455.60 1478.97 504.88 1526.21
275.71 7785.39 0.79 6 2202.96 2872.21 146.05 1930.93 212.17 2855.70 1707.48 634.10 969.51 166.61 1144.17 1196.58
280.92 10746.19 0.46 6 2079.07 2060.56 2208.31 768.68 998.59 704.52 2140.01 2125.36 285.84 176.26 2724.68 2990.22
281.54 7677.02 0.46 6 2557.04 488.82 393.86 1996.56 1468.87 2656.24 2338.48 854.81 2496.16 1537.96 1429.32 1689.17
289.30 9465.06 0.61 6 2537.52 2600.64 818.37 2672.68 2914.88 1578.05 370.96 280.73 1757.03 1750.64 1712.36 1249.26
290.76 7638.23 0.41 6 1269.21 2269.47 1302.32 1278.05 1390.57 672.69 2432.98 1841.60 121.31 1025.23 2058.71 465.21
291.80 4990.14 0.44 6 2211.23 1787.52 1462.49 1458.30 2036.00 2450.07 1662.91 872.32 1773.12 1834.49 1463.70 2142.87
299.93 9296.28 0.68 6 243.19 2492.10 2865.60 1782.61 1968.52 2852.69 1978.62 1362.17 17.42 2909.31 974.75 2194.64
303.03 6651.50 0.72 6 2606.34 2897.41 2577.04 627.69 1307.37 1878.18 1805.66 1460.17 1945.87 1949.22 2370.03 572.74
303.80 8889.85 0.65 6 534.03 2895.15 2257.68 1962.19 1297.08 2419.06 2596.55 267.56 361.81 1472.54 930.30 2054.89
307.74 7586.89 0.33 6 1510.33 341.81 546.62 1178.87 892.94 1761.63 1984.73 538.66 249.87 2630.27 1364.99 2010.78
309.85 7992.71 0.31 6 886.44 143.18 322.90 1274.74 1705.43 760.14 229.60 135.28 283.45 1982.57 764.58 245.31
321.87 7693.68 0.59 6 350.03 515.21 1855.50 2921.77 2070.88 1184.99 1431.36 2075.42 1082.19 2021.41 907.97 375.27
335.08 8653.79 0.61 6 1871.43 795.22 561.58 555.26 2614.85 318.99 2900.16 2614.03 2241.09 1812.16 1603.13 17.54
340.27 7713.65 0.78 6 1414.47 2579.39 1708.29 2501.52 1891.23 2139.28 1755.68 604.02 152.77 23.62 2938.46 2545.85
394.85 10942.41 0.63 6 41.63 335.74 902.75 1390.28 498.32 457.27 47.66 2911.56 1421.97 65.45 2107.79 2891.60
