16.66 233.17 1.00 2 349.49 77.76 496.27 258.94
44.83 541.40 1.00 2 207.61 1452.76 34.04 1965.58
56.12 706.02 1.00 2 68.78 2662.06 747.05 2858.06
59.85 2092.48 1.00 2 1854.21 2852.36 152.22 1635.11
66.08 604.07 1.00 2 2505.74 1986.41 2879.04 1511.49
67.49 1474.47 1.00 2 1518.53 2288.19 871.69 963.18
81.11 2055.44 1.00 2 2600.42 336.04 2166.53 2345.16
84.52 1125.81 1.00 2 1719.99 1137.35 2314.46 181.28
88.44 1221.92 1.00 2 1196.81 1384.97 40.99 1781.42
89.29 364.58 1.00 2 2080.47 1656.18 1869.15 1953.27
92.75 3337.57 0.76 4 2012.10 576.58 2449.92 620.69 1177.67 1684.76 1326.81 454.81
96.66 4132.90 0.88 4 2087.42 611.45 276.80 1776.19 250.75 671.36 915.95 103.11
99.36 967.92 1.00 2 1603.55 1472.76 855.94 2087.53
112.29 3414.27 0.71 4 790.49 1103.64 768.31 1557.72 83.45 1479.28 2309.84 1034.83
115.10 655.23 1.00 2 50.98 774.29 706.16 766.01
116.14 1007.19 1.00 2 495.28 2252.97 1285.10 1627.98
121.92 1395.87 1.00 2 2345.17 2891.57 2758.01 1558.14
128.82 540.99 1.00 2 2120.20 2134.02 2109.14 2674.90
133.52 976.05 1.00 2 905.73 1538.61 332.72 2328.76
134.19 709.59 1.00 2 218.07 1617.04 354.79 920.75
143.83 3391.75 0.80 4 145.67 1262.57 646.48 91.86 748.94 648.61 2257.91 1012.94
146.03 1501.68 1.00 2 759.18 238.41 1318.24 1632.15
150.59 7329.37 0.69 6 2932.18 785.96 2075.71 2677.48 556.92 717.65 1507.02 1100.67 1282.56 1248.03 2458.16 347.92
152.95 6147.40 0.88 6 2281.13 2643.00 2975.10 2921.40 2072.35 2705.74 1878.11 1467.17 2134.57 2087.32 276.73 345.45
157.04 2952.12 1.04 4 2726.63 1643.41 1687.78 1904.72 1467.12 1189.14 436.11 721.56
157.77 6888.48 0.93 6 1584.88 210.71 2428.71 473.35 2028.30 2606.58 1139.54 1236.51 351.05 1716.84 108.30 462.24
164.41 3720.70 1.05 4 1013.00 823.04 634.72 2307.89 949.09 2610.80 2682.50 2864.45
165.13 5456.65 0.80 6 230.49 1956.97 2307.52 946.37 2929.66 2913.13 2558.33 2233.06 2666.44 2265.13 2862.32 2279.08
168.06 703.17 1.00 2 1892.94 64.43 2369.98 581.04
171.11 5255.62 0.71 4 842.81 2741.99 1191.64 1813.79 2587.99 2903.54 2583.89 410.77
173.36 1268.15 1.00 2 2571.72 2897.72 1335.06 2616.86
175.01 750.28 1.00 2 1235.59 2079.52 778.87 2674.77
175.85 1292.60 1.00 2 622.98 2393.53 695.26 1102.95
177.08 554.23 1.00 2 2438.86 101.78 2073.08 518.16
181.54 676.78 1.00 2 1461.04 1711.24 2137.58 1729.20
182.88 3944.18 0.86 4 1092.28 933.60 1551.78 2214.16 1263.27 2398.69 2831.19 797.25
186.49 1424.43 1.00 2 2756.16 1082.13 1630.79 208.90
188.72 7035.81 0.80 6 2479.13 1487.79 1074.32 2578.99 2476.53 2267.71 1040.26 2110.07 1377.69 678.28 626.90 1183.12
193.57 1878.56 1.00 2 88.13 2148.41 1720.76 1219.16
196.61 4430.43 0.80 6 1178.68 1473.28 683.95 1372.11 1326.79 1198.91 265.01 115.77 1035.62 505.97 365.48 1075.05
199.07 5753.27 0.68 6 730.22 1005.16 1478.66 426.42 1625.22 2077.36 2196.63 2522.19 2552.75 975.07 2057.69 1651.23
200.26 10012.87 0.72 6 24.48 1661.06 2345.19 611.84 205.97 643.02 1783.03 2864.44 907.81 2889.70 2301.41 1870.24
200.53 2426.50 1.00 2 2358.31 166.06 1742.79 2513.20
200.78 3938.80 0.81 4 2752.30 2579.24 1549.19 499.16 2632.35 228.38 2245.55 66.41
200.90 6544.81 0.95 6 2297.60 654.60 324.28 2043.56 79.28 1486.43 1383.64 87.83 1568.74 26.71 2739.21 823.04
213.09 1954.26 1.00 2 987.91 414.56 253.63 2225.64
217.19 4559.48 0.73 6 998.54 1019.36 1051.90 774.61 740.40 1519.67 1891.78 1137.25 2224.56 1502.33 766.46 2547.88
230.46 4923.00 1.21 6 2336.54 2536.88 2965.92 2420.86 2029.98 1895.65 694.42 1356.23 595.21 2631.86 944.28 2975.64
239.13 2556.58 1.01 4 352.63 1227.90 486.92 835.49 638.58 683.86 2196.85 1818.12
246.40 3820.07 0.70 4 2628.82 372.34 1066.20 855.25 2433.90 1781.75 2246.54 1283.24
256.43 4721.69 1.04 4 2320.93 57.78 755.63 816.03 825.28 1583.07 2614.82 2883.62
258.41 4120.59 0.75 4 2090.10 2527.71 1305.37 1423.95 2094.49 1061.19 505.67 23.26
260.22 6011.22 0.81 4 26.60 2977.43 1414.73 801.17 2553.68 278.15 377.12 296.95
277.27 6963.59 0.85 6 2542.80 1062.52 2865.84 1930.59 449.51 661.64 1230.81 1271.97 413.00 1489.63 1567.98 2399.59
277.43 4071.31 0.69 4 376.35 2136.31 1345.41 2856.12 851.61 1968.34 2213.00 718.22
279.16 4757.83 0.71 4 614.08 918.10 2091.35 956.77 1739.87 2349.47 552.37 939.13
298.34 5917.10 0.96 4 35.94 1244.72 2663.80 2155.35 2790.66 2666.98 200.51 2978.48
337.44 7271.81 0.69 4 2155.30 2060.55 271.49 38.28 2050.55 138.55 1668.56 2837.83
