19.22 360.95 1.00 2 32.32 831.82 353.60 996.34
41.71 385.33 1.00 2 77.99 488.77 244.46 141.25
47.22 561.22 1.00 2 2423.42 265.28 2732.65 733.63
57.99 99.53 1.00 2 1360.64 2498.19 1372.52 2597.01
68.24 511.90 1.00 2 1306.75 181.92 1163.32 673.32
91.69 1284.68 1.00 2 682.94 531.14 1740.43 1260.60
104.80 539.78 1.00 2 2040.90 2274.64 1739.91 1826.57
116.49 1724.74 1.00 2 1079.64 1739.16 2669.31 2408.24
122.00 4600.03 0.76 4 978.81 253.38 1132.15 653.02 934.50 2754.83 2070.80 1035.48
122.12 1006.20 1.00 2 1223.17 655.45 396.65 1229.30
124.65 1232.47 1.00 2 1792.38 2766.51 2861.57 2153.49
128.77 5438.51 0.77 4 2270.19 1651.21 829.03 31.39 1530.13 1100.52 2594.52 2784.17
129.59 979.41 1.00 2 432.95 668.46 1405.31 551.21
129.93 196.51 1.00 2 2443.19 2668.79 2503.56 2855.80
130.85 942.53 1.00 2 2236.29 2276.40 1332.12 2010.24
134.86 6443.05 0.74 6 2115.50 1788.55 207.45 2590.13 1191.32 1634.49 2048.03 370.15 1675.96 299.52 1738.73 1393.64
136.09 904.43 1.00 2 2378.92 1220.60 2900.51 1959.47
144.27 1413.69 1.00 2 369.61 1661.70 1258.33 562.29
154.32 6515.91 0.70 6 695.72 2318.11 1510.46 894.13 248.05 1224.76 1104.17 692.37 2047.33 1864.67 1345.90 2656.17
154.51 2025.59 1.00 2 256.20 2839.06 2277.87 2965.07
155.59 679.51 1.00 2 2885.54 1895.25 2294.01 1560.85
156.59 4429.32 0.88 4 2486.15 2175.88 1499.62 2940.07 999.99 2264.79 2983.63 1020.86
156.85 3042.31 0.68 4 773.46 2055.84 1250.59 2528.55 1585.27 1046.62 1136.87 1770.40
161.33 5566.53 0.76 6 14.44 279.67 695.58 1903.78 717.20 1155.55 1176.48 1622.61 1665.84 962.28 776.60 2268.16
162.92 8146.08 0.67 6 1160.71 2735.17 2895.77 2157.95 688.40 392.07 2388.25 1707.38 2252.07 1935.52 2443.05 2994.15
166.18 1108.77 1.00 2 29.42 500.16 1050.19 933.05
169.15 6257.31 1.06 6 1478.83 2571.06 1036.20 1500.95 910.39 388.71 2097.78 576.74 2722.66 2679.76 2730.23 2095.94
170.98 748.95 1.00 2 506.35 747.32 225.48 1441.61
171.37 7868.68 0.79 6 739.81 1795.08 415.64 2623.89 10.34 522.70 1912.85 1193.92 2857.80 1204.59 1270.33 2204.91
172.01 5000.41 0.83 4 2338.44 906.58 129.57 910.41 842.72 1599.99 2619.74 1316.37
173.61 380.26 1.00 2 608.95 2392.74 228.87 2404.32
178.51 1425.58 1.00 2 2402.14 1439.01 2578.92 2853.59
181.16 4557.85 0.81 4 1535.21 2370.75 1729.85 888.13 455.10 1162.20 1013.56 2829.82
181.39 6069.54 0.73 6 973.79 2862.51 2397.11 1365.14 2528.28 1917.16 2528.37 2793.66 1905.07 2526.11 1417.26 709.00
181.99 2099.48 1.00 2 1595.12 2339.62 1021.93 319.90
187.81 1190.34 1.00 2 1573.45 1452.11 2759.06 1558.18
189.07 7553.32 0.72 6 260.34 991.26 2119.60 1698.78 2424.08 2586.97 1539.68 1904.36 35.80 661.64 1361.39 1478.35
192.38 1018.80 1.00 2 901.25 1281.33 703.36 2280.73
200.55 4827.60 0.79 6 1643.58 101.31 1322.12 1368.65 2270.61 615.36 2302.59 1328.58 1788.43 1405.16 1695.00 2476.24
206.99 1949.49 0.87 4 2416.70 1702.15 2452.30 1421.67 2391.61 521.04 1999.60 1176.91
207.88 6194.07 0.71 6 1240.67 352.10 2979.69 1417.97 869.79 2229.54 322.51 1452.35 920.02 1348.72 1254.98 1384.00
209.66 983.04 1.00 2 1066.54 1217.26 2041.64 1341.95
212.77 1538.56 1.00 2 1467.30 892.67 2841.35 200.47
216.78 1439.07 1.00 2 2623.34 958.61 2219.16 2339.76
223.81 2190.25 1.00 2 2191.87 1968.25 10.88 2169.48
224.31 3915.41 0.84 4 429.52 2406.48 1230.59 2980.07 971.95 2923.28 2911.87 1095.49
235.01 1850.30 1.00 2 2902.79 1523.07 1480.23 2706.26
241.74 2887.05 0.92 4 826.28 1494.87 204.45 2605.33 412.47 2594.67 807.18 1245.16
246.10 6304.98 1.00 6 503.78 605.15 2328.95 155.66 2787.22 756.69 695.48 2053.23 429.29 1850.35 1137.26 2362.49
251.11 4955.71 0.71 4 1651.95 1912.62 2036.21 126.13 1339.89 1190.66 2166.32 2852.87
260.95 9247.69 0.64 6 2405.98 2531.09 1161.05 2569.34 154.39 1783.05 1624.20 2972.48 2535.38 486.59 2546.13 2673.00
275.97 7098.36 0.67 6 1796.36 271.03 2146.21 145.68 794.70 1593.19 1517.54 727.32 2356.41 2584.46 2484.08 1009.00
277.35 7467.26 0.66 6 1133.54 2954.73 2751.39 1196.48 1023.07 1613.06 775.77 679.70 1031.37 391.54 1175.36 2335.58
295.82 6890.92 0.64 6 2705.89 279.09 1680.55 2893.37 2327.06 1985.50 2906.52 2710.70 2767.51 2854.26 1619.84 1415.93
320.83 7341.71 0.76 6 1625.71 1519.68 235.74 123.98 2054.32 450.19 1413.02 58.16 1581.21 936.66 63.61 2043.32
354.53 8126.53 0.69 6 827.32 2475.71 166.21 1603.66 1628.56 2816.55 689.44 2163.93 2301.01 877.06 565.92 40.19
