55.01 950.43 1.00 2 829.34 2136.90 1233.34 2997.19
68.17 1208.74 1.00 2 1453.81 2734.11 2662.40 2715.24
102.21 610.33 1.00 2 406.30 2725.77 988.52 2908.86
108.08 503.95 1.00 2 2717.23 1202.04 2746.12 1705.16
112.58 629.10 1.00 2 2930.29 2330.36 2763.65 2936.99
134.97 6748.56 0.59 6 1368.87 1906.81 1263.84 2017.55 655.03 2409.21 2413.39 2982.80 2647.09 841.83 1144.46 1952.88
139.83 5491.52 0.87 6 2912.69 2621.11 2631.54 1530.06 2150.55 1355.31 2481.21 815.93 440.61 1056.83 1495.24 1553.31
140.20 4709.89 0.70 6 404.67 151.49 1160.85 497.36 33.24 1250.86 769.72 1814.50 1232.19 1859.65 218.01 1361.11
141.40 70.17 1.00 2 2332.18 1824.90 2359.28 1889.62
141.53 6176.41 0.71 6 1215.21 2449.09 1130.17 2283.14 880.93 1126.30 2112.65 749.78 2.31 2754.87 398.87 2294.57
145.59 6979.39 0.78 6 1925.78 1002.02 1453.66 17.61 885.71 1985.77 1565.76 2463.96 535.93 2207.35 1973.25 894.77
156.20 6609.79 0.76 6 2069.12 126.09 1274.74 1503.70 1318.85 1101.65 1064.58 2095.20 237.48 1598.37 2824.89 2039.01
162.36 818.01 1.00 2 1614.64 1041.34 803.95 1150.58
163.99 2999.74 0.90 4 2638.04 255.53 2805.73 1345.71 1976.65 738.01 1225.47 301.51
165.71 4885.46 0.61 4 2439.30 286.94 568.80 2293.31 600.43 1583.64 253.91 2973.13
167.86 193.09 1.00 2 2283.42 1812.62 2365.39 1637.80
168.31 7815.27 0.84 6 1972.89 1121.80 270.07 2778.10 745.93 547.92 1223.47 55.70 2870.47 1375.59 2728.42 1709.63
177.43 5671.37 0.56 4 1301.49 903.32 146.57 2842.58 741.18 1575.58 2422.44 2685.64
185.94 6396.78 0.91 6 2854.05 1644.48 2204.41 2595.48 2130.35 1352.82 646.01 2254.49 1199.45 1544.30 561.87 2749.09
192.57 1028.53 1.00 2 1198.02 2845.56 1885.03 2080.12
193.36 4568.25 0.78 4 101.87 2963.21 1578.58 1715.61 1110.06 1601.84 2934.51 458.81
199.80 5789.84 0.94 6 456.92 1906.70 1774.31 1620.44 1151.23 479.31 1630.69 397.19 1933.28 2498.47 2357.71 2819.46
213.57 4878.68 0.94 6 217.63 582.51 1214.11 38.20 1927.09 219.82 1981.43 947.25 1488.60 1487.60 2971.74 1048.84
227.81 6790.55 0.61 6 1946.89 166.83 696.38 1710.68 1825.89 2401.20 547.95 1010.50 1453.44 1279.88 1867.16 783.06
239.50 10074.77 0.60 6 2882.19 692.46 1390.78 2326.39 1755.92 388.04 115.32 1209.70 2910.47 1223.26 1744.43 1700.84
241.20 8460.12 0.55 6 1207.35 87.99 440.38 1850.82 2377.23 2223.57 2690.41 868.78 2240.98 202.02 1984.00 2558.72
243.67 2383.67 0.88 4 2568.48 435.78 1005.86 827.03 1169.39 300.78 1015.51 141.14
255.47 6673.61 1.05 6 677.27 258.48 2897.99 439.84 2507.48 1792.86 1726.80 1989.72 1000.58 1866.04 212.95 594.83
263.27 10563.58 0.53 6 2794.25 1750.22 1130.87 2955.80 1971.91 462.96 530.76 2677.62 2726.04 2843.95 2744.44 1809.61
283.70 6485.17 0.89 6 781.72 2154.94 746.63 1999.22 1475.69 1418.38 1857.46 2007.23 2765.48 140.67 151.74 33.92
288.96 5148.17 0.68 4 2305.87 1296.01 1815.36 1448.90 127.71 2159.50 2906.46 1789.74
290.22 7110.84 0.71 6 2914.80 111.12 1062.05 4.37 2186.76 2423.28 2441.83 1675.03 1038.95 2225.96 962.88 2505.50
291.80 6290.03 0.90 6 534.63 2412.82 1147.86 2306.84 119.72 1541.22 72.40 627.02 2301.54 2215.25 2746.02 1631.96
292.99 7549.56 0.53 4 2932.37 2064.18 269.49 2085.23 2560.00 2924.96 2883.04 499.38
295.44 6772.19 0.53 4 737.49 2486.62 2678.37 351.69 37.80 934.45 828.87 55.12
296.26 9313.02 0.53 6 2293.44 2746.06 2548.72 20.18 1472.26 361.55 1925.87 2313.73 743.73 2818.13 490.10 676.61
302.15 11407.46 0.53 6 149.01 2936.67 2612.15 2193.27 354.63 612.38 2095.19 2789.84 1692.07 653.18 2434.58 1487.12
304.85 8542.75 0.77 6 1293.76 1331.79 386.01 676.48 2654.56 2075.48 2876.31 1247.95 2959.34 2769.01 1411.31 964.06
314.74 9336.88 0.58 6 1452.84 629.90 551.55 881.77 1345.66 1649.85 120.94 894.81 2988.92 825.19 0.26 812.80
315.22 6761.18 0.90 6 611.17 710.19 166.48 569.62 2550.01 1509.41 2162.50 396.45 2956.36 899.94 1521.69 160.27
336.14 8107.10 0.57 6 63.13 1334.45 965.09 1824.24 1146.41 2076.15 1621.45 454.66 1013.84 2912.48 2127.88 619.94
399.94 10497.01 0.56 6 123.08 2038.50 277.97 2517.29 2937.24 2596.96 352.45 2097.87 2466.97 1887.60 236.58 599.08
