44.79 1539.41 0.94 4 9.22 1863.17 860.51 1617.69 641.11 1103.71 677.53 1191.01
92.85 442.55 1.00 2 1706.28 440.80 1696.02 883.22
109.49 1374.70 1.00 2 435.54 2350.59 1737.84 1910.33
115.34 5467.17 0.97 6 320.24 2335.90 1791.59 2772.98 1416.82 2108.52 336.04 383.72 733.16 1131.87 791.66 850.95
119.31 5965.73 1.09 6 1168.02 1385.14 1657.65 2592.05 554.49 2461.05 1502.05 1221.59 2675.47 32.02 2991.79 88.19
121.68 383.89 1.00 2 1633.50 439.84 1982.76 280.49
126.30 1714.98 1.00 2 2328.81 1289.62 1691.75 2881.88
135.93 1196.72 1.00 2 2413.76 2352.23 1218.69 2289.32
150.26 813.17 1.00 2 2995.33 350.35 2938.95 1161.56
154.68 3933.77 0.79 6 2424.21 2608.74 1925.25 2278.48 2283.25 2562.61 1970.31 2490.85 2238.06 2027.73 268.96 1566.64
163.01 6750.39 0.68 6 1005.57 1254.81 2086.25 2571.83 1221.74 2241.44 276.67 2801.33 881.85 1559.04 2488.75 1891.43
163.38 7068.81 0.64 6 1432.04 2514.20 1221.84 511.80 1819.70 1517.56 1759.67 2269.56 2168.86 2824.80 220.50 1353.88
164.44 4722.17 0.71 6 1722.26 2804.88 765.73 2421.97 1718.36 2827.77 2143.96 1359.32 1208.57 1793.55 1262.21 1873.45
189.39 8869.70 0.66 6 2937.01 359.10 2376.25 401.78 212.74 369.52 2174.33 1246.53 173.84 933.68 1577.88 2315.60
193.03 7351.62 0.44 6 961.13 2235.48 655.81 2692.48 1527.23 550.21 299.84 526.52 1067.39 2452.19 1716.12 1456.16
207.09 8354.52 0.93 6 126.48 578.82 609.55 1171.77 2613.71 81.81 2970.77 1560.77 2653.62 265.14 461.98 1366.89
207.55 7477.44 0.69 6 2381.43 2955.44 712.28 2588.50 1585.82 1222.37 2340.73 1027.83 2738.17 2209.97 635.88 1935.41
219.65 6682.37 0.76 6 2316.90 2662.02 2570.50 2859.87 2517.56 2421.23 1708.44 2376.90 2671.62 325.06 669.08 2341.58
221.68 5283.91 0.95 6 1651.84 1718.74 2770.38 649.90 2421.70 941.08 1034.15 1891.06 1685.38 2426.23 1010.56 2771.48
225.11 4155.42 0.49 6 1889.59 219.49 1223.37 531.57 1747.39 1329.94 2213.19 162.97 1888.61 587.70 1233.40 430.94
231.88 9893.85 0.41 6 2334.06 1012.48 1306.11 2372.20 349.54 386.36 1477.13 1186.49 139.08 2081.06 2340.92 53.91
232.27 5613.40 1.21 6 294.76 2491.84 360.56 2529.92 446.86 1762.83 2646.86 2299.47 2331.66 1196.01 2319.43 2549.29
242.81 4740.69 0.90 6 2189.93 661.53 1485.81 1328.08 2142.95 1347.08 839.40 50.45 844.50 486.94 419.19 1209.66
244.91 7545.71 0.51 6 164.32 1866.65 465.00 1920.72 2674.82 1925.81 68.88 1673.73 1371.54 1253.11 521.74 647.72
256.34 9616.92 0.64 6 1843.53 372.41 2073.32 54.16 2979.57 1742.53 307.42 1111.69 2466.77 1522.20 194.52 868.05
257.24 7861.82 0.51 6 1684.98 2984.08 977.33 1987.63 2695.57 1560.63 684.33 1820.19 2723.58 1950.57 1971.78 1683.46
272.71 11035.49 0.56 6 2542.30 1273.42 1863.54 2951.76 2889.39 347.49 1684.11 2707.25 2494.17 871.20 912.02 1663.59
281.76 4288.16 1.03 4 2481.97 307.01 2921.04 514.86 580.16 1558.27 1638.38 2203.64
295.58 8379.17 0.44 6 815.70 2696.98 492.74 2257.00 1541.70 1801.18 2563.91 2497.59 2.93 2003.15 2722.02 1167.86
297.96 5998.12 0.78 6 2929.30 1127.94 2674.20 1635.57 2177.96 506.08 571.16 1342.47 921.29 1777.67 1736.42 143.36
301.34 7067.07 0.72 6 1696.26 2797.46 68.21 2809.72 398.00 2794.16 200.38 2333.22 2023.90 788.40 1073.64 2791.83
321.93 7696.58 0.65 6 607.86 2747.46 1139.49 656.61 2938.63 953.27 1203.94 1401.58 1265.70 2475.50 1403.18 1638.34
327.03 8651.56 0.43 6 2589.05 2014.18 1666.39 276.21 2478.02 2768.49 1788.94 1033.65 2617.35 2174.96 2769.27 2945.95
327.72 7185.91 0.75 6 2592.37 882.05 1293.48 854.28 2046.15 2496.00 129.00 2452.38 158.70 1355.22 1195.08 1602.55
342.24 7611.90 0.50 6 2783.05 2715.13 1540.17 2745.51 1917.19 2634.54 2222.75 1498.97 225.54 2501.87 2682.80 1766.98
344.16 11908.01 0.56 6 52.50 2456.32 1034.05 1222.42 2706.75 1698.80 854.10 9.22 1990.75 2944.79 1302.44 89.82
344.61 9030.27 0.80 6 2910.89 595.32 2781.50 1392.77 2722.91 2034.10 1361.60 267.56 614.75 2988.33 235.78 490.15
368.86 11643.00 0.42 6 606.18 243.64 2470.68 2469.97 1125.57 167.96 580.00 1835.67 76.46 2836.03 1944.86 240.31
