101.37 5068.73 0.93 6 2711.37 1265.49 1041.91 2364.41 1568.30 2820.59 1181.24 2232.93 2556.70 1720.03 2439.48 1884.36
127.37 5468.53 0.67 6 1641.83 965.64 2446.41 2534.16 1849.21 2219.58 1203.96 1045.62 2569.94 1001.29 2508.71 682.71
160.70 5335.11 0.53 6 1243.58 1653.68 2543.71 1742.69 2937.39 2240.38 1704.26 1236.97 1881.77 2665.81 2120.24 2945.75
166.57 7128.72 0.36 6 2486.05 303.89 938.77 1491.58 794.04 2122.19 2165.82 1918.36 558.58 1148.09 1051.78 2417.69
168.75 6637.39 0.86 6 2086.91 595.86 2630.80 1213.91 1598.48 1190.27 271.63 1793.91 790.11 2147.66 2763.77 310.88
175.94 4996.75 0.83 6 2859.49 514.02 2046.02 196.24 2842.05 2183.28 1679.88 1676.99 2156.61 1709.26 2140.84 1472.43
190.16 5908.08 0.88 6 1662.22 2955.23 159.60 1856.42 172.64 1042.81 1395.86 1722.78 1491.40 1308.55 2602.73 443.64
191.81 6290.49 0.63 6 1614.83 386.29 1522.36 1427.21 1812.27 2160.32 2943.03 2352.66 940.45 2421.76 2152.69 1934.90
194.01 8200.44 0.59 6 2687.34 2264.31 334.44 1745.54 1681.46 2270.31 2877.93 968.28 2726.49 2100.68 1614.76 1193.91
201.62 7080.86 1.14 6 2410.28 790.67 2810.77 960.46 403.48 2579.83 1110.69 2700.16 1071.22 2874.27 2958.77 740.69
214.50 10124.98 0.35 6 2455.11 1032.15 1338.02 143.40 789.52 2380.92 2920.74 746.10 1374.61 2972.93 628.14 2312.43
216.69 6334.28 0.86 6 1618.84 2043.97 1828.78 2136.34 2932.06 1841.55 943.38 20.33 1075.05 359.05 1589.32 2191.14
220.05 6202.71 0.99 6 2197.67 746.40 538.02 543.71 358.50 267.32 1804.58 2276.46 1948.22 1484.93 2838.44 1722.01
220.52 8926.04 0.59 6 2868.22 2443.72 1710.32 246.63 122.32 1643.96 2662.35 881.74 2998.32 1327.61 2002.56 821.36
220.59 6829.73 0.84 6 2112.65 2828.24 1356.34 1615.19 1709.57 2627.91 2958.62 645.61 2024.00 991.60 2838.80 432.70
222.62 1231.10 1.00 2 2791.86 1194.61 1608.78 854.11
232.12 11306.00 0.35 6 2332.89 2007.21 72.43 2837.85 2405.69 2187.17 76.92 1700.79 296.41 2762.01 2548.29 760.54
233.59 4479.28 0.80 6 2517.19 296.34 961.66 1582.01 1182.55 1639.14 1559.53 1990.54 1725.26 1595.78 602.80 960.95
254.66 10332.78 0.67 6 1483.48 2499.74 677.50 1943.69 731.04 62.32 2949.79 736.06 647.90 37.26 1836.66 2513.79
272.68 8533.83 0.49 6 2847.09 1162.35 415.53 1029.89 2121.79 2637.19 1222.72 2089.25 287.59 1065.47 1499.05 553.70
272.82 8241.12 0.83 6 1204.28 679.92 1019.16 2255.45 1818.48 2946.03 2956.91 1899.02 1571.60 61.20 177.44 1119.44
273.96 7798.24 0.81 6 2578.08 2867.14 2737.84 1799.15 2119.10 2639.02 565.45 1862.62 1721.96 2674.31 532.48 446.55
283.14 7256.91 0.46 6 1015.03 1097.08 565.02 1212.85 2763.37 2432.72 718.35 2452.76 1074.96 2749.83 2729.00 2122.91
291.59 8879.29 0.83 6 505.54 2890.80 1154.26 82.96 545.36 655.12 1587.36 13.98 2715.44 1690.09 1035.74 2616.29
293.58 5379.08 0.67 6 817.84 2070.84 834.26 2703.23 1800.39 1879.61 1247.66 1240.92 2450.17 1464.65 1186.41 2088.01
313.51 6075.62 0.65 6 1347.38 1988.89 345.84 2706.65 982.14 2830.51 668.92 1912.79 1465.61 550.08 769.50 2042.72
315.84 7991.88 0.39 6 2312.22 2312.53 124.90 2840.34 2700.83 1628.36 2096.70 1582.65 921.36 1762.41 1922.80 2217.77
319.20 9359.75 0.41 6 2700.69 1492.95 2760.00 2813.45 1166.54 1343.81 1810.51 2992.03 2785.82 1643.94 349.14 1663.39
329.40 8969.77 0.47 6 1343.71 594.12 1305.42 247.17 1683.76 1828.99 2832.74 1278.96 71.50 312.96 917.69 2976.86
331.83 7591.72 0.67 6 134.27 425.01 2645.83 1268.52 1878.57 614.63 738.52 2005.60 1711.62 2591.23 2636.04 2209.90
333.70 8284.87 0.69 6 2097.55 2731.99 2677.07 2137.23 620.21 1921.26 295.95 2849.89 218.89 610.82 46.78 2766.26
341.31 10765.33 0.50 6 2456.99 91.03 2874.09 2822.11 874.29 1047.16 116.32 1612.77 2421.61 935.00 541.25 1555.47
353.04 9552.16 0.53 6 1602.88 141.62 2892.56 157.31 2215.62 1571.95 908.84 564.72 2476.18 2621.12 534.87 1112.47
363.98 9499.08 0.70 6 618.09 2068.17 721.16 2440.91 2961.26 2479.72 2772.94 14.22 2493.91 2953.21 1115.35 2513.36
