77.20 2360.07 0.52 4 590.43 2640.16 462.49 2138.78 334.21 2833.39 1342.35 2309.25
78.58 429.15 1.00 2 2058.72 2266.96 2401.36 2008.55
82.08 503.79 1.00 2 722.77 1787.27 441.25 1369.48
129.97 4798.29 1.08 6 1844.33 2209.44 1862.37 2446.80 2320.66 2292.47 2931.45 2046.52 254.60 1315.17 728.69 880.41
133.05 6352.32 0.57 6 2825.31 1332.27 2405.74 1338.35 789.37 492.33 2356.78 40.86 2982.65 1225.65 2435.97 228.42
137.13 6256.67 0.74 6 2191.34 2758.57 686.42 2279.17 1037.16 1766.23 160.41 1586.29 1436.17 683.93 1157.61 2257.68
167.41 4370.46 0.64 6 182.76 2979.62 398.53 1438.02 412.59 1130.53 943.51 1736.33 822.72 1348.24 109.29 268.63
168.78 639.01 1.00 2 1089.06 2531.68 1708.05 2690.38
170.22 7611.01 0.67 6 144.28 1662.32 1105.49 794.18 370.22 1672.48 2921.11 1906.67 1542.17 929.29 2253.54 1510.39
180.09 7804.30 0.63 6 2635.95 1086.09 141.45 2027.46 1102.28 1956.62 2257.26 2850.07 1287.71 916.51 1015.62 436.93
188.07 7403.70 0.82 6 1924.55 2226.78 2602.83 1665.27 218.33 1424.20 1467.86 92.12 1138.52 509.15 2142.65 1965.16
191.97 9598.63 0.57 6 2281.48 2938.29 1548.81 1188.24 383.56 2623.86 45.04 1423.76 2132.90 2974.91 518.67 1786.57
199.05 7052.49 0.88 6 1544.11 2145.47 859.82 2715.01 516.75 762.31 1189.02 1422.51 2527.68 1036.02 2750.37 2866.53
220.88 7344.09 0.58 6 1507.02 1983.21 2411.72 1703.70 1543.48 465.01 2622.40 2206.02 1276.75 1758.98 2660.17 2071.80
228.18 9108.96 0.71 6 182.33 2540.38 740.81 125.11 99.60 1826.64 1820.22 1161.07 986.85 1906.02 2378.48 688.63
235.39 7169.66 0.61 6 1704.04 309.61 1978.59 1499.91 2831.10 1699.74 2927.36 2955.99 1175.69 2450.73 2950.22 1551.24
247.52 5076.12 0.64 6 1602.89 1702.40 1820.80 2354.73 1674.09 1560.12 1865.49 477.92 1583.86 1619.81 1905.84 354.94
251.20 8260.20 0.61 6 2186.70 1794.65 757.90 803.40 1946.09 1777.18 2243.10 1144.02 2713.68 2494.92 488.20 706.40
253.03 9451.30 0.60 6 784.96 1282.49 1605.24 1084.90 652.33 2113.73 2477.56 630.80 197.87 1808.30 1657.41 46.71
262.91 7945.29 0.51 6 1157.82 1301.91 1523.77 1894.14 2406.11 1442.54 343.84 2730.12 2014.42 1674.33 1158.70 33.61
272.29 11014.74 0.49 6 2157.56 1509.12 688.31 2543.31 2573.52 2589.67 434.48 1872.39 2643.29 35.45 2363.52 2220.92
274.03 5201.66 0.99 6 943.06 2872.01 2118.20 2012.89 1806.37 2352.18 1381.71 1370.75 413.91 890.39 289.72 2018.92
276.75 8037.55 0.50 6 1531.00 142.09 2253.23 2568.64 927.99 2599.06 1447.76 1263.42 1924.54 584.96 1766.10 2496.17
279.35 8467.71 0.56 6 250.83 886.42 866.29 2751.81 2785.67 1949.63 1118.01 2390.58 705.70 1659.10 1923.46 255.16
279.53 6376.33 0.46 4 1587.42 2046.38 217.94 91.90 1922.52 2344.77 2408.55 1286.26
289.55 7777.54 0.97 6 2748.42 897.27 2522.17 2979.35 2423.29 1624.96 259.63 270.89 674.39 846.58 301.71 1842.36
300.06 8003.24 0.53 6 2767.18 1774.44 1568.38 45.13 1289.69 1644.70 2317.28 1408.30 2319.02 2280.63 882.60 422.48
305.00 9049.83 0.60 6 50.71 2505.90 2067.09 1307.73 1266.25 276.08 1212.83 547.14 2917.33 2005.33 39.13 1941.91
305.20 6460.03 0.81 6 2504.36 1654.28 1776.66 2819.90 422.74 2829.08 840.99 1825.66 1307.23 531.08 1002.80 1762.90
305.73 10386.37 0.53 6 1544.05 148.13 503.35 363.38 690.06 2666.89 1734.22 2772.37 2448.64 44.71 48.83 2074.99
337.19 7459.60 0.50 6 2505.02 956.88 2534.77 424.61 2491.51 2130.92 2338.51 379.26 2533.69 1101.51 54.19 2202.95
349.98 8399.16 0.57 6 1347.84 2433.49 793.00 2194.23 2469.92 1039.83 2644.92 2740.24 799.20 395.67 880.95 1458.32
350.03 7801.59 0.96 6 190.11 1197.90 1230.03 2851.92 408.04 2542.85 2776.02 2695.43 1378.07 633.82 1410.01 532.88
351.56 9678.17 0.47 6 70.12 1784.10 398.10 2643.54 2547.81 1893.18 379.51 2829.80 2292.00 1075.52 1731.94 2493.11
354.71 11635.53 0.57 6 2370.32 104.61 1110.17 2446.74 1764.98 1312.60 595.67 2319.28 2830.38 2857.49 223.60 58.64
369.97 10298.53 0.71 6 560.32 44.08 17.53 2830.82 417.60 218.52 2933.33 1659.89 2691.97 1105.63 1382.96 1006.84
