3
50.0
30.0
3000.0
4500.0
0.6576
100
0 0.00 916.64623 746.18771 2574.38417 762.71746
1 2.00 835.34451 758.16288 2828.60213 1168.60434
2 4.00 1307.68231 791.70959 1392.92331 91.88291
3 6.00 1639.78655 870.44960 2203.14237 1656.95711
4 8.00 299.55713 2186.60455 284.95108 1221.65037
5 10.00 428.10384 2836.11252 2490.40663 509.86919
6 12.00 10.77881 388.78178 287.67792 1075.99437
7 14.00 953.55340 54.47528 1829.51852 2418.16095
8 16.00 1845.82156 2934.67466 1247.10701 2192.42367
9 18.00 2318.50901 366.50713 2509.37178 2125.04485
10 20.00 1117.43358 2094.39268 2088.94240 399.47736
11 22.00 2379.54998 1658.02344 143.98260 1509.64301
12 24.00 1644.74439 2952.31827 1943.76492 1907.88306
13 26.00 705.03494 2763.70162 2220.51001 2863.94096
14 28.00 2552.49988 918.18753 2985.17546 523.07039
15 30.00 1019.58710 2611.09817 595.43189 1092.39721
16 32.00 2314.76489 260.81886 2743.90633 2328.88048
17 34.00 2451.21405 958.02389 2057.46948 2504.47197
18 36.00 1389.02053 2112.37301 1656.48985 531.50487
19 38.00 121.13051 247.36809 1335.42661 1594.57265
20 40.00 56.04304 713.87952 764.18128 2891.52283
21 42.00 2407.02496 1600.94028 2392.59210 20.97920
22 44.00 2277.69693 1412.66354 2510.31012 1295.29929
23 46.00 2397.81803 2548.63697 928.49481 2703.27435
24 48.00 534.27262 2974.96278 660.55589 2871.83502
25 50.00 985.43034 2076.40939 885.04989 2192.51220
26 52.00 1788.77181 543.14002 977.95495 2380.35490
27 54.00 1690.59264 1328.86401 1334.75200 1798.75310
28 56.00 2947.66328 264.78993 2041.85828 2355.76349
29 58.00 2968.31702 2392.44292 670.49903 2125.92359
30 60.00 2275.78837 1403.20767 2914.69762 1326.45575
31 62.00 750.34237 2301.16289 2048.48615 263.28944
32 64.00 1167.16386 1648.47682 2936.71797 2546.60472
33 66.00 2903.93947 1711.32042 2734.69113 116.92766
34 68.00 2269.53793 2634.58361 1977.89267 2892.78187
35 70.00 544.60220 2329.76293 604.25262 2127.95973
36 72.00 1785.33808 1127.88302 23.28720 1542.05364
37 74.00 816.88380 1297.86888 2245.00001 389.71412
38 76.00 1522.76191 1733.30131 1548.64516 1852.28294
39 78.00 681.84384 2060.57735 2762.04518 842.28981
40 80.00 2707.51157 2221.42073 2243.10324 2191.56787
41 82.00 1716.73488 2265.30407 1437.49312 2651.57059
42 84.00 2536.92237 379.93747 315.39764 2719.08901
43 86.00 985.07941 1181.84184 145.91586 2349.43729
44 88.00 2546.89917 633.73101 2030.27689 2244.50484
45 90.00 2645.78452 2029.87838 2647.54443 436.60141
46 92.00 1096.48536 1928.12531 2830.15456 2582.34084
47 94.00 1536.30541 1537.58858 314.74016 2318.90431
48 96.00 774.60801 704.55620 1726.14117 1187.77716
49 98.00 728.13819 2135.29280 2689.63519 25.65874
50 100.00 12.21850 711.63577 1762.15655 1846.42959
51 102.00 2940.65379 2548.95966 2827.91769 1960.41984
52 104.00 891.56672 830.07906 1387.66441 2701.96518
53 106.00 1978.34277 2608.64491 929.12058 330.95799
54 108.00 2889.03228 1355.69844 1744.59120 2485.01686
55 110.00 2231.45202 406.31317 1920.74856 2778.75572
56 112.00 854.42773 696.77874 2305.77673 2491.03379
57 114.00 2980.54329 327.37552 1172.99759 2810.04828
58 116.00 2200.87761 748.45696 1739.21723 2758.80956
59 118.00 627.89391 1833.67171 988.16948 1880.02397
60 120.00 2131.91534 1703.07534 162.57053 2437.12488
61 122.00 2112.12831 1716.90503 1287.57989 1518.84468
62 124.00 942.67723 1522.14943 668.90500 2015.79328
63 126.00 989.59700 1997.97946 2392.10463 216.13009
64 128.00 1430.85403 928.29010 2471.43379 2972.94760
65 130.00 2031.57149 1466.41713 2865.73538 631.54773
66 132.00 2988.23609 1956.46422 293.58505 2060.12490
67 134.00 1397.91263 2871.90466 281.75830 2763.61761
68 136.00 1910.46291 579.91555 1972.76681 1925.75588
69 138.00 7.84214 1523.58320 653.73602 1751.60464
70 140.00 445.83667 592.11377 2134.79806 964.64052
71 142.00 40.96212 2712.56995 1226.40068 1763.60579
72 144.00 1020.20268 2861.80592 999.09198 2297.48261
73 146.00 2184.13624 672.62496 2294.93791 2886.01589
74 148.00 2789.08992 2050.13007 1177.76386 586.70231
75 150.00 1375.80226 940.68592 2012.91527 993.04367
76 152.00 356.64341 1869.20682 467.62551 1782.70659
77 154.00 160.89030 418.96230 383.87675 803.51495
78 156.00 1461.89659 876.05757 2376.63193 989.21768
79 158.00 100.13948 729.07695 1070.80470 1104.43334
80 160.00 2084.58210 2960.08363 125.70494 2945.87202
81 162.00 110.24355 1233.21980 1410.79052 220.92871
82 164.00 1254.28998 927.50435 2811.05346 2378.90074
83 166.00 1690.80241 2397.96204 2397.58626 333.47122
84 168.00 480.35232 1653.03696 747.84462 1988.01587
85 170.00 279.73138 1904.60292 1432.82726 2197.25715
86 172.00 2357.08659 2528.21665 974.78320 1312.79839
87 174.00 1215.66345 2718.38019 506.57983 448.28148
88 176.00 2935.27361 1947.32224 1968.64574 1896.96126
89 178.00 1094.03324 888.11884 1257.73901 2084.92404
90 180.00 744.99714 13.11287 770.00969 1109.15048
91 182.00 2433.83554 1020.32810 998.90122 378.20772
92 184.00 1223.66978 2117.07838 1286.11171 1499.16719
93 186.00 1461.86571 1616.80072 2406.03022 934.84032
94 188.00 2380.75655 696.26044 410.69538 1229.82759
95 190.00 2958.49188 1729.67507 1801.81807 788.55885
96 192.00 2470.44172 106.09695 1558.64577 2082.84276
97 194.00 2474.42949 1200.92217 1131.08899 1982.06835
98 196.00 2458.85139 426.35100 2879.67256 2669.37594
99 198.00 1688.41756 551.22511 2056.95574 449.00000
