3
50.0
30.0
3000.0
4500.0
0.4636
100
0 0.00 1953.37532 2132.26687 2691.55918 1707.24260
1 2.00 841.73934 2259.78972 2877.78989 458.97192
2 4.00 2414.15302 269.01174 1987.99252 1461.88665
3 6.00 2667.80572 193.23388 790.48788 2980.64098
4 8.00 906.29422 2524.41717 175.33605 685.14268
5 10.00 2381.81765 2504.14555 2841.74755 490.10857
6 12.00 2445.20021 1828.50585 840.99277 1172.53034
7 14.00 543.52208 2254.81936 2189.49815 2261.67510
8 16.00 2276.32792 596.91098 400.42970 2982.04885
9 18.00 1870.82545 701.31936 408.87652 403.32615
10 20.00 1203.81800 2974.51953 646.57872 2633.44415
11 22.00 689.16547 658.37876 760.91667 1405.33808
12 24.00 203.16244 2076.77403 2010.98256 1283.32885
13 26.00 1368.88275 2798.44404 32.11850 2567.70834
14 28.00 425.98336 1435.16436 1829.88346 2252.71128
15 30.00 945.56610 2695.93501 169.99660 833.98203
16 32.00 1110.58532 168.15012 2824.68639 519.12468
17 34.00 692.49104 1745.16362 2308.74742 2448.19420
18 36.00 511.88196 87.13016 812.55970 2753.69941
19 38.00 2377.21128 140.00014 1620.55129 1375.35799
20 40.00 2839.64404 2398.66476 2428.49828 2391.48981
21 42.00 2751.81399 49.15656 1362.65665 489.13280
22 44.00 490.21976 2391.20606 878.02224 2643.24012
23 46.00 175.46907 2442.97262 2166.63702 2748.87547
24 48.00 776.83051 2649.29347 1387.70985 2328.56373
25 50.00 304.77087 2752.03283 1926.57934 2072.95146
26 52.00 963.34478 781.35032 317.61254 2359.97922
27 54.00 1802.16063 2586.79656 2776.97792 150.13932
28 56.00 1079.28228 1624.87197 1610.46881 2761.49459
29 58.00 462.25849 2032.91478 1886.76692 1018.43520
30 60.00 2616.62954 192.26703 466.65551 1796.39161
31 62.00 2407.99335 1754.79984 2064.27778 1155.83216
32 64.00 2274.74835 845.24226 764.16738 1521.39971
33 66.00 2218.49279 2841.46295 1456.40336 1881.60316
34 68.00 1354.10854 2308.26292 228.92743 558.92059
35 70.00 389.97218 257.85803 141.43883 1592.74756
36 72.00 2898.03078 125.89089 2090.66723 2947.56064
37 74.00 1658.39675 2422.02725 2228.24184 149.98986
38 76.00 2748.99235 2927.99391 221.80173 2565.17324
39 78.00 2588.86159 1454.19378 2080.75786 2393.81324
40 80.00 2797.59720 1794.79270 1057.56533 1763.27086
41 82.00 1858.27908 755.45746 1064.87894 1794.53286
42 84.00 2205.65595 2692.19966 328.17591 306.07099
43 86.00 526.50867 2715.94811 2836.03934 2245.31488
44 88.00 749.32002 1672.66894 545.36371 64.39205
45 90.00 2571.46504 448.96055 338.96062 528.44270
46 92.00 2037.38161 2055.29764 782.01924 2637.21021
47 94.00 1147.50042 2874.34207 2726.31488 2220.11373
48 96.00 4.52318 1618.73540 586.50604 2928.48592
49 98.00 883.28293 1328.45586 2714.53070 55.56505
50 100.00 1506.61005 1555.69481 1525.72372 1740.33183
51 102.00 991.78087 812.88637 62.42868 498.63032
52 104.00 2580.54420 1841.54900 1132.56948 1522.46052
53 106.00 1048.08261 1836.23231 2624.86791 568.39947
54 108.00 2045.61300 1490.50559 1871.74214 2711.32125
55 110.00 1191.78286 1903.98251 627.60922 2842.88594
56 112.00 1793.19798 949.59722 699.51437 554.95958
57 114.00 2763.84570 1422.49590 2384.37121 480.05392
58 116.00 1076.07817 460.83288 1255.08258 2657.46676
59 118.00 1047.86905 251.14487 2428.56363 401.46368
60 120.00 1962.35949 1718.11386 2782.33935 452.72813
61 122.00 857.51260 214.00761 2772.18166 2865.15073
62 124.00 2305.81479 655.09891 454.90429 953.23834
63 126.00 2272.35252 2103.39427 1206.66958 1307.67493
64 128.00 1389.81706 2160.60465 462.50798 1225.81664
65 130.00 2480.00442 2168.15960 1992.24092 2861.86606
66 132.00 128.23620 1130.94963 1005.67350 777.62683
67 134.00 1543.11618 1938.92139 1653.67451 291.28813
68 136.00 614.28815 320.90745 1964.10384 2280.84936
69 138.00 121.34249 817.83406 1603.29808 2552.97436
70 140.00 2113.11744 471.10176 2456.76614 251.12388
71 142.00 2551.51119 283.08365 2486.50707 2346.33290
72 144.00 1116.33959 888.21757 1988.23884 2650.30734
73 146.00 2133.68639 1614.97922 2609.19060 1630.31960
74 148.00 1607.35639 2974.30183 893.86276 25.30830
75 150.00 2290.72775 329.20583 980.14986 1668.81606
76 152.00 175.46293 927.91166 916.78411 400.69565
77 154.00 2510.46050 2.87998 2383.83739 532.98409
78 156.00 2784.20595 2746.69884 1493.48405 1914.84284
79 158.00 1441.32463 2495.72491 1562.34293 2327.81515
80 160.00 2879.28818 1913.41765 845.30693 2610.64885
81 162.00 2246.80299 2325.21238 356.25587 1306.03323
82 164.00 387.90353 888.58289 540.87780 1831.54502
83 166.00 2144.57705 1308.35614 434.49171 225.31115
84 168.00 549.06520 916.91482 191.89154 852.96632
85 170.00 1835.20271 1595.69262 2387.51306 338.30370
86 172.00 2198.21677 2812.98272 2751.10973 1705.05588
87 174.00 2585.61696 2597.52330 270.14280 2588.10256
88 176.00 1339.54051 2476.14705 1218.75381 1828.23109
89 178.00 2930.29269 833.05524 2071.96407 289.60523
90 180.00 482.65094 2094.92691 332.68099 1648.65824
91 182.00 171.03918 2625.55015 1266.74501 62.81031
92 184.00 2064.56668 504.27451 6.39285 16.14793
93 186.00 2808.73859 2243.98723 1617.72411 580.17537
94 188.00 1188.08900 2618.90453 11.54654 1895.42491
95 190.00 979.91238 538.38129 732.81537 1588.38048
96 192.00 704.82994 2129.35312 2805.95267 1659.45218
97 194.00 485.51646 1253.78955 2430.95015 512.74828
98 196.00 2335.06024 2301.91911 187.34329 1353.30559
99 198.00 1601.94562 1296.58664 2467.90486 2268.85954
