3
50.0
30.0
3000.0
4500.0
0.1727
100
0 0.00 1897.74985 602.66725 1872.50277 871.73849
1 2.00 1035.88074 2017.12114 2944.00649 1950.25916
2 4.00 2874.97936 1511.68032 2082.93592 967.14419
3 6.00 346.21576 1056.71341 1441.10977 1711.91458
4 8.00 2001.47171 1252.43380 2243.60617 2524.16791
5 10.00 857.78394 2541.90327 2424.91434 1568.18996
6 12.00 75.81642 435.98013 2010.76254 599.70725
7 14.00 2250.55506 482.80618 859.84664 751.68302
8 16.00 2518.14544 2071.78455 885.42170 2260.78184
9 18.00 96.91915 2442.07865 307.44002 2604.10612
10 20.00 2218.47744 2594.52446 2227.23821 1683.81166
11 22.00 712.78642 2352.92152 2396.46526 862.91596
12 24.00 1993.48071 2779.45443 1162.66395 2870.10591
13 26.00 2927.46817 937.96194 1656.37379 38.89571
14 28.00 754.02339 1861.68509 2342.77468 2610.35428
15 30.00 2489.95045 2734.45913 2113.88721 1942.89716
16 32.00 2265.32312 1639.84541 1810.16093 2328.44024
17 34.00 2892.86947 882.53317 532.27770 2047.97656
18 36.00 560.92974 521.38540 1541.54056 1131.59468
19 38.00 1285.52344 1669.79586 390.19959 1751.95817
20 40.00 765.04844 991.68837 2129.06789 464.41709
21 42.00 461.11015 967.89009 152.56632 2797.14560
22 44.00 1846.82603 1985.67063 1471.65282 1718.03097
23 46.00 1074.25676 2352.09435 953.57702 659.88605
24 48.00 551.60729 204.52941 1515.42105 1247.79373
25 50.00 1611.10786 275.83666 663.59424 640.06143
26 52.00 995.65054 1082.39347 655.33586 2257.96707
27 54.00 1591.49669 2989.89325 2471.06520 2943.39959
28 56.00 26.41109 2006.81540 1337.00174 2713.48938
29 58.00 1841.10329 1863.39509 2876.69045 2047.65408
30 60.00 962.81103 2747.79729 2834.96301 1157.62780
31 62.00 1620.71194 848.48698 2734.00778 2466.32719
32 64.00 1124.87413 2408.45021 1336.67069 131.55498
33 66.00 2694.84483 577.53716 1541.68410 2844.63546
34 68.00 502.18443 2868.82862 1613.92449 21.99176
35 70.00 196.41547 2011.00538 2320.74680 2594.85257
36 72.00 1272.62836 311.78043 1613.26264 2108.22860
37 74.00 2928.67176 2325.62022 1939.68348 2819.25333
38 76.00 2240.67248 461.26373 1377.67571 995.14613
39 78.00 262.56269 162.80421 2382.64436 1674.25262
40 80.00 1724.88688 682.93690 775.94388 1164.09781
41 82.00 1890.65179 1299.07510 50.67290 2019.89620
42 84.00 1604.50311 1924.26824 1855.04808 2267.88179
43 86.00 1756.82404 2102.64609 217.76833 2784.14325
44 88.00 318.40663 2360.67569 904.05213 259.51566
45 90.00 2295.82272 1313.02845 1185.33977 1982.16949
46 92.00 1421.96303 1600.40329 409.14438 1172.97770
47 94.00 2392.45384 1637.17341 2880.40280 432.22661
48 96.00 2031.86714 2742.50675 2385.05137 2187.97373
49 98.00 1119.39154 2848.39531 1660.57256 1665.20924
50 100.00 369.70548 15.08952 1789.96466 1611.45615
51 102.00 2840.93817 914.07346 2244.88976 2710.63913
52 104.00 1031.55495 1237.96349 1937.79451 1537.65808
53 106.00 482.86307 662.36391 2504.24510 582.97865
54 108.00 544.07395 2398.98016 2556.75338 2554.16317
55 110.00 2797.10960 2982.93915 1383.79561 1648.99383
56 112.00 871.95800 202.08827 294.60720 2176.76777
57 114.00 1461.57123 992.55280 384.64544 1966.41894
58 116.00 300.13517 1858.54733 2700.35577 953.35781
59 118.00 1351.93793 1849.02729 917.02647 1752.50980
60 120.00 1696.65602 1093.48031 948.99948 1284.92218
61 122.00 14.49565 738.52542 664.57711 2219.44865
62 124.00 1308.37220 2520.33018 402.91750 2198.91839
63 126.00 2633.65749 1388.54513 1076.22481 916.41539
64 128.00 1655.01548 527.31048 1819.88300 2525.37899
65 130.00 2576.14097 420.00501 1615.85411 789.70395
66 132.00 2659.00750 229.38714 226.19987 55.89088
67 134.00 1521.53493 93.58269 1745.67147 1215.40340
68 136.00 1770.10894 2718.91073 1654.78200 1630.40797
69 138.00 2996.18453 1416.31185 2325.59172 1097.45589
70 140.00 669.91994 2316.43453 2199.68048 872.99748
71 142.00 1394.10343 1531.23598 1190.35547 1506.50181
72 144.00 1988.03547 2543.94552 2419.62017 1842.10793
73 146.00 497.53066 1542.41004 1338.66133 537.43555
74 148.00 2846.13549 1978.23992 2903.20668 2207.75943
75 150.00 1450.51025 1076.38662 656.45735 1462.92645
76 152.00 188.58348 1108.30556 128.42532 620.32222
77 154.00 2723.17828 1083.75409 1409.02269 1363.93035
78 156.00 139.31237 2941.76935 972.21333 2111.20876
79 158.00 1564.11871 2488.94147 2504.61680 789.94821
80 160.00 1633.05019 521.54945 1961.02594 1095.89033
81 162.00 1960.00964 2506.40720 1549.98869 1128.98634
82 164.00 2721.72728 1549.11535 1058.69402 2603.15827
83 166.00 1460.58469 1446.33027 1812.63294 1505.51095
84 168.00 416.90492 496.81747 231.26468 1930.43101
85 170.00 634.55131 560.71703 1086.66883 2151.90813
86 172.00 354.99067 691.03900 2433.51789 2160.76698
87 174.00 1444.54995 1436.44393 632.11185 483.73878
88 176.00 2500.09499 67.33811 129.43299 1720.45953
89 178.00 483.38742 1888.62127 117.57260 1716.80790
90 180.00 167.73601 774.77894 540.11262 2874.71501
91 182.00 1798.07257 1690.81411 55.86011 2158.64190
92 184.00 1985.23519 850.36388 257.24551 1347.61008
93 186.00 2978.32747 2601.90720 511.70035 2491.09072
94 188.00 1802.51614 2383.84821 2461.35954 545.65246
95 190.00 1978.94625 793.56210 2172.56039 1028.01382
96 192.00 1360.41044 1771.78797 689.44136 1156.38565
97 194.00 325.71034 607.04565 2578.77508 1513.07858
98 196.00 1259.38504 448.68358 288.89573 1427.60756
99 198.00 1844.24451 117.10969 2351.60470 1509.98762
