3
50.0
30.0
3000.0
4500.0
0.1323
100
0 0.00 2824.82096 462.58280 1976.19862 2161.89831
1 2.00 1815.41672 2527.59001 1690.85410 2475.70880
2 4.00 85.12046 136.38541 1924.36120 1730.31369
3 6.00 1953.38993 2300.87700 1249.76035 1916.97358
4 8.00 1494.11418 1881.49203 869.01497 2869.95051
5 10.00 1448.83445 2414.06446 2054.97252 892.30161
6 12.00 218.91908 179.73910 1318.81650 1452.75339
7 14.00 612.06904 1819.98079 937.74750 2155.08866
8 16.00 2202.59926 2582.33210 2926.12238 392.29845
9 18.00 1111.62059 1684.95365 957.34766 1399.41770
10 20.00 802.41502 743.75665 290.43496 870.63601
11 22.00 1152.44950 1846.13233 744.81084 2595.92251
12 24.00 479.09899 982.30746 1733.06111 938.14476
13 26.00 2289.36413 1494.79663 1544.17452 1496.27913
14 28.00 925.62145 69.52889 2835.69841 1516.33339
15 30.00 2900.05989 645.43327 1058.68527 151.62121
16 32.00 1484.68261 2647.01843 1962.78011 1411.76056
17 34.00 1610.07225 2541.51710 1292.78331 2647.36719
18 36.00 2182.52419 2291.57029 1097.81206 1201.74486
19 38.00 1710.84493 583.96591 1659.66878 220.59525
20 40.00 1512.76659 2293.21234 839.16203 2967.27210
21 42.00 2041.19592 356.43306 2925.24845 1181.71114
22 44.00 2384.69169 1017.25590 2816.84570 2264.89552
23 46.00 597.17364 1527.36755 1500.23371 135.91006
24 48.00 411.10912 999.12212 1421.23245 1370.96568
25 50.00 1818.78157 1546.51720 983.89754 1839.20436
26 52.00 487.50614 2971.84721 2217.95808 897.70303
27 54.00 1009.12036 2484.86816 1597.01949 2126.21942
28 56.00 899.37169 2447.24650 1105.07343 2021.41918
29 58.00 2939.69409 1751.10643 2390.26444 2175.97264
30 60.00 2064.13095 79.94146 1423.77064 2901.21209
31 62.00 2348.71197 2328.48608 1732.90319 2164.20034
32 64.00 1750.56983 511.53619 1887.07572 1859.20742
33 66.00 2523.50137 443.32712 2042.18069 94.71154
34 68.00 2844.61551 329.68656 56.81210 941.07745
35 70.00 454.29377 2071.50078 1231.13223 2324.91691
36 72.00 2761.56285 2618.45313 2207.51181 186.84386
37 74.00 414.24746 622.02511 975.14860 1986.68040
38 76.00 1576.43145 941.25780 519.54727 2736.37248
39 78.00 1026.98105 1062.86097 2315.96935 2162.77368
40 80.00 1929.92730 2079.93993 1830.22974 576.79251
41 82.00 739.55741 1674.25995 674.60111 2918.73188
42 84.00 892.84370 867.01241 621.83338 2114.96478
43 86.00 951.12224 1046.40952 2801.10112 2386.21607
44 88.00 820.37261 365.62232 2029.86674 1139.08256
45 90.00 2940.48161 2455.13238 2863.82659 2413.84750
46 92.00 871.35796 862.89102 2142.42386 1039.09054
47 94.00 1327.12834 769.33193 1437.23779 606.20402
48 96.00 1615.73377 2799.07180 2088.51390 411.81886
49 98.00 1847.03110 1760.49150 727.37412 2009.50189
50 100.00 1593.12447 1913.83372 157.47332 1239.90410
51 102.00 2152.07417 301.63471 2312.29817 15.54434
52 104.00 1651.05770 2787.29904 1220.72235 2805.09630
53 106.00 2635.19886 1432.34556 598.36792 2891.74212
54 108.00 963.50311 1937.69375 2723.81088 268.38216
55 110.00 1722.40006 1605.45683 2169.35303 2810.00814
56 112.00 2739.68918 525.19433 2646.73492 527.36612
57 114.00 2758.90444 2991.51541 1190.98372 1486.15169
58 116.00 2809.82623 2886.39414 2778.11909 2630.22950
59 118.00 27.80151 1703.88561 321.90207 2948.98167
60 120.00 853.68496 2967.29841 1629.90145 1481.73726
61 122.00 2815.68151 2553.17922 1404.06231 578.43419
62 124.00 337.94028 487.48279 1376.74341 771.79464
63 126.00 558.59721 2209.85369 2372.30299 1703.34367
64 128.00 2271.84825 526.48474 2568.43951 2691.12829
65 130.00 2480.96948 1545.84198 260.21331 2007.76756
66 132.00 554.34360 421.83563 970.80501 744.14125
67 134.00 782.35583 706.56376 2261.26996 2862.10447
68 136.00 905.83752 2168.64759 34.30720 1961.05010
69 138.00 2078.30577 186.37300 354.67454 920.41903
70 140.00 1216.24984 1507.56141 2685.35511 2110.67111
71 142.00 932.93385 352.24724 2748.39116 885.11280
72 144.00 1843.87634 657.38580 400.70635 459.55669
73 146.00 2243.20451 1817.21684 1247.53685 1647.70353
74 148.00 1412.48423 1612.55306 1992.28332 655.23487
75 150.00 742.39629 2264.21865 2619.40518 245.61092
76 152.00 1340.24393 2111.29838 234.30817 1692.50617
77 154.00 185.27414 1642.94775 1516.46117 1718.10502
78 156.00 449.55714 984.35291 1561.02462 348.72007
79 158.00 616.20446 1749.44304 272.82493 1531.12606
80 160.00 2426.07625 1360.29690 1539.74353 1370.39543
81 162.00 173.21034 1387.13492 2420.74606 2169.84024
82 164.00 1187.84613 2449.35968 2237.41345 1734.93380
83 166.00 135.86941 1033.58660 191.27974 2982.37098
84 168.00 2803.74840 207.05744 2801.32669 95.20461
85 170.00 1226.60081 2306.91619 2297.48305 2934.99985
86 172.00 1937.64245 1261.08582 2978.56980 1147.43886
87 174.00 2608.86086 2720.30193 1126.93660 2048.19106
88 176.00 1985.37761 1617.90079 1960.60230 1043.30966
89 178.00 535.42089 1611.77546 1586.52762 2183.57442
90 180.00 668.07065 10.41988 68.20598 895.08897
91 182.00 2020.49957 1633.33602 1595.80083 2470.08131
92 184.00 742.53612 1038.47920 826.94918 2812.23108
93 186.00 2175.07184 338.53392 2428.43455 1257.72180
94 188.00 2298.16040 2651.26987 46.93739 618.24487
95 190.00 302.69014 100.72883 1793.35469 2109.85880
96 192.00 146.02896 2221.62324 1206.79605 703.01784
97 194.00 651.80763 2591.19073 169.33211 1511.68755
98 196.00 867.79035 2447.35877 2194.55245 956.71109
99 198.00 1793.75302 2017.59570 961.99535 905.29331
