3
50.0
30.0
3000.0
4500.0
0.7626
100
0 0.00 1082.33530 2368.67960 88.66831 502.04979
1 2.00 41.28181 2807.83999 1577.32445 170.06135
2 4.00 1301.84631 9.07570 1815.02617 2816.87699
3 6.00 1394.57089 35.36171 2864.23084 2202.73544
4 8.00 365.29210 663.10523 72.05618 1331.10553
5 10.00 1875.82034 1269.59072 1948.87781 1547.02303
6 12.00 2344.11016 973.62572 2048.31533 1014.25320
7 14.00 2972.67529 1763.10296 1725.12111 290.89800
8 16.00 1005.77393 890.02800 2486.53516 1313.21432
9 18.00 2703.77078 1172.47962 1866.07368 2031.46381
10 20.00 383.80818 533.94419 1287.74565 1017.35012
11 22.00 1620.53016 374.51994 2301.51618 403.00036
12 24.00 925.39349 2902.93895 677.89609 1660.32708
13 26.00 2296.29890 971.85811 137.95479 2863.29100
14 28.00 777.75100 1204.09824 318.13660 2630.22526
15 30.00 782.37099 580.13648 887.68236 2609.45790
16 32.00 2574.94228 2712.75545 319.85755 2352.33483
17 34.00 2764.35638 2144.58581 2659.95679 1347.39744
18 36.00 2905.95623 1324.85936 2683.22016 1679.23262
19 38.00 2631.03892 1258.39561 1532.22910 2501.85679
20 40.00 2808.00242 2695.11426 2840.74088 1598.69531
21 42.00 1339.55592 1861.78261 2873.20831 258.12927
22 44.00 1185.87498 2433.13899 1310.26300 1923.31924
23 46.00 2935.01127 869.09073 274.94414 1342.79778
24 48.00 708.45021 1737.19113 1613.92519 2678.30272
25 50.00 649.87900 1418.12879 217.43781 480.32293
26 52.00 1724.97301 2636.44373 328.54399 2221.60549
27 54.00 1069.12234 2009.98419 1564.61108 441.65942
28 56.00 2681.55952 2946.52986 2959.69840 1315.61935
29 58.00 43.76988 1321.18761 878.17627 1447.41857
30 60.00 1767.54159 1166.93480 204.81658 1526.88255
31 62.00 1341.16927 1181.73674 1739.71497 2957.25085
32 64.00 2699.80519 2708.29968 418.68531 150.52266
33 66.00 2912.29055 2332.30258 2879.65677 2004.69095
34 68.00 2845.64821 477.10632 2858.48755 2891.69987
35 70.00 2328.94335 353.42945 1092.61761 2673.07758
36 72.00 2970.67463 2967.02211 462.89764 747.50427
37 74.00 80.59179 2341.28546 1373.50442 1517.84232
38 76.00 1728.32175 2363.01496 345.41674 702.38547
39 78.00 2116.91798 544.88608 2326.77936 1141.97235
40 80.00 20.72164 1618.95634 2171.93138 2.52042
41 82.00 2616.96060 2750.62011 2433.59291 638.57220
42 84.00 1960.09032 138.53321 2861.19314 92.47846
43 86.00 2705.62246 806.00330 2463.46096 2926.61197
44 88.00 2465.44307 1216.98695 1962.70779 375.02961
45 90.00 1546.74827 1301.04893 2808.63350 800.90278
46 92.00 2670.07552 1806.19057 2577.34625 2597.22858
47 94.00 2408.10338 2449.10125 82.83937 1495.00505
48 96.00 130.52850 131.92982 1496.15902 2815.92407
49 98.00 297.93948 833.98941 718.84016 2615.63854
50 100.00 94.16044 152.64516 833.33574 1773.75933
51 102.00 2188.71559 1981.42861 2975.49894 2675.21153
52 104.00 851.13520 1162.55789 1313.04869 1980.95261
53 106.00 1910.78916 2542.79946 1144.72978 1511.20189
54 108.00 2107.60272 1309.98888 2624.95899 2719.63603
55 110.00 2676.10535 2123.61866 2399.97219 2497.34735
56 112.00 2217.16002 764.90010 1123.96889 1504.77939
57 114.00 1287.24761 1570.56906 871.40992 1617.64166
58 116.00 1498.41708 201.20578 511.01977 1517.71354
59 118.00 2647.13605 1883.30197 752.07764 2177.37898
60 120.00 1813.08613 1501.70965 519.36287 621.71970
61 122.00 774.71684 1715.86032 246.47325 483.09966
62 124.00 614.86304 656.40829 2608.55675 2503.49385
63 126.00 1572.45862 2522.39567 2754.91827 368.01891
64 128.00 1689.56076 71.43123 1383.07792 2466.60248
65 130.00 634.86539 2909.51794 1985.45139 20.16286
66 132.00 2155.12386 2844.22583 775.70247 2341.69859
67 134.00 1259.72851 2770.98349 1448.93275 1090.13568
68 136.00 2482.88491 797.75571 2202.26457 1393.97813
69 138.00 2087.19001 1171.76333 890.10267 1253.06928
70 140.00 1767.28950 692.01975 253.55690 296.19170
71 142.00 2056.86660 2215.76387 1111.74934 1958.72384
72 144.00 1474.65051 2360.73113 2002.08588 1350.35861
73 146.00 2443.76639 2796.64015 2449.26474 2158.73005
74 148.00 1154.60064 2583.98317 1441.97380 1182.14670
75 150.00 1686.41633 377.16680 1500.40181 2212.17582
76 152.00 1026.06880 1922.28196 1758.34656 932.55332
77 154.00 2641.39139 2779.72064 211.82892 1091.27033
78 156.00 862.55438 1869.61521 1558.22252 1587.65922
79 158.00 1779.85392 1503.83774 2988.20436 1404.05900
80 160.00 897.25877 827.62186 499.83383 1293.37413
81 162.00 2060.81713 1662.03165 2077.02495 1242.46225
82 164.00 1821.97273 1784.73539 1608.62927 2350.90901
83 166.00 696.47861 1578.55959 2355.36624 826.88780
84 168.00 185.11041 2401.21907 419.07789 1244.65674
85 170.00 2880.27796 606.50775 112.26903 486.68130
86 172.00 2600.16196 770.82939 166.82914 266.88607
87 174.00 2088.89303 2999.47383 2462.28341 717.19614
88 176.00 2462.39211 2690.51327 325.48266 336.11492
89 178.00 2606.56628 788.53536 64.35671 1060.92523
90 180.00 1505.30243 970.14982 1569.21061 959.34770
91 182.00 400.28920 868.64900 460.43912 1178.08615
92 184.00 1030.80842 829.44033 1236.20444 1372.37723
93 186.00 758.85476 1364.46824 2861.09589 633.36278
94 188.00 218.57388 1359.20025 1715.61044 1638.62130
95 190.00 1950.50075 1368.82976 2776.28482 1970.19245
96 192.00 984.53552 2906.63804 2865.72112 2741.60212
97 194.00 1296.07853 2630.30394 1971.15026 610.00116
98 196.00 2522.91498 2136.14458 1725.50329 2131.77252
99 198.00 2233.64920 1312.08930 751.00809 1391.92581
