3
50.0
30.0
3000.0
4500.0
0.3667
100
0 0.00 1119.96638 2810.78420 1569.36308 2458.08270
1 2.00 657.21427 1053.40307 1223.99534 2254.69655
2 4.00 319.27988 1921.40804 1360.96227 2503.04784
3 6.00 2685.70306 564.99340 1.78836 2380.78199
4 8.00 1513.53326 323.40260 433.06665 216.62002
5 10.00 2850.33181 725.50005 1218.35961 2475.69587
6 12.00 1625.90065 289.76168 2443.48305 70.51684
7 14.00 93.29233 363.22660 557.14235 2328.20355
8 16.00 214.00845 760.30170 2853.03797 1265.75258
9 18.00 1072.54287 1209.00243 2093.45554 900.64643
10 20.00 1163.24194 625.34521 1285.57164 1769.07239
11 22.00 1435.31845 1844.40953 125.62465 1474.00041
12 24.00 94.55412 958.89554 93.12096 2101.89451
13 26.00 2583.52462 1151.26582 1617.05191 294.02045
14 28.00 2065.77343 1860.69517 1053.16476 2914.08705
15 30.00 1470.92539 81.98439 116.01473 1462.34520
16 32.00 2717.62625 1424.61536 1631.20486 248.89405
17 34.00 2172.83591 2146.82547 2766.93267 1364.05859
18 36.00 2247.15666 724.13592 2952.00074 103.02645
19 38.00 929.44073 2331.49131 2563.92658 649.66606
20 40.00 1231.82128 30.88185 385.15246 2588.15006
21 42.00 2342.50472 2806.61455 1333.28992 1506.21783
22 44.00 1389.53993 2091.39315 1164.53433 2774.94142
23 46.00 1961.10695 146.14463 1756.98319 2094.64968
24 48.00 1473.29700 2706.78523 880.16843 488.23855
25 50.00 870.85997 994.24681 329.02371 464.38857
26 52.00 2512.12330 597.36924 1458.74236 17.07750
27 54.00 2327.22034 2420.40797 2716.22989 2317.38801
28 56.00 131.62403 548.03340 1020.21123 2049.09941
29 58.00 2536.61526 686.19757 1333.99924 2102.34008
30 60.00 2734.96559 304.61316 417.61592 2221.06918
31 62.00 2840.01729 1688.31226 1314.29188 1100.02693
32 64.00 2096.76360 61.61282 1575.52566 2081.43627
33 66.00 1904.49600 318.98433 1420.97401 836.70662
34 68.00 1671.84468 1266.76570 195.52602 788.32673
35 70.00 2845.98610 1072.92776 1203.98092 2757.82335
36 72.00 2719.84872 2626.59893 363.03263 485.98597
37 74.00 1711.26187 1993.92285 1338.30635 2989.56132
38 76.00 1119.95060 789.02005 200.45666 2369.99449
39 78.00 556.53056 1239.76730 1678.99975 696.74488
40 80.00 442.16169 399.64447 2104.42171 33.58086
41 82.00 179.98196 2364.26128 338.25775 1997.73358
42 84.00 1756.71855 26.57247 2641.15393 411.18538
43 86.00 2762.19497 2581.75706 2403.67587 566.00104
44 88.00 1424.27866 1436.20306 297.14104 1163.57261
45 90.00 1900.18969 1624.20849 2411.60987 438.33718
46 92.00 380.86675 1529.60368 2583.55642 203.98205
47 94.00 1540.15376 2962.08514 1698.47223 741.20346
48 96.00 2260.24124 2519.31284 1085.16754 676.02615
49 98.00 787.40536 179.01905 1295.61310 2612.00618
50 100.00 2341.89600 82.99571 2014.96794 2792.33994
51 102.00 1172.32868 1819.30954 2600.80628 2245.82552
52 104.00 381.97905 1844.68733 2371.40278 2666.23242
53 106.00 1938.12288 2266.29050 471.85538 1796.93655
54 108.00 862.88304 2319.29751 1298.22458 92.74204
55 110.00 199.00193 254.52799 2674.95140 436.69136
56 112.00 1924.20036 1108.56338 1179.80203 1393.52128
57 114.00 2420.43415 2751.33230 910.49067 1605.87286
58 116.00 981.26330 924.42559 2845.48783 1534.31988
59 118.00 1158.28156 2613.47716 2065.35507 2085.74869
60 120.00 2770.36200 1815.61445 1983.02648 1721.96433
61 122.00 1407.98430 272.96308 1469.02661 1027.23007
62 124.00 1550.99274 1894.09762 754.77882 804.63488
63 126.00 813.75360 866.84088 1540.55373 939.15490
64 128.00 2717.43246 2721.65289 1698.04477 1045.53965
65 130.00 919.04290 2477.20564 1553.01528 1234.61773
66 132.00 791.73045 1271.54434 1977.33339 2304.94216
67 134.00 2671.65119 417.83302 2309.72709 885.04590
68 136.00 2061.31014 1084.46082 1628.32775 963.42747
69 138.00 2394.09192 1745.24708 520.24683 2173.77810
70 140.00 2628.43701 1915.78608 617.20148 2369.83508
71 142.00 2491.16779 549.23350 1942.43200 1490.86706
72 144.00 736.90144 1453.02995 812.22148 1704.56816
73 146.00 1612.22585 439.01975 1817.95127 757.60708
74 148.00 2899.54111 2439.34358 2951.60270 9.80122
75 150.00 566.78427 2802.36599 2783.41713 1364.28170
76 152.00 2972.56126 1750.75082 831.27499 1702.36092
77 154.00 597.57005 152.97912 1283.12189 2945.08998
78 156.00 1785.81532 1429.10446 1160.65407 358.33432
79 158.00 543.31418 1084.00480 2403.89936 163.50643
80 160.00 2541.52414 832.06807 1645.47210 805.24287
81 162.00 2351.61191 2777.24343 2060.17281 614.67822
82 164.00 2673.93462 1699.70202 29.56829 1012.81768
83 166.00 1873.08007 831.52141 1289.40793 691.46500
84 168.00 1854.93570 1711.85130 800.20733 1657.84738
85 170.00 2522.30399 455.10869 1661.13075 950.15338
86 172.00 659.61691 2417.13092 2475.35811 609.42363
87 174.00 1848.88990 2863.41995 273.53325 2221.36833
88 176.00 2936.01749 809.18748 1458.77123 287.05098
89 178.00 2536.14681 662.92046 1378.51984 496.92768
90 180.00 520.62933 661.02485 322.16073 716.31223
91 182.00 925.48271 1738.91271 1799.14900 1160.10988
92 184.00 640.16343 301.09984 245.99141 2137.27504
93 186.00 1327.58267 2217.49317 1153.42656 1845.15877
94 188.00 1140.48790 1623.79386 815.16991 2645.41891
95 190.00 1474.55948 2368.76327 1571.80614 966.24005
96 192.00 1497.09645 1846.91350 2514.65686 1819.66181
97 194.00 1118.88316 2110.36916 1802.86064 2096.78654
98 196.00 1132.99281 2364.20985 621.39273 942.63534
99 198.00 1215.30685 746.29698 872.03644 692.68643
