3
50.0
30.0
3000.0
4500.0
0.6899
100
0 0.00 2569.30472 2621.87035 2334.55798 2819.72991
1 2.00 905.20673 845.52498 2096.55263 2559.56200
2 4.00 521.19066 2116.84182 1911.29943 2668.64197
3 6.00 735.67028 2140.89903 2321.60519 2361.52643
4 8.00 2660.99564 2675.81279 605.97961 639.80233
5 10.00 506.94595 1604.62553 1415.61587 1077.60013
6 12.00 1216.15024 1475.82810 2980.63931 374.08308
7 14.00 624.35603 2754.91193 1243.66801 977.13443
8 16.00 821.75657 1369.03408 2132.92597 287.56892
9 18.00 248.36282 1552.95761 389.68395 2186.27958
10 20.00 2953.79522 2507.37551 2595.91399 2880.40174
11 22.00 2879.35768 2025.40733 1565.22175 1783.55266
12 24.00 218.95297 2164.59866 6.08719 2183.16404
13 26.00 362.46367 2966.53650 357.78080 902.09030
14 28.00 1203.98626 763.73580 2137.69197 245.17766
15 30.00 309.21333 1747.57075 1514.51192 181.05192
16 32.00 1729.68709 1089.72258 910.29358 2194.36342
17 34.00 905.92096 2754.93802 638.65710 2195.00760
18 36.00 2308.85343 1548.54087 1639.86028 1954.60429
19 38.00 1009.44572 2131.34487 723.52627 2999.96658
20 40.00 2007.31611 2911.46491 1678.70358 2516.34709
21 42.00 2184.02703 1375.47357 169.51830 1680.95245
22 44.00 2662.06831 1897.56905 1021.91084 517.74561
23 46.00 2794.26442 470.47238 2252.89302 2181.22136
24 48.00 1664.78153 92.38273 2906.73662 2264.85506
25 50.00 1218.53680 1715.25375 1756.66780 1843.51416
26 52.00 1997.53266 1235.80422 58.58609 1623.42783
27 54.00 1081.75733 2156.77338 609.80531 2978.25245
28 56.00 2486.83424 1939.76167 1083.02132 189.53194
29 58.00 922.31658 2273.94193 2005.90942 400.79161
30 60.00 325.25206 2151.83754 2487.32570 566.73574
31 62.00 2979.07251 1417.15966 2495.89984 2247.78969
32 64.00 2528.34226 63.52493 139.92945 737.90202
33 66.00 1560.56137 182.31222 1894.54095 2255.44275
34 68.00 1250.74477 2140.78286 2291.14051 2254.38038
35 70.00 2817.66139 674.38869 109.75337 2401.64537
36 72.00 2383.42559 2118.90339 1711.91704 2667.90589
37 74.00 1544.54893 818.88727 813.95972 463.65167
38 76.00 2085.73315 1305.58210 2167.60905 1622.47484
39 78.00 2595.69558 2801.60911 528.00723 1229.53754
40 80.00 177.79554 1424.31584 859.19118 2590.44596
41 82.00 2436.22229 1184.90276 1324.92534 1281.21151
42 84.00 1185.50168 2030.94520 269.43676 1794.24824
43 86.00 480.47907 308.88861 2993.80697 814.33881
44 88.00 1429.88711 1050.07493 2577.31363 2419.39594
45 90.00 581.49295 1001.53295 397.13068 447.49636
46 92.00 557.70784 2924.90575 1191.60575 2975.08621
47 94.00 677.30427 650.11993 2535.47000 1166.82006
48 96.00 2856.10577 767.06742 515.49149 2779.21540
49 98.00 2857.34033 668.04169 30.32730 2731.56145
50 100.00 2276.80955 2997.28411 1384.33945 2325.82622
51 102.00 773.73126 2281.79357 2197.32234 681.30088
52 104.00 259.62412 1544.82135 439.91347 445.45659
53 106.00 1394.95292 2233.89493 1104.28794 375.43314
54 108.00 2124.27062 600.31701 2280.16899 1724.26765
55 110.00 2950.33327 185.54632 2395.66039 2521.68707
56 112.00 2639.22266 1198.32133 2772.44874 1224.58391
57 114.00 2792.11077 582.36762 1477.70082 691.64448
58 116.00 2978.72823 388.55542 1598.37064 1064.85720
59 118.00 1200.74051 2319.99171 2312.33437 692.63348
60 120.00 419.43855 2359.56942 2564.58442 657.34838
61 122.00 2022.50822 558.71561 2252.74561 623.69295
62 124.00 106.03515 2429.73928 2152.38224 2473.65640
63 126.00 2200.04725 2143.14262 159.61994 1629.65485
64 128.00 1752.20213 427.72478 622.84893 2806.81693
65 130.00 102.08803 2229.19078 33.42165 592.54104
66 132.00 699.66470 2284.98985 2048.39943 1896.76721
67 134.00 1612.21846 2432.09339 631.62635 842.79228
68 136.00 1195.87102 2298.13072 247.46854 1080.14210
69 138.00 1460.59723 1642.27556 2765.76159 808.14661
70 140.00 657.36156 303.08295 1571.29439 2132.59224
71 142.00 1878.89842 2258.22320 2061.24982 341.01542
72 144.00 2848.43267 1714.10051 1156.92717 49.68756
73 146.00 2931.73044 1883.50078 887.37719 2532.45176
74 148.00 1069.62670 907.35521 2495.99629 432.23836
75 150.00 1102.94727 1997.06339 1618.13809 667.37360
76 152.00 1862.17217 472.02588 868.09697 969.62650
77 154.00 2139.86539 1887.71695 1350.90662 1943.07889
78 156.00 2972.43326 1807.60437 1567.18423 1087.97862
79 158.00 612.53465 2177.48313 398.35950 2976.13432
80 160.00 640.15408 2408.36664 114.04843 1809.69077
81 162.00 1840.82743 1821.56641 2741.11591 2030.81557
82 164.00 1553.64483 653.07855 633.68067 2080.15726
83 166.00 68.57177 494.94256 1781.58871 1122.39278
84 168.00 1744.96241 2022.57797 2891.85598 2393.60344
85 170.00 2338.13223 2042.80601 2182.45268 383.30033
86 172.00 35.05000 1307.73567 2630.85282 2209.32340
87 174.00 1572.02432 1913.68943 2302.23942 1209.81727
88 176.00 1373.22794 2971.40098 1482.63689 1413.09375
89 178.00 2612.49754 2486.51454 1731.01816 1595.67686
90 180.00 739.83937 1678.54168 1075.12465 1846.91343
91 182.00 2671.73257 2.90902 1583.21145 555.59549
92 184.00 439.90912 1409.10828 506.68898 309.49011
93 186.00 1057.40899 2278.11745 726.04034 2031.01383
94 188.00 884.86916 1718.28292 2957.36326 683.55640
95 190.00 1811.15230 1845.26017 2750.86151 867.09112
96 192.00 603.18783 1688.64661 961.15527 2232.29671
97 194.00 1244.27442 1306.43928 1987.56754 1104.00354
98 196.00 223.45925 174.62342 1471.80091 93.93413
99 198.00 448.85107 2556.51731 47.10054 439.41407
