3
50.0
30.0
3000.0
4500.0
0.4798
100
0 0.00 195.91322 931.17491 629.70044 1188.16133
1 2.00 1762.98231 1726.77528 2665.97643 1887.31496
2 4.00 1290.03487 2915.00636 1024.36515 1828.77415
3 6.00 1725.34670 2370.88984 2068.48119 336.49660
4 8.00 1596.79794 1662.31076 1439.07168 1732.31833
5 10.00 1593.87515 701.85763 2793.37115 2126.61073
6 12.00 491.17749 2112.81523 1620.90774 1228.79625
7 14.00 1566.20166 2713.80632 510.60356 884.42714
8 16.00 830.80606 2813.64903 2329.43696 892.62241
9 18.00 2253.24773 2702.83202 2009.97583 2172.59144
10 20.00 1748.51678 1314.12127 1683.12002 2630.52514
11 22.00 2471.65565 2669.49882 985.78025 2129.93627
12 24.00 1045.58844 1559.69786 2836.34358 2225.69177
13 26.00 2527.76106 154.02639 430.37767 1323.32215
14 28.00 1751.42096 2193.38423 1827.60813 2691.58208
15 30.00 2537.18505 2515.77493 2460.00506 897.71919
16 32.00 1621.34372 1917.89325 2721.91174 1355.55964
17 34.00 245.84787 43.16613 984.49860 1741.79849
18 36.00 897.74611 2896.45876 2776.32161 2432.65555
19 38.00 2369.72269 2384.41510 618.33205 1489.01923
20 40.00 2621.54590 1569.21686 1173.65583 1570.11020
21 42.00 249.00053 2178.35836 1914.58596 629.76014
22 44.00 1508.33247 2255.95650 2546.76384 342.23082
23 46.00 245.74809 737.28507 2958.21449 1475.05232
24 48.00 1616.31176 825.30673 2749.30678 1729.31322
25 50.00 2662.52390 67.99176 2384.78046 1970.07351
26 52.00 2599.39901 2531.13012 1718.57595 2537.76947
27 54.00 2500.18354 1335.88467 1731.27658 1111.21958
28 56.00 443.42088 2584.32918 2773.83501 1755.60335
29 58.00 663.03348 2367.95592 268.29081 2487.17674
30 60.00 939.24292 1513.77769 2252.57394 2263.63250
31 62.00 1394.03835 2247.00677 2306.40661 2006.80787
32 64.00 585.47661 2020.00365 59.92557 2233.23962
33 66.00 365.58161 723.39335 1753.47908 31.30570
34 68.00 2875.57784 1597.91478 2558.49384 2954.27662
35 70.00 922.12131 1938.95492 945.44735 363.78775
36 72.00 2170.52084 126.78761 177.21243 1593.35637
37 74.00 2479.05534 2392.80329 2566.75578 2151.53658
38 76.00 128.14949 983.22082 2637.95883 898.01058
39 78.00 2143.90094 619.75223 209.03639 1029.75308
40 80.00 2091.47999 2361.05339 1488.56805 1137.34395
41 82.00 1206.17096 2745.03783 236.59768 2070.62136
42 84.00 1528.97100 1798.75156 1705.04981 626.95738
43 86.00 725.98347 1856.04586 2112.94352 1879.89399
44 88.00 1633.65801 2926.28322 2929.71657 2524.66247
45 90.00 1290.60542 1100.15415 2866.87913 1351.08829
46 92.00 738.93077 1951.98457 2582.32253 2461.23407
47 94.00 718.22636 1462.03024 557.81218 1040.15207
48 96.00 2631.66223 303.78597 870.53195 1178.66215
49 98.00 2036.52801 127.76201 402.07178 1524.17430
50 100.00 719.95259 1458.47715 1370.80720 2565.78094
51 102.00 1634.10682 1265.47263 2297.12797 1134.63095
52 104.00 14.05796 2742.33778 884.95580 1563.72003
53 106.00 1133.13297 764.66226 206.06401 2114.38614
54 108.00 1236.62599 104.88577 314.52932 2997.52794
55 110.00 1385.48157 2846.36907 1903.81799 614.21313
56 112.00 1606.23964 2454.40584 2757.13834 1228.78423
57 114.00 796.80294 2925.93870 2890.00368 112.42024
58 116.00 2007.83646 1640.58881 406.10675 2940.38764
59 118.00 24.81768 428.12977 1259.09528 1266.66203
60 120.00 2800.88078 1527.33039 307.34578 1901.28002
61 122.00 2029.29663 1359.86292 1586.60564 1737.03484
62 124.00 1775.93302 2382.74079 2779.69502 1726.03341
63 126.00 1725.39811 134.71081 1485.89132 780.38319
64 128.00 2268.51439 2752.32819 2580.80119 1880.08853
65 130.00 2076.16623 10.78135 521.10120 1516.96894
66 132.00 2290.59411 834.65885 1840.99827 1363.03424
67 134.00 808.86727 959.70316 2882.74898 335.65749
68 136.00 2120.73559 2493.47446 2300.75771 1612.91272
69 138.00 2678.26996 407.35434 1472.87994 1360.53826
70 140.00 2664.79795 63.81895 2903.50568 2418.13230
71 142.00 2879.56661 2955.35792 2366.50855 2272.67688
72 144.00 2517.43117 2462.28279 2326.97899 2296.99983
73 146.00 105.34437 915.20063 624.79376 1511.63039
74 148.00 1568.15236 195.01730 1480.25300 1645.13014
75 150.00 1329.56240 2242.23868 2885.40174 667.33409
76 152.00 702.10927 1214.10894 2282.94281 1348.52137
77 154.00 2488.20028 282.87927 2152.38038 1815.12856
78 156.00 1868.06597 338.15125 2854.54173 579.00416
79 158.00 2477.71397 2620.04297 2907.97388 558.86913
80 160.00 383.14887 399.72079 793.52212 500.57624
81 162.00 118.55768 785.89822 1965.62634 511.15706
82 164.00 2609.67216 2683.31603 1833.63931 2172.48353
83 166.00 1068.29845 1385.47587 21.96842 2273.88575
84 168.00 198.85426 169.79131 2070.42384 2068.40114
85 170.00 2516.59697 816.33418 1695.07845 478.68310
86 172.00 1113.69424 2342.34933 2520.56608 1929.73964
87 174.00 178.49170 1448.16356 1848.37691 296.37205
88 176.00 1902.87535 433.32857 2251.95856 1631.95842
89 178.00 1396.84828 1762.14513 2206.13613 1424.00833
90 180.00 2233.22641 2948.89074 2596.65046 1723.00877
91 182.00 614.05830 532.36821 234.38586 1488.02675
92 184.00 895.64193 432.45922 868.83782 795.04419
93 186.00 2670.22170 1937.05853 641.95477 1257.64805
94 188.00 323.64689 2485.31166 154.85309 577.25672
95 190.00 1147.71573 1294.86347 2062.62681 645.33670
96 192.00 1424.67342 447.92787 1198.06888 2083.37571
97 194.00 509.50565 2802.75035 454.33929 105.44374
98 196.00 1783.67046 2338.29838 709.33709 2679.78753
99 198.00 1242.31374 406.62586 1713.72372 589.78163
