3
50.0
30.0
3000.0
4500.0
0.3263
100
0 0.00 477.35255 2332.57404 2203.38213 1203.34953
1 2.00 1225.54856 2253.84276 1254.53999 1797.74561
2 4.00 958.21049 1089.52404 316.91633 2654.27360
3 6.00 2880.71820 2285.25940 953.32529 1606.88115
4 8.00 1176.52010 2577.16976 1484.49964 1391.74183
5 10.00 2478.41531 1348.36778 2771.73167 532.87988
6 12.00 865.22343 1597.99712 1002.16454 1392.06446
7 14.00 516.81200 2721.84266 1150.06027 1959.31272
8 16.00 2922.74217 1230.88141 1909.25063 1856.62790
9 18.00 415.71613 1859.76088 2996.72965 1798.70451
10 20.00 2196.44398 2836.46706 975.06093 749.82226
11 22.00 1707.91844 1415.74063 272.89932 1110.88774
12 24.00 2228.89612 2650.53744 1962.34813 1656.17208
13 26.00 2590.31482 2550.92704 484.13782 1107.19296
14 28.00 2623.95059 525.63298 2811.42266 2764.15705
15 30.00 968.17261 878.94575 2683.33697 621.02181
16 32.00 1383.53876 735.14091 1809.74696 2969.13998
17 34.00 2390.26067 2918.41586 1500.64482 333.47189
18 36.00 1812.02039 993.77770 2760.46745 477.79976
19 38.00 1386.63670 2887.42208 20.64994 96.96770
20 40.00 2030.61713 2601.18814 2986.60365 2586.50691
21 42.00 211.09684 1251.26883 780.08774 2147.92973
22 44.00 362.94592 2329.78959 1941.26802 1602.51244
23 46.00 71.16038 1442.42269 2178.09525 878.88921
24 48.00 1195.19021 2466.94727 2306.28455 1090.11980
25 50.00 2149.87387 1534.67910 1948.88941 1285.76561
26 52.00 372.17054 437.95122 787.49730 2475.68577
27 54.00 2260.73357 335.35120 506.86040 1238.67916
28 56.00 1019.50387 2738.92377 2386.65930 630.25495
29 58.00 291.37711 1926.10671 222.20867 2697.58593
30 60.00 1474.73079 734.18533 779.99866 885.87621
31 62.00 1334.01620 2362.12185 2098.68502 1704.69357
32 64.00 1783.28439 2283.96821 444.07192 865.29129
33 66.00 663.06462 1112.55336 1088.17271 873.65489
34 68.00 2834.37573 474.90734 1901.68374 1425.85453
35 70.00 1319.58706 884.63885 2231.19950 2085.24755
36 72.00 439.57842 876.99864 1152.68002 1910.28699
37 74.00 84.01411 634.98613 908.86970 1752.70432
38 76.00 778.26352 2163.41810 2236.37172 2988.35256
39 78.00 1217.53390 1855.37997 511.23038 1032.64063
40 80.00 467.63057 2557.83142 942.88870 1123.08775
41 82.00 2596.22606 1455.73735 507.36263 1575.71061
42 84.00 526.16207 2691.40082 42.69779 2840.84476
43 86.00 1027.10099 927.92485 672.92997 834.94665
44 88.00 2334.04308 2367.82274 1949.98999 1069.50439
45 90.00 1377.96514 2738.10752 2718.90608 2519.93141
46 92.00 2537.23780 2349.26231 1572.35500 685.11396
47 94.00 607.58995 1992.73226 1195.47367 296.52006
48 96.00 988.54524 201.59318 1659.85344 1604.26162
49 98.00 2223.77366 2617.84684 2911.31166 167.92440
50 100.00 1700.10648 743.91584 768.21622 2218.30734
51 102.00 2069.09712 1952.42165 735.26115 2068.91235
52 104.00 1368.19815 120.69838 1827.41313 1655.92696
53 106.00 274.07759 570.04250 2492.07714 191.00681
54 108.00 2709.40076 1567.67310 182.59534 682.75875
55 110.00 1757.03217 1743.81131 1392.81388 1610.80093
56 112.00 2344.23776 956.57502 1901.71711 589.27749
57 114.00 349.21918 250.15863 592.18873 1627.10650
58 116.00 644.98183 1461.69200 1707.98781 1745.14064
59 118.00 2583.41731 334.57171 2659.55245 2332.18759
60 120.00 584.39629 2417.29759 1843.23985 1368.76331
61 122.00 1.48537 2263.68075 1804.06244 1477.81542
62 124.00 529.59563 1521.87895 1542.60071 2854.30709
63 126.00 898.91180 2601.78290 747.06601 825.86505
64 128.00 1683.79295 926.41205 1320.13140 2931.68699
65 130.00 2837.09106 1462.74132 957.62264 2923.06317
66 132.00 1411.51899 489.39262 196.67842 1296.04475
67 134.00 913.92294 2775.88601 1329.59500 1913.64893
68 136.00 1615.77028 547.96701 2336.37538 2288.55794
69 138.00 639.64935 1505.33901 960.04758 1591.19856
70 140.00 308.75135 900.18426 1828.58006 1713.02528
71 142.00 463.79295 469.16318 2299.19215 2357.43338
72 144.00 2557.07185 1830.36969 471.39797 2870.12095
73 146.00 2943.46322 1960.47189 2366.24590 2339.26474
74 148.00 808.14956 2798.53064 1415.94502 2568.71261
75 150.00 910.85436 434.95958 1001.16649 1061.80071
76 152.00 2235.64181 1349.12363 1275.89374 1180.62662
77 154.00 1251.37091 2286.66823 1212.24332 2906.03986
78 156.00 1060.83588 2416.11227 2924.95728 2301.14580
79 158.00 58.43887 2113.01673 625.82713 2150.01809
80 160.00 884.39067 1120.42556 965.53739 2372.75991
81 162.00 977.05540 1679.91679 598.35644 644.93956
82 164.00 1508.83027 2569.21033 320.50373 729.41345
83 166.00 976.44911 1439.04810 2163.79194 1409.61528
84 168.00 2913.39952 137.99985 1978.25471 2063.40290
85 170.00 2726.66204 1461.12405 840.42784 1820.11453
86 172.00 1125.05689 304.31975 1918.88600 828.13866
87 174.00 1108.34649 2770.81828 333.09237 402.85420
88 176.00 2249.47862 973.63655 2325.72872 1241.33214
89 178.00 455.31776 451.25872 896.56689 599.98292
90 180.00 264.01548 735.68001 1718.19950 2288.36148
91 182.00 782.15740 1593.08244 874.25815 65.55543
92 184.00 2316.30215 204.01172 2357.70213 2134.20807
93 186.00 941.88371 2560.29999 2715.31049 1337.52112
94 188.00 2653.75565 552.42009 1404.97920 1382.41107
95 190.00 999.03629 2033.00641 2112.18093 766.07333
96 192.00 2242.95084 69.41492 357.57131 1232.33685
97 194.00 1188.92394 1459.07259 144.09325 1585.19215
98 196.00 2738.94661 1536.78501 48.60381 1311.62075
99 198.00 96.25205 1512.63468 2394.83473 2370.41251
