3
50.0
30.0
3000.0
4500.0
0.1646
100
0 0.00 1942.13968 2033.08574 807.25074 1228.52159
1 2.00 60.15707 2340.91099 2302.71819 26.69396
2 4.00 2734.54631 1942.11466 1803.42585 25.39118
3 6.00 757.17132 2415.25671 916.37910 2901.07333
4 8.00 1928.22093 1271.42040 1129.42636 1046.12760
5 10.00 755.99613 1400.09405 2031.58847 2472.93246
6 12.00 1191.45762 306.93631 1534.54115 1987.06636
7 14.00 2529.85185 1122.68929 1942.02636 1827.15031
8 16.00 895.42778 324.31359 191.51116 2965.08290
9 18.00 1921.78424 2584.47480 783.44072 2133.28133
10 20.00 2677.12139 896.37334 449.78789 2296.42316
11 22.00 2699.06113 2416.28947 2407.09123 1800.09990
12 24.00 1981.59097 2042.26725 2163.84959 1966.20171
13 26.00 2992.40730 778.27882 1255.69706 1164.82476
14 28.00 105.95701 2124.20688 1716.12730 569.74548
15 30.00 2179.64963 667.08958 1603.90530 2354.69117
16 32.00 2719.57952 2015.60543 1521.94457 2536.25773
17 34.00 2521.91608 2629.48435 543.40757 292.80919
18 36.00 383.83242 775.95555 2425.03161 2288.75465
19 38.00 549.20507 2039.13711 1006.89739 267.89947
20 40.00 1065.85019 2232.62979 921.25581 2364.27131
21 42.00 993.95141 781.67771 882.15336 2553.64166
22 44.00 1411.60970 2599.18011 1750.72386 2832.90295
23 46.00 213.64721 2668.27818 1501.43212 2602.49326
24 48.00 1145.00766 895.06726 162.18591 2562.71931
25 50.00 412.09578 600.88977 1227.57554 1708.21076
26 52.00 2719.86280 1372.71430 949.15037 2147.00537
27 54.00 2336.82353 1462.74254 1893.09832 530.47280
28 56.00 1903.49691 14.14050 820.58359 2283.57984
29 58.00 505.81727 2293.45121 1468.73127 2290.70750
30 60.00 264.12403 1843.43922 1900.46262 1210.18044
31 62.00 2895.98352 1149.94926 113.17596 598.24275
32 64.00 1119.30422 42.23136 966.63940 2499.68600
33 66.00 571.73013 2030.24443 1880.06079 746.46937
34 68.00 2080.57424 1033.04932 386.79240 1150.65143
35 70.00 1766.01206 501.06056 2471.53149 894.60676
36 72.00 872.48338 2183.49573 1789.10976 1013.50545
37 74.00 2663.92213 2986.41723 1028.19852 2704.15133
38 76.00 1077.75266 565.27810 2844.25306 2754.61623
39 78.00 1210.17493 685.25485 2181.50648 393.61733
40 80.00 2202.22986 1769.07850 506.95423 1099.77435
41 82.00 1951.62114 112.09028 2629.63241 767.36752
42 84.00 1604.20030 145.76088 2984.04070 1985.90975
43 86.00 1960.70286 59.22530 2069.24925 1250.32670
44 88.00 1140.76129 1641.84715 1423.18901 459.38129
45 90.00 2085.57609 1890.93402 903.34936 1984.99373
46 92.00 1987.44890 809.93145 1816.90301 411.49057
47 94.00 2491.95816 314.74271 2156.29867 353.20371
48 96.00 342.03766 318.79112 595.93999 599.24816
49 98.00 788.98175 1569.43832 605.01957 2110.31025
50 100.00 886.05360 118.21712 1489.06414 623.08195
51 102.00 2799.37303 991.81085 8.21400 2014.89940
52 104.00 2720.64013 2505.69650 2007.06579 447.43348
53 106.00 270.24802 1535.11604 2170.69085 303.87144
54 108.00 767.67631 693.48086 2965.99779 888.06654
55 110.00 1392.83207 299.42675 524.10543 118.33356
56 112.00 871.70153 2404.78831 938.12132 2215.62059
57 114.00 284.99541 2274.61201 137.66726 2555.99618
58 116.00 1990.06508 511.53683 1072.58221 1313.14355
59 118.00 1865.42110 2635.42661 278.85395 2444.89287
60 120.00 548.60826 1202.33254 2886.92979 815.49927
61 122.00 1157.14647 2552.01473 2399.69729 1946.53945
62 124.00 2390.72867 339.16967 2088.50962 175.93919
63 126.00 2827.40096 478.18619 1248.08315 1772.25091
64 128.00 2406.79435 2035.17941 543.78168 1139.25234
65 130.00 1075.79674 86.44869 2053.39240 2515.60943
66 132.00 2920.33374 391.96599 2761.19396 338.81244
67 134.00 1233.85279 137.91698 784.83860 942.71383
68 136.00 2113.70453 2033.78676 2302.58615 1729.94702
69 138.00 1695.03668 2933.68667 2009.53307 1014.90193
70 140.00 1569.30953 2101.74055 285.72642 1985.13979
71 142.00 745.73098 1037.24846 2028.88671 1154.62985
72 144.00 2517.09906 1675.03271 2963.37487 163.69835
73 146.00 1930.19615 470.78212 2546.53672 2555.61345
74 148.00 2608.24690 224.59573 1474.94388 722.67545
75 150.00 2910.43515 151.05214 668.11957 1929.95194
76 152.00 1209.83098 705.00000 1377.28378 2403.78386
77 154.00 1344.29576 2569.76767 1341.20436 356.12056
78 156.00 1492.12004 1960.11901 307.92996 1237.01564
79 158.00 1671.39303 0.50915 272.68664 1812.60983
80 160.00 1857.19846 913.79387 1525.01322 620.55375
81 162.00 2014.42311 2851.06539 1090.02743 162.82564
82 164.00 668.75434 1363.37995 1680.45254 1859.27391
83 166.00 1419.40104 1971.50162 2147.74050 342.07008
84 168.00 2277.95985 665.24132 1024.07134 2489.65166
85 170.00 2893.30105 875.95069 1565.95526 2106.28816
86 172.00 137.33433 492.46610 421.34756 2150.56834
87 174.00 2164.67729 320.88452 1832.55530 562.63020
88 176.00 2790.64878 1178.68947 1371.13802 2344.26121
89 178.00 2150.36374 323.29724 1243.41104 2779.87959
90 180.00 2512.39871 1766.43332 2316.43552 1351.51379
91 182.00 1975.37009 2868.57096 403.90804 1496.48593
92 184.00 1591.09304 145.71482 2805.92484 2516.44833
93 186.00 1448.79589 1524.99870 2763.48694 531.60732
94 188.00 1735.66316 2191.48399 385.14535 1162.21674
95 190.00 1801.63807 2648.08759 1512.33036 1153.98792
96 192.00 2938.50228 2747.73073 2287.12397 820.78764
97 194.00 2890.78061 2911.47495 1358.53712 400.11549
98 196.00 1238.23642 2100.04285 2245.28060 896.73940
99 198.00 2104.48293 2582.12264 2135.62307 2806.53623
