3
50.0
30.0
3000.0
4500.0
0.7384
100
0 0.00 2255.17772 532.33126 433.78597 108.28958
1 2.00 240.76122 600.44076 2091.08485 2676.17633
2 4.00 1277.35726 1733.78966 446.11154 2429.56780
3 6.00 335.80778 267.14012 1260.68609 1755.80439
4 8.00 567.44725 1108.68276 2034.73147 638.66257
5 10.00 228.90531 2293.96640 1435.17053 650.24865
6 12.00 962.81019 1179.94459 397.81405 2393.52712
7 14.00 2171.09388 1432.32392 696.42840 988.27211
8 16.00 994.44846 1270.57707 514.99361 407.25436
9 18.00 2026.61037 2326.65612 2868.31349 760.74335
10 20.00 1512.54244 341.20913 1675.59158 1209.69289
11 22.00 2563.48089 1767.70129 871.14849 1105.16949
12 24.00 1356.17292 1711.75629 495.60700 382.60407
13 26.00 1737.02740 248.11219 1934.36735 1532.04964
14 28.00 1006.94132 2798.10543 2379.64737 1702.97408
15 30.00 830.70896 2163.66329 2531.97856 1120.56501
16 32.00 2274.10617 1945.11773 948.79745 2896.30836
17 34.00 2078.16964 1484.84596 1447.54779 2535.09512
18 36.00 236.63280 901.96677 222.49232 376.61739
19 38.00 903.80437 905.42835 957.79447 1049.22651
20 40.00 1508.71291 2087.00234 206.12899 991.27636
21 42.00 1055.15519 2571.14626 422.16763 2906.06994
22 44.00 473.76339 1856.70267 1546.70770 2199.21865
23 46.00 564.28551 1774.57246 2563.92939 1352.12196
24 48.00 1057.01588 1253.11610 2646.18133 769.74618
25 50.00 598.40181 301.25989 1607.52264 2669.73656
26 52.00 2372.97460 2929.44181 2419.75979 1611.32136
27 54.00 973.53926 1199.20717 2277.05111 683.48774
28 56.00 2768.21623 1929.64889 817.75819 2405.59644
29 58.00 181.32995 2150.56177 46.92445 437.72073
30 60.00 1460.35375 2246.02002 1421.82982 1866.70136
31 62.00 1046.42311 2524.48061 450.76107 2762.46757
32 64.00 4.19057 2552.40200 2399.08887 1514.78987
33 66.00 2631.87402 1844.85797 1833.88690 2814.19571
34 68.00 1924.50366 642.38367 466.87066 2542.56811
35 70.00 1882.96819 736.25979 1344.89451 2859.73044
36 72.00 630.41162 920.05873 1508.39147 1902.48281
37 74.00 302.23637 974.85230 1498.45351 2565.27336
38 76.00 898.70447 1108.29387 159.63189 277.52573
39 78.00 2933.03968 1236.10866 2524.68811 2636.36849
40 80.00 484.11464 562.12926 2496.50929 1002.96912
41 82.00 970.00308 1248.67755 487.99916 2736.09788
42 84.00 2884.53938 2491.58677 1025.04781 751.98134
43 86.00 1168.15857 2127.58558 508.85149 1990.83404
44 88.00 1708.84782 11.89807 2509.60055 250.08009
45 90.00 1334.47099 1999.22395 687.22165 1154.76343
46 92.00 2739.20893 2754.97947 2404.31474 2777.75440
47 94.00 2499.60065 777.56413 2055.54135 2162.22696
48 96.00 151.90909 152.17128 2374.22897 2779.01344
49 98.00 1576.46843 2955.84762 154.41402 1734.26954
50 100.00 2321.37176 325.06731 569.65744 400.38496
51 102.00 779.27572 2287.63481 256.22293 531.96352
52 104.00 2737.89130 496.37361 1899.32397 1462.81350
53 106.00 1198.08007 1148.90927 124.81545 1822.11829
54 108.00 1308.36768 1993.37270 257.68207 2195.79658
55 110.00 2722.04586 809.43775 575.23495 2022.33415
56 112.00 1304.25163 1078.96938 2410.85679 421.43529
57 114.00 1021.63231 2821.12074 2400.37270 202.01112
58 116.00 2714.37247 2089.92724 2637.80545 1655.77575
59 118.00 1317.73439 1837.87269 2000.94821 2181.08143
60 120.00 1646.41279 1697.45886 2111.66957 533.03734
61 122.00 2408.98167 1777.94617 510.55187 2443.31978
62 124.00 2588.36096 1929.37508 307.93212 849.42093
63 126.00 1711.28678 2731.46534 811.00413 338.70914
64 128.00 330.47558 20.51954 252.27227 2446.70229
65 130.00 2884.43256 2080.10224 1190.31431 1731.73923
66 132.00 568.68275 362.99135 2564.16203 1236.56405
67 134.00 461.50871 2717.29421 2486.54576 2462.37281
68 136.00 91.58611 1350.67379 2670.08858 456.44043
69 138.00 1857.83947 1518.26630 908.17817 921.67100
70 140.00 1854.81204 1509.58933 2881.06894 1173.01122
71 142.00 1091.96135 891.88500 222.30856 1627.38770
72 144.00 1390.05335 2818.48678 1799.57363 741.87887
73 146.00 1156.75531 2660.74577 980.84628 1820.01295
74 148.00 305.34357 1249.02701 2869.77550 2081.54609
75 150.00 1730.14237 2988.43217 2899.99042 574.16626
76 152.00 448.60021 341.03719 1963.89431 2677.29112
77 154.00 295.12183 184.90895 943.93623 412.18197
78 156.00 307.02304 1207.92648 2633.46685 2302.50762
79 158.00 2661.63408 707.46768 549.09228 752.11695
80 160.00 2145.79636 37.10956 376.15277 2644.22379
81 162.00 2630.21812 2763.40762 1183.60806 2828.00863
82 164.00 1429.84076 245.01936 728.08845 2341.07522
83 166.00 30.08299 418.31268 740.69108 2505.09877
84 168.00 2272.71907 759.41398 725.22476 1271.73560
85 170.00 2399.52464 2440.62769 1422.26067 88.91347
86 172.00 2318.27380 1857.23848 2195.22315 1955.43840
87 174.00 1903.44158 1983.34465 1770.12752 1605.78897
88 176.00 1919.37515 2729.78617 1279.81873 1185.41714
89 178.00 1409.29760 155.42697 1617.24201 2629.53850
90 180.00 2595.48362 1460.38457 402.28059 119.15165
91 182.00 1950.86611 535.43443 876.33754 2064.44760
92 184.00 61.39246 2497.68015 2096.87396 2647.40920
93 186.00 1111.11268 219.12772 2063.76769 2443.12655
94 188.00 2262.98242 2144.05419 1479.13952 2751.67756
95 190.00 850.97189 1385.85611 2923.87770 1033.99594
96 192.00 548.54061 1039.06563 2656.08821 1310.60403
97 194.00 2432.46841 2966.36267 1777.83214 622.10306
98 196.00 533.64550 2994.26747 1303.20585 2171.75420
99 198.00 2260.31957 2139.92834 1742.79031 957.18788
