3
50.0
30.0
3000.0
4500.0
0.5364
100
0 0.00 1601.00235 1952.74955 1981.59867 2730.68851
1 2.00 988.63291 864.94992 2798.35688 683.93530
2 4.00 48.85092 2099.40975 547.35749 1351.29007
3 6.00 2223.93753 2963.13073 2627.03303 412.41201
4 8.00 579.32567 1774.73514 1593.16362 2746.26064
5 10.00 2817.14048 900.51364 2480.13268 2787.43187
6 12.00 484.84621 1193.07502 1383.28546 1512.04716
7 14.00 1475.08552 2541.73423 2323.05373 1579.06650
8 16.00 2726.98029 386.30359 1350.75368 1928.88007
9 18.00 1946.79463 173.42572 1971.79345 2917.59337
10 20.00 870.36929 1163.79852 148.42769 2092.58538
11 22.00 2962.34889 599.78554 2170.00994 1726.60365
12 24.00 1110.23364 917.84203 2242.78021 1724.86321
13 26.00 1609.44045 2609.52126 813.05586 73.50426
14 28.00 2038.34444 1545.94169 2060.09559 1870.59642
15 30.00 1702.10704 2390.33929 578.39325 2034.81226
16 32.00 724.32563 11.12191 1862.68647 2754.98627
17 34.00 462.49588 1184.91440 357.99059 2518.23209
18 36.00 178.06192 2640.17085 1251.54251 1152.57325
19 38.00 397.22541 296.86936 967.95457 2702.60510
20 40.00 2197.36470 2053.15146 1219.05611 833.34916
21 42.00 1497.78672 2780.36715 2841.06580 967.42110
22 44.00 2254.82363 1075.42178 1480.59738 299.62832
23 46.00 2898.18811 764.29710 1292.86018 17.16261
24 48.00 156.90935 1571.32469 1012.73546 2360.68949
25 50.00 1244.77471 1592.86346 398.37725 2049.88005
26 52.00 1072.23994 1244.16955 1058.70067 975.28833
27 54.00 461.71875 2675.32234 2584.72456 780.03632
28 56.00 2309.52069 1766.18525 1416.92830 888.31830
29 58.00 431.16089 2544.09027 605.14945 1587.85100
30 60.00 2736.44803 2994.33465 50.96569 2326.59451
31 62.00 2509.49220 2461.74671 2601.78892 2190.56929
32 64.00 1357.90589 2874.99445 1224.62777 136.74561
33 66.00 1866.63283 2429.67092 803.34349 2748.92090
34 68.00 1538.08363 1233.63671 520.07541 2391.94084
35 70.00 998.35364 145.53404 1834.39057 1604.02233
36 72.00 91.19039 1826.13998 2617.95094 2240.12274
37 74.00 637.77350 2003.92028 36.34797 2310.47399
38 76.00 1913.91014 2471.01750 1426.89118 1454.37281
39 78.00 2533.90121 2463.80733 1727.56920 1460.93600
40 80.00 2522.09891 1009.90608 458.56971 806.17849
41 82.00 629.23475 1167.72179 810.90540 39.54755
42 84.00 953.31953 126.71208 613.93188 2260.53303
43 86.00 1132.92246 2073.90481 897.46537 1528.31827
44 88.00 2951.00921 1719.11071 1494.79608 1917.47486
45 90.00 668.31604 753.64433 56.51557 1010.34713
46 92.00 2485.16108 2283.80508 135.47217 1973.58327
47 94.00 1296.58918 505.75735 1850.97376 810.79455
48 96.00 1952.02084 2426.22658 132.88524 699.80485
49 98.00 270.06982 2734.04272 1801.39384 2288.11891
50 100.00 996.37063 841.10001 2524.59506 52.68671
51 102.00 573.62940 936.53671 122.60706 289.10712
52 104.00 2232.30534 1994.96369 1413.49497 1597.77118
53 106.00 1380.82761 1828.98741 2867.00253 341.03636
54 108.00 926.28770 1540.45591 1276.08217 801.91440
55 110.00 2727.16024 1568.04250 476.90072 11.08064
56 112.00 1565.94671 2171.72635 2517.29718 960.00002
57 114.00 1924.16345 2621.37583 2088.99411 2417.94272
58 116.00 829.36111 1711.65462 477.52052 1940.10852
59 118.00 659.34930 2913.22213 1288.08870 2210.48600
60 120.00 1081.78353 1645.90858 2149.29453 2270.23202
61 122.00 497.23905 1259.97001 1441.69667 2784.27537
62 124.00 629.36090 2547.91959 1330.35770 2099.38156
63 126.00 1151.84724 545.37990 1771.06646 1971.60973
64 128.00 1926.72463 2044.14647 1114.59140 2945.17804
65 130.00 1588.89319 2680.56759 2293.06872 1406.21711
66 132.00 1501.95819 884.70315 440.04424 1144.45442
67 134.00 1085.44146 1019.65721 937.22781 1868.57263
68 136.00 1781.15940 70.21073 1261.22542 458.28765
69 138.00 400.55268 2174.79815 660.19078 1421.27156
70 140.00 1350.92992 1507.76072 1737.81455 2942.08807
71 142.00 2651.71040 683.99697 2037.92897 1719.62658
72 144.00 107.73470 2437.65418 2288.73078 1285.23985
73 146.00 2471.76619 2618.76330 2143.40207 1883.06215
74 148.00 1344.06299 2013.29646 1656.56768 2429.75942
75 150.00 2953.29220 1742.77490 2109.80083 211.80396
76 152.00 2373.18504 1262.15781 941.88059 607.57514
77 154.00 1574.49395 2966.49876 2635.58305 1633.93820
78 156.00 1872.94569 119.37464 1357.29908 630.39282
79 158.00 1542.56500 1058.22709 194.40589 1482.33751
80 160.00 174.23441 1743.09266 1108.78165 2962.69864
81 162.00 2286.31679 1881.56255 502.94480 2480.32269
82 164.00 630.29365 790.72363 1535.17930 1233.07474
83 166.00 1575.37088 2583.73366 2878.45447 2055.74353
84 168.00 1195.78104 452.81303 1781.03347 2043.77628
85 170.00 541.22012 2806.96255 2359.05381 1807.88172
86 172.00 1896.10451 1001.21891 264.64729 2635.48193
87 174.00 1640.46843 464.05890 1701.21730 2367.33488
88 176.00 1568.98424 1160.89967 1966.98980 2287.25383
89 178.00 1532.23067 401.44530 2425.26439 1946.56802
90 180.00 1465.36298 2746.22513 1164.07191 2281.27536
91 182.00 2897.17212 109.94379 355.26509 1364.04478
92 184.00 395.86551 1443.14291 440.20371 1664.51083
93 186.00 1162.86670 1820.08615 692.90331 824.70287
94 188.00 2119.32031 1988.26086 2548.61206 1984.05883
95 190.00 1822.41583 1362.36425 138.66051 2141.54435
96 192.00 132.71616 1472.48939 1380.72499 1842.55029
97 194.00 2586.75661 2348.82178 2595.09375 2989.63116
98 196.00 573.02676 1062.93971 1338.27317 2401.09801
99 198.00 1326.77756 2219.20523 2297.82647 2519.59303
