3
50.0
30.0
3000.0
4500.0
0.4717
100
0 0.00 2800.68715 2573.38371 531.93122 1667.43001
1 2.00 2668.60617 2646.04240 1504.80499 2678.87050
2 4.00 2019.52484 2648.29186 611.53991 2443.67209
3 6.00 1222.52713 2240.95148 1516.97455 1904.99921
4 8.00 2649.81847 2890.42522 2739.15287 2250.12760
5 10.00 2303.89091 531.09939 1364.62739 743.49648
6 12.00 1656.44993 2895.39673 325.98048 2919.44249
7 14.00 569.61575 1991.47203 2373.30582 603.37525
8 16.00 676.82649 1826.32140 297.44805 1621.69278
9 18.00 1524.30543 2912.44937 1047.98285 560.50489
10 20.00 2211.51937 2184.96872 189.90206 1430.61215
11 22.00 2124.74122 2292.76154 2822.92362 59.35455
12 24.00 2858.00276 1446.83545 1156.92824 1951.92786
13 26.00 1267.47581 1887.44900 1110.70221 1746.00352
14 28.00 18.82183 2696.56187 1614.67880 301.35347
15 30.00 1962.56757 799.20312 2310.97359 1863.50973
16 32.00 1401.26665 1333.78404 1229.25467 1381.93293
17 34.00 1509.50393 332.00699 2909.81096 1256.99775
18 36.00 2559.68639 1929.75451 1623.05335 896.72574
19 38.00 1982.22346 534.58524 2026.67081 2972.02726
20 40.00 2465.72593 452.02588 1172.36771 1105.91836
21 42.00 2860.02308 1197.76132 1153.41664 512.44479
22 44.00 2609.63283 1724.23844 282.60237 971.01835
23 46.00 612.42005 1850.22798 1779.52984 2673.32739
24 48.00 487.52295 978.45088 1807.03191 2013.48742
25 50.00 1884.82374 27.09739 1333.01295 893.58457
26 52.00 409.51106 2584.95953 67.42444 804.35122
27 54.00 1425.53855 2294.49654 1236.01720 1770.79701
28 56.00 2991.04762 188.78741 1313.61827 1856.20767
29 58.00 1453.29364 1687.30760 1659.73739 1785.86699
30 60.00 920.98058 2039.14700 764.73030 1055.83000
31 62.00 1853.42080 1712.93573 1216.88431 225.80391
32 64.00 1527.17682 2408.18311 2405.94798 2540.93967
33 66.00 337.63369 1386.13000 866.92578 1375.00664
34 68.00 2831.17168 1030.08805 1196.00399 1744.57492
35 70.00 2425.28179 320.45352 1142.46192 2329.21720
36 72.00 1601.11257 795.66330 948.11129 2377.00572
37 74.00 499.99587 1920.02920 2418.61062 2627.51484
38 76.00 980.00105 512.70405 2507.08280 2959.75551
39 78.00 492.07919 418.62298 1376.04278 1190.12286
40 80.00 869.63396 1805.48794 183.61965 2519.60185
41 82.00 537.42448 1603.92386 757.98801 1560.25037
42 84.00 2310.51732 1.63430 2631.77947 1719.40319
43 86.00 569.86168 1997.17618 123.44702 1447.40283
44 88.00 2000.27187 1622.57131 710.88357 1785.01318
45 90.00 1421.18046 2500.22267 2230.53849 317.95893
46 92.00 1042.89895 2952.74399 709.68720 448.13197
47 94.00 2880.39403 2364.90837 2745.59572 141.72989
48 96.00 638.56220 2038.97113 2160.61155 2279.31687
49 98.00 1209.89118 1776.52162 2608.31627 1789.32066
50 100.00 1935.14794 51.86219 2904.72282 1072.30917
51 102.00 878.35153 1673.87445 2301.76236 574.74569
52 104.00 1314.82476 1624.08692 2534.01220 2971.58229
53 106.00 1295.97961 1708.44667 1507.96084 1439.55711
54 108.00 2163.04012 58.51703 354.94547 1416.31227
55 110.00 1243.33618 1928.21717 104.75841 338.99574
56 112.00 2250.36069 1283.18038 2665.66680 368.62573
57 114.00 692.77859 2756.80197 909.04829 2906.78683
58 116.00 394.58012 1785.91803 129.79758 1451.84389
59 118.00 1995.79546 2864.07643 1675.87828 2787.37687
60 120.00 2455.50062 1122.67574 902.65044 115.85809
61 122.00 425.29014 2334.35628 350.48746 2730.48358
62 124.00 1833.84549 1308.56388 1433.06038 946.27914
63 126.00 1276.41063 534.78130 2816.82213 542.40011
64 128.00 1826.96524 995.35566 646.36456 1905.60681
65 130.00 1979.71955 1318.73048 88.19868 1496.71182
66 132.00 1441.20095 1166.39291 1623.55156 2054.20289
67 134.00 977.04091 1791.86317 1802.34681 978.77276
68 136.00 289.16672 2472.26844 695.28078 675.67251
69 138.00 18.31992 2491.31010 2908.34747 862.40958
70 140.00 2185.96247 654.48408 498.67243 2486.69842
71 142.00 2698.41245 169.06980 2223.06696 1183.15935
72 144.00 1975.23610 2839.51456 2791.55483 203.96838
73 146.00 2151.39345 1416.90428 2769.40713 1920.27752
74 148.00 1899.92199 1389.94330 471.15881 2317.20269
75 150.00 1608.21512 1636.73342 739.14232 1039.51515
76 152.00 962.95505 2025.32030 1662.43155 512.90757
77 154.00 1753.36780 915.82152 2043.80355 1038.82601
78 156.00 2138.40796 937.88345 1218.24065 2932.49509
79 158.00 983.07521 1104.73018 252.10019 199.68034
80 160.00 1007.96474 156.67631 2555.03844 141.49083
81 162.00 925.54147 278.23842 1344.71057 921.76894
82 164.00 1414.84778 2294.05730 1915.88572 1069.86603
83 166.00 423.43822 1315.08122 1586.77319 2230.04970
84 168.00 2196.74602 336.40495 2368.41215 1383.73230
85 170.00 1069.22135 900.84077 2417.33296 1713.22821
86 172.00 598.31639 868.15488 2703.90604 609.52360
87 174.00 1000.11012 1464.99117 1602.94678 666.73661
88 176.00 374.43530 653.31972 249.43766 2362.54592
89 178.00 2065.14252 718.93778 1932.92924 2755.33251
90 180.00 2941.20911 1281.37205 112.30370 1423.30280
91 182.00 1604.84368 525.24773 2740.82607 204.95214
92 184.00 2383.21167 1439.75706 1425.65351 28.92803
93 186.00 2481.62977 1304.38480 947.90909 187.78463
94 188.00 544.61783 1335.51102 917.18869 980.14419
95 190.00 1982.68149 2779.74652 2186.81563 1447.89277
96 192.00 2417.33101 1535.57363 304.58150 1693.57518
97 194.00 322.13979 1274.56734 1435.09853 877.61209
98 196.00 2608.06959 1489.69207 2205.66200 1328.07925
99 198.00 1136.69970 487.75583 2427.21651 1766.55100
