3
50.0
30.0
3000.0
4500.0
0.8030
100
0 0.00 748.57452 1107.46080 1503.97567 1666.34674
1 2.00 1368.24390 201.17685 2103.02652 2318.60562
2 4.00 989.28818 852.11625 2562.94908 876.32976
3 6.00 1625.43231 216.74693 1066.62003 2397.96714
4 8.00 1798.17977 1515.99518 1523.03536 2698.38296
5 10.00 2727.96877 2720.80457 221.51104 362.41182
6 12.00 1761.30401 1325.15177 1240.96775 1723.03261
7 14.00 738.27567 2177.64728 1224.62884 1056.14632
8 16.00 1241.79281 1039.13677 1524.43179 2985.35876
9 18.00 2876.42049 2109.41490 2414.86930 1160.18714
10 20.00 2519.04341 1966.53613 1969.64667 2125.30372
11 22.00 1690.66042 2443.81475 2668.11101 2870.97258
12 24.00 1688.16949 1685.69681 790.62115 2336.08819
13 26.00 569.13564 2557.37156 2443.19380 2221.06131
14 28.00 959.51956 1440.77385 2426.36291 1227.83768
15 30.00 1185.26370 2165.48940 713.13952 1626.99613
16 32.00 2532.72283 1029.78383 1019.80922 2330.83136
17 34.00 2869.84739 2746.89496 2121.10159 1747.86166
18 36.00 271.21187 1102.51213 1040.03642 1200.83715
19 38.00 1330.79987 562.52428 2838.26904 1692.96249
20 40.00 1953.51843 2223.74184 2292.00655 2877.82162
21 42.00 2270.37816 2269.84484 1150.86972 45.79503
22 44.00 351.06695 2340.59184 260.88097 1911.35320
23 46.00 92.07287 1148.58480 1685.76221 981.53786
24 48.00 689.22189 103.01300 1593.15874 1604.72399
25 50.00 2985.73769 1315.02271 2.15119 419.56394
26 52.00 2707.14385 2709.54882 2779.24891 2135.86866
27 54.00 1651.74173 1647.39774 2830.50873 473.82993
28 56.00 2275.05521 1733.52071 1280.77024 2557.28150
29 58.00 1285.83111 659.51857 491.67533 52.35619
30 60.00 1940.60418 670.63559 2323.03437 1509.86128
31 62.00 2960.78112 1126.00581 1261.58234 2.88390
32 64.00 1921.79720 1737.91564 2089.55835 1042.52056
33 66.00 1978.05778 977.92995 2416.58653 2516.98031
34 68.00 2539.54085 1766.85973 1467.35565 101.90184
35 70.00 781.91948 2456.10209 603.68042 731.96619
36 72.00 1177.41024 2177.40947 16.91277 2838.81962
37 74.00 2983.70121 811.63815 1277.12124 1649.25413
38 76.00 1598.03998 2238.79138 723.26045 1983.24414
39 78.00 2265.15979 1552.45250 1507.84105 1601.39951
40 80.00 174.39995 482.48397 637.03557 283.55878
41 82.00 2902.83679 2402.41240 1267.26492 2646.59304
42 84.00 383.33967 816.36599 1486.01353 1525.17333
43 86.00 146.11100 97.99597 983.33767 155.24653
44 88.00 42.38788 271.87058 881.64356 366.45057
45 90.00 946.45131 2362.38515 2305.69948 38.98830
46 92.00 76.72618 2749.09474 2014.56790 2898.52819
47 94.00 2775.64909 1352.23407 1557.15780 2814.55382
48 96.00 772.89948 1323.08379 2274.82898 695.37761
49 98.00 927.09056 1488.44053 732.03481 1205.65462
50 100.00 1717.36526 2460.84375 1908.68195 97.29840
51 102.00 1813.14760 313.90353 321.93758 1593.38771
52 104.00 2838.94628 1133.88923 203.05068 657.10536
53 106.00 327.63155 2877.17027 1050.45840 377.55795
54 108.00 1980.88629 1912.20321 1964.23816 2129.18032
55 110.00 1075.38567 203.29193 259.75965 2708.97320
56 112.00 1968.64660 588.95677 1060.11827 900.69484
57 114.00 2243.96731 1733.47048 498.15637 1732.23811
58 116.00 189.16013 544.32388 1694.15111 1864.34284
59 118.00 2214.99209 1768.88173 2186.09377 684.80788
60 120.00 2314.79992 740.70761 1626.72431 1342.97474
61 122.00 1256.21306 1404.78054 2557.75218 108.82124
62 124.00 1898.26938 2494.17269 2524.63010 1570.76469
63 126.00 2813.75481 2688.81825 2512.59137 2682.73118
64 128.00 2343.29896 2494.34444 50.08537 637.35734
65 130.00 1835.68219 2921.32217 1650.33990 1601.25930
66 132.00 860.31034 2007.36341 1957.42941 64.04157
67 134.00 299.75938 589.65867 716.45480 2071.74302
68 136.00 1705.42312 613.58566 1870.45374 2052.25090
69 138.00 1343.14799 25.57042 1154.48570 1145.63770
70 140.00 1529.39820 2632.37254 1415.77124 1044.75280
71 142.00 926.75189 239.53453 977.11183 667.38596
72 144.00 2474.70957 316.31843 2438.12403 1528.06434
73 146.00 169.44116 1313.14095 1347.22912 2526.64814
74 148.00 1479.87885 1778.74699 2962.61492 2346.70501
75 150.00 2438.38378 1676.04837 1820.32545 2289.71797
76 152.00 2623.71585 177.22653 468.25646 2910.37016
77 154.00 2972.91645 958.76926 1313.56006 100.48937
78 156.00 1510.44433 2257.20455 557.09889 2038.72666
79 158.00 38.81781 1252.93710 1134.21422 1466.40993
80 160.00 1446.52348 1783.90044 1930.22369 798.86524
81 162.00 1791.29649 1987.17072 524.90219 970.88756
82 164.00 2251.94780 1396.00428 568.02863 1214.62591
83 166.00 1728.56283 1242.62145 2844.07631 2094.04057
84 168.00 284.23411 2235.30190 949.06504 1357.82263
85 170.00 2296.55238 1066.33223 2157.52815 2917.68566
86 172.00 891.51316 2432.62564 2470.79736 1595.53092
87 174.00 2949.29458 969.41673 2160.90208 1964.08546
88 176.00 2844.42208 1720.33491 145.59193 337.50564
89 178.00 1561.87701 2844.83692 2285.69269 309.07711
90 180.00 336.65148 2207.44004 1428.96972 748.96755
91 182.00 696.67037 2593.80317 223.70308 1379.84107
92 184.00 860.54751 1261.37948 2979.56061 1947.02823
93 186.00 180.85372 1241.12351 2596.97728 2969.71418
94 188.00 27.73632 1825.55979 606.82086 2205.69809
95 190.00 2977.46831 2578.44308 670.01821 1301.75374
96 192.00 2107.64334 532.43239 1454.60362 1527.43634
97 194.00 1284.97821 745.87230 1876.81562 2239.66234
98 196.00 2699.84566 1130.46706 2064.45183 2562.33079
99 198.00 2332.27704 1734.25140 732.62955 1871.00395
