3
50.0
30.0
3000.0
4500.0
0.7465
100
0 0.00 555.84068 1666.65328 310.19418 1653.99584
1 2.00 2385.10671 1533.86784 572.17300 1143.98035
2 4.00 575.11175 2011.85318 499.23614 2502.59778
3 6.00 1647.84194 1279.43799 64.02521 2653.91750
4 8.00 2212.78122 119.19478 541.93686 2629.21105
5 10.00 1056.84534 2742.25774 2319.81890 692.95489
6 12.00 1563.19319 1806.25530 1736.43977 212.32956
7 14.00 241.93066 1279.14460 1735.79301 561.25907
8 16.00 242.62486 573.50750 748.33918 2121.32669
9 18.00 2159.74456 1038.54281 2445.28736 2950.21677
10 20.00 2989.98035 9.88954 1438.45822 18.38987
11 22.00 1675.76944 2756.48072 2707.15976 1699.02713
12 24.00 1975.86761 1828.26491 2377.10590 1198.49626
13 26.00 2346.71439 1368.20585 1513.70632 2113.04815
14 28.00 1243.81024 2306.09085 713.04040 2803.09179
15 30.00 2435.59991 2735.85821 1075.20893 1832.66229
16 32.00 2469.61810 1657.33488 2219.54411 833.71194
17 34.00 513.94471 2700.67420 1748.09697 1009.94079
18 36.00 588.43345 2538.32300 566.78478 103.70698
19 38.00 982.21850 201.96268 882.43579 1745.50510
20 40.00 624.50735 2066.29355 329.20159 2242.97652
21 42.00 2771.52014 298.50662 1789.95101 1493.65263
22 44.00 1027.87467 2017.57314 2931.98096 2420.06086
23 46.00 1286.66423 1205.70838 1066.44516 1816.21867
24 48.00 2828.34461 1005.52388 91.31550 194.65655
25 50.00 712.05308 2648.70836 2716.82932 422.00040
26 52.00 782.44454 1259.42748 2106.18745 2529.83425
27 54.00 2360.53790 1398.36558 2881.62117 118.61513
28 56.00 2128.11021 2650.55910 2478.17748 517.46746
29 58.00 1899.90283 1634.97759 419.78280 240.53495
30 60.00 189.38472 2377.35568 1578.98412 1866.26283
31 62.00 2176.43945 2250.35026 1059.91432 2582.15818
32 64.00 2024.23662 2225.17074 2554.82742 960.47196
33 66.00 417.08388 2463.30931 211.81825 483.69423
34 68.00 2247.61347 2843.97241 1269.33477 2272.26012
35 70.00 1494.13132 2450.22807 210.99072 917.43964
36 72.00 2523.78809 617.53348 2971.59699 315.46562
37 74.00 48.44664 1605.11710 1208.24987 2921.96715
38 76.00 161.51453 1295.95427 2300.54467 2344.40879
39 78.00 1744.39598 778.24754 2491.57269 80.25315
40 80.00 2442.11702 1597.64137 1528.29404 56.13734
41 82.00 2114.95266 893.52088 2855.50512 2145.79006
42 84.00 2032.53072 2753.08581 386.96757 1502.39949
43 86.00 913.65463 2119.26576 71.20703 261.73169
44 88.00 136.62353 1553.38754 2917.54517 188.04347
45 90.00 1903.22206 1411.74624 1336.84529 2377.62173
46 92.00 574.68014 2278.46486 844.64656 1819.74707
47 94.00 1434.74185 2744.28228 32.23508 1994.21966
48 96.00 2887.93574 840.31287 1932.68169 1992.87472
49 98.00 767.43845 2172.71043 920.36065 389.12789
50 100.00 130.16310 1083.66971 2612.36579 2414.36876
51 102.00 882.68637 1185.29485 196.90733 1887.01852
52 104.00 331.57531 365.87614 1008.68445 1001.87420
53 106.00 2235.59608 1713.67410 399.47397 2162.25498
54 108.00 2279.51771 2995.51946 2053.89759 383.70962
55 110.00 696.06430 2880.29000 1269.78968 2581.87551
56 112.00 2077.34662 391.43060 255.25925 1133.31858
57 114.00 2343.31130 2132.31861 2402.21247 1799.72970
58 116.00 2275.51361 2822.83092 1662.94691 2145.94298
59 118.00 2718.66915 2469.51419 1473.31958 1428.36295
60 120.00 1313.86319 1113.19600 190.70299 1500.30319
61 122.00 1394.15786 229.36971 2369.50183 1819.41440
62 124.00 252.07372 2912.88419 669.61924 1369.41461
63 126.00 1907.58318 482.21071 833.20500 1429.65451
64 128.00 116.50457 1083.73815 1760.78607 957.25539
65 130.00 2217.79160 1229.66764 1529.41784 2487.10726
66 132.00 1935.60131 2371.09730 2484.89762 670.03956
67 134.00 340.40765 1666.56178 2056.77295 1495.89358
68 136.00 2923.44201 1971.96184 2336.57876 2183.74299
69 138.00 120.15030 1879.13565 2386.07750 1043.50792
70 140.00 1453.37998 956.99500 994.35466 578.11732
71 142.00 1706.18371 2301.69417 1617.99908 975.86809
72 144.00 1985.02465 2160.87802 98.90457 2701.58266
73 146.00 2481.71616 1802.85200 2301.62211 1750.58762
74 148.00 1344.17488 2022.81635 948.60037 93.29025
75 150.00 1231.73444 1549.68634 2542.31996 2689.21616
76 152.00 25.29949 2931.36346 2216.64466 2890.60174
77 154.00 224.11029 1065.34645 1375.90931 1970.19084
78 156.00 557.73419 2060.34911 1039.09596 2047.32459
79 158.00 1044.72724 1009.72708 657.13651 958.83157
80 160.00 847.24662 2277.96334 108.03358 2276.53424
81 162.00 2755.18304 2124.61921 2032.59275 1368.09758
82 164.00 2095.63089 1510.00642 1576.89991 2916.14395
83 166.00 1763.45260 2630.18120 1933.03341 2692.46388
84 168.00 406.27270 2920.29921 317.55935 2774.96852
85 170.00 2220.80159 1366.59566 419.51456 1998.25265
86 172.00 2776.70036 64.99242 2268.29004 931.06702
87 174.00 2279.44326 204.15278 374.38577 521.36339
88 176.00 1207.59735 2064.24789 1101.18305 1475.34387
89 178.00 2078.55164 2677.51412 838.46598 2827.83240
90 180.00 68.95707 2082.16875 931.87546 1282.57009
91 182.00 1450.42614 1565.44998 771.33648 820.26425
92 184.00 2879.78702 378.24891 877.03354 2471.17688
93 186.00 2883.56778 177.88235 776.28356 1645.84204
94 188.00 1410.05688 344.94113 47.01497 352.41092
95 190.00 1389.55768 2335.76473 692.79144 471.09053
96 192.00 1389.73186 141.01858 855.79671 881.27301
97 194.00 2357.49075 87.44472 732.82182 923.87321
98 196.00 1128.62381 1269.43375 1590.33480 2975.63275
99 198.00 2624.58662 1971.80559 769.10112 2433.85664
