3
50.0
30.0
3000.0
4500.0
0.7545
100
0 0.00 2037.94952 2264.28807 1917.26168 171.14110
1 2.00 2394.28458 682.73908 2947.83667 2408.39706
2 4.00 1326.93146 1784.40345 2222.05879 2800.49599
3 6.00 1720.24691 783.36537 2524.44261 482.53155
4 8.00 1401.34811 847.52965 1582.18912 315.84631
5 10.00 2804.68576 574.94793 279.73360 1278.01506
6 12.00 2932.79022 735.18303 742.38161 2442.21470
7 14.00 2766.98046 2068.01926 2446.77191 290.69208
8 16.00 2361.42475 498.15335 1101.61122 242.02128
9 18.00 2450.63874 170.60850 737.19150 726.09883
10 20.00 2276.78750 812.43548 2186.51175 463.67107
11 22.00 2664.89825 2418.19596 1406.98844 85.00329
12 24.00 2437.55397 2902.50704 2066.47732 629.95482
13 26.00 414.21705 274.22878 1948.21084 464.50744
14 28.00 370.41651 2464.85709 773.50340 1910.96243
15 30.00 340.62793 2507.90182 2702.93853 1920.23313
16 32.00 83.30390 34.74090 307.38225 2211.01607
17 34.00 1948.84570 611.70846 2352.17808 1081.44253
18 36.00 385.78436 226.16214 2024.69043 794.33511
19 38.00 1940.18693 1271.49481 2782.36463 1961.95751
20 40.00 2838.69502 2244.78835 1096.61221 600.49909
21 42.00 796.54256 408.26751 2324.86444 359.75732
22 44.00 2497.55787 326.00333 2056.25824 2004.22641
23 46.00 1863.52152 2146.26817 933.24906 2203.67472
24 48.00 1239.26129 2105.32949 1601.81530 2553.05551
25 50.00 988.35125 628.96256 2289.56606 2990.27967
26 52.00 950.19100 2913.67876 1204.42825 381.75722
27 54.00 1923.46695 1106.23200 1601.57266 809.13455
28 56.00 1836.12251 2451.08273 1970.72588 2902.46109
29 58.00 548.91727 574.51161 584.56086 1665.48140
30 60.00 1779.48563 2476.43138 1533.52824 2080.99332
31 62.00 2847.01850 2210.42894 1885.74375 2627.68544
32 64.00 514.18449 1553.61470 1008.18975 2778.17192
33 66.00 1487.51207 136.71344 1491.22293 1996.95822
34 68.00 264.08984 2058.37715 2675.19018 2463.83769
35 70.00 2424.88564 1082.13661 2365.08771 2467.33241
36 72.00 2736.20665 1074.38560 841.49627 2103.69568
37 74.00 1477.02195 1447.27100 855.82268 2729.24113
38 76.00 1696.48125 793.62995 1761.90147 101.77162
39 78.00 1281.41401 2420.19747 146.42652 26.12734
40 80.00 1704.90013 2621.36915 2771.78537 1170.52384
41 82.00 1639.01010 377.71781 2225.14673 1372.42340
42 84.00 2418.68228 2406.98049 1490.51726 1781.07828
43 86.00 2355.47206 2446.72409 1687.41603 2709.63678
44 88.00 2596.03105 1959.67403 1139.51732 1748.42873
45 90.00 419.14067 66.41793 2539.33184 73.07194
46 92.00 471.48002 1081.38434 2429.47856 1062.68332
47 94.00 594.34646 1305.19165 277.73956 1302.42062
48 96.00 1720.51403 2974.92695 2563.30314 2442.77801
49 98.00 424.00635 1896.69956 758.61694 93.24616
50 100.00 1690.99879 1191.41668 408.22777 2005.28647
51 102.00 2678.26744 312.45857 1430.77233 603.87547
52 104.00 2056.91299 2321.55443 652.81986 1115.19887
53 106.00 1947.25444 693.41761 2041.19244 2077.63246
54 108.00 1753.46438 739.57586 1903.86425 1525.54659
55 110.00 1593.49126 2843.20593 2813.49287 1379.78754
56 112.00 1719.62179 465.88231 2773.94146 1282.13921
57 114.00 2359.07453 1498.12640 2730.98211 1709.72645
58 116.00 2177.72614 1008.36986 2395.31527 1813.49084
59 118.00 2245.37006 1063.03263 1869.53762 2528.17025
60 120.00 2199.13791 2627.53974 519.90217 2175.40967
61 122.00 2176.94345 1479.03453 2622.24558 2043.16196
62 124.00 2589.50163 2403.06046 1318.34665 319.41119
63 126.00 685.74534 2550.01945 2795.32550 839.57883
64 128.00 71.00539 639.83179 2894.97250 1182.41487
65 130.00 1996.98152 388.02526 1162.38868 1385.00913
66 132.00 2754.36591 811.87120 91.19772 1998.94258
67 134.00 2935.48210 834.49483 2769.04684 1009.06924
68 136.00 1099.74940 242.30665 1657.29433 694.21880
69 138.00 238.36530 368.30887 47.72466 19.64928
70 140.00 407.57185 2608.34620 393.77089 2155.37557
71 142.00 485.80577 1430.48369 1949.54821 2037.51282
72 144.00 1015.52994 1069.52148 2379.42476 2796.18018
73 146.00 2931.90821 2842.11856 1327.06017 2793.75802
74 148.00 1259.99693 1444.55751 818.72251 618.83407
75 150.00 630.58728 2097.63569 651.06889 2256.02548
76 152.00 2459.75871 2984.33871 1370.41978 2194.22683
77 154.00 399.58141 1321.39777 2890.16987 1823.73365
78 156.00 2309.20978 1735.40359 239.43523 2875.55056
79 158.00 359.08109 35.75852 1138.06629 1469.15132
80 160.00 2269.77101 203.13670 581.13013 1884.09606
81 162.00 754.14310 2990.01529 1565.77513 2869.23983
82 164.00 1707.75250 2361.89216 2913.75204 2779.33435
83 166.00 1029.79877 2623.75909 204.84956 2707.81176
84 168.00 1429.20799 334.19611 79.03673 544.54547
85 170.00 1680.94510 1678.29676 196.48003 1359.52802
86 172.00 90.96360 2429.69988 2964.43052 155.21878
87 174.00 1868.09037 2523.88982 1401.21798 2549.97307
88 176.00 2713.67676 316.35102 390.53642 1429.00269
89 178.00 578.31017 2839.51090 2824.02447 2226.23045
90 180.00 1551.58280 155.01389 2936.11458 479.72713
91 182.00 2070.98663 2009.52494 2993.05065 1819.61159
92 184.00 2488.36937 2090.16556 1576.45619 1235.92467
93 186.00 2148.54540 0.77611 176.37647 452.22999
94 188.00 82.55758 1965.62669 1432.76726 2614.23306
95 190.00 2831.30206 363.71587 1753.02967 2257.75360
96 192.00 837.82984 539.96306 1788.62692 1929.54144
97 194.00 970.04701 1240.58027 113.40791 703.73163
98 196.00 226.15874 983.55755 1862.04412 2339.29543
99 198.00 1871.51169 2164.74361 2838.22870 344.96340
