3
50.0
30.0
3000.0
4500.0
0.4071
100
0 0.00 1473.91755 2193.68558 1819.48226 701.59354
1 2.00 1278.06151 2479.00118 2624.19976 1618.07970
2 4.00 2629.92919 2544.22822 531.64983 2044.59523
3 6.00 955.32490 87.47087 686.72487 2250.81368
4 8.00 2879.30215 68.75605 2356.82306 1765.83478
5 10.00 2157.54878 1286.06760 2042.23593 2983.40307
6 12.00 1360.72117 2100.33464 1207.97802 2814.58315
7 14.00 707.84975 1215.25407 2339.65759 439.63252
8 16.00 2377.21203 1095.25892 6.75439 1621.86195
9 18.00 253.05752 2522.04198 541.34692 1887.52478
10 20.00 983.67181 477.65145 2976.45240 2036.24137
11 22.00 1978.66544 44.49646 1005.15306 2966.62012
12 24.00 2811.17629 2060.24248 1214.80406 451.02155
13 26.00 218.58652 1953.90506 2811.20132 218.25984
14 28.00 1711.85480 982.17764 1193.79133 1370.17717
15 30.00 1782.51350 118.30445 1771.89813 2317.71267
16 32.00 805.55244 1289.88323 1826.88380 866.41227
17 34.00 1640.17834 48.49885 475.01088 2676.52968
18 36.00 113.36441 992.64492 101.73310 1815.49959
19 38.00 2188.91037 1986.94074 1626.84697 2925.02800
20 40.00 1794.66866 2074.21929 1522.08370 875.60283
21 42.00 389.96452 2647.47351 1013.16288 2206.27413
22 44.00 1536.61690 1888.54809 1941.81226 850.69780
23 46.00 1355.59098 1637.07716 1373.65635 2430.77818
24 48.00 2738.75615 2085.84109 1324.21667 1070.81361
25 50.00 537.12689 2685.58816 1204.95999 1171.48855
26 52.00 587.96625 2307.32191 1970.18020 78.65368
27 54.00 1846.74862 824.70013 2340.74378 2890.57092
28 56.00 190.44327 1883.45695 2920.07215 1484.69477
29 58.00 1596.59192 1153.42320 449.75124 1870.92375
30 60.00 2745.95483 1517.41649 2155.61923 461.74597
31 62.00 2502.26429 960.34883 1730.41282 1481.72148
32 64.00 2249.29344 2371.58403 1596.42200 2044.68820
33 66.00 1.96388 1930.64838 2047.01618 2377.21570
34 68.00 1106.04275 2086.50488 2649.06138 1990.71034
35 70.00 2603.36256 2266.70144 1170.46329 2183.06580
36 72.00 995.63079 1369.90635 114.94739 2019.03373
37 74.00 503.75898 2699.30026 527.72162 2239.41838
38 76.00 2557.44480 804.96732 547.66812 1570.75463
39 78.00 1382.05745 1182.20102 421.06248 2479.40526
40 80.00 1834.16226 557.06666 739.87438 2854.91956
41 82.00 2050.57677 2218.08157 2540.22935 2368.60528
42 84.00 2490.92511 666.59146 2821.81567 1638.54626
43 86.00 2704.55367 1717.78341 309.30784 1214.70318
44 88.00 782.18521 2053.40777 2747.99138 559.80538
45 90.00 2284.49462 2167.26252 2796.48333 533.69573
46 92.00 2835.07317 1167.22960 2905.88398 515.57157
47 94.00 2838.19421 664.95638 2083.79303 1029.97514
48 96.00 1823.81272 2059.31243 306.66217 2581.35060
49 98.00 2818.73832 318.63187 2131.84586 1107.69428
50 100.00 76.97781 1937.46249 1556.80497 2868.77693
51 102.00 2848.73123 1676.05471 46.89723 961.32425
52 104.00 1463.30514 2040.30920 2474.58597 672.62013
53 106.00 582.47862 1884.38325 359.93334 2026.28014
54 108.00 1536.93059 1730.89374 2778.95587 339.59068
55 110.00 1443.65203 1452.74726 140.66951 1564.62778
56 112.00 2114.05835 1745.93088 807.40135 113.07163
57 114.00 2515.68846 630.55760 922.74144 975.73796
58 116.00 1361.03019 980.30349 983.29843 321.66667
59 118.00 2186.79741 1098.33036 2658.29666 2452.61645
60 120.00 1427.56689 2537.62624 1573.57434 714.44651
61 122.00 1278.75024 2554.67799 137.37651 2879.40063
62 124.00 797.26327 2539.81524 2091.37775 1929.93613
63 126.00 327.31409 2851.16037 2377.36280 105.57657
64 128.00 1061.57852 1369.89892 1847.15629 2843.92545
65 130.00 366.04110 1775.20440 1418.66314 180.42698
66 132.00 2197.50534 394.90319 1434.04146 815.04608
67 134.00 389.32767 2534.10656 1580.34927 2569.36018
68 136.00 1044.94877 488.36857 410.54930 992.67967
69 138.00 2427.29366 2428.17523 1284.45530 175.10748
70 140.00 973.36551 2318.77666 1519.31831 2376.88679
71 142.00 1349.33901 1326.60447 895.95052 502.76958
72 144.00 1478.13559 1013.67157 1011.85600 2222.40563
73 146.00 2007.94428 1624.04838 1018.60861 1764.96366
74 148.00 2893.60621 2389.80735 951.98185 2138.02845
75 150.00 1840.94346 533.32533 386.69053 2874.01536
76 152.00 2731.46025 2902.90319 2437.25365 1284.32183
77 154.00 996.88433 408.37582 2553.03942 2647.46998
78 156.00 128.62480 2404.86447 1117.51079 688.72016
79 158.00 1942.02015 696.26869 2875.38397 393.38370
80 160.00 2632.11520 2649.25220 2481.22866 2397.93631
81 162.00 2605.45529 207.72773 16.70912 1019.78931
82 164.00 101.36791 612.27381 1899.01541 1666.63815
83 166.00 546.44711 301.10814 909.78729 2553.36637
84 168.00 1574.37568 1149.20268 1759.30051 2985.30126
85 170.00 1471.88822 1498.75340 2551.02612 2971.38914
86 172.00 666.25655 1347.01308 1911.96548 1323.19148
87 174.00 2848.37252 1929.43678 449.11406 19.09615
88 176.00 1098.88232 1545.94206 2216.24538 503.12684
89 178.00 1106.50302 627.45244 2876.07477 1577.48299
90 180.00 2416.15428 518.62174 1630.09415 2449.06808
91 182.00 2211.13853 571.27116 188.74676 600.54328
92 184.00 429.63782 2523.50113 21.25285 914.60834
93 186.00 277.81226 1131.46899 24.34455 269.55294
94 188.00 734.24545 787.17111 480.45239 2152.63375
95 190.00 1389.55826 72.67616 495.17742 1414.98223
96 192.00 1556.04390 261.27567 1368.08242 2360.76884
97 194.00 2699.55491 1440.23874 962.54659 2240.47979
98 196.00 1089.56220 1883.20359 1451.50005 1136.72881
99 198.00 2588.21320 2826.41318 976.30272 1855.83455
