3
50.0
30.0
3000.0
4500.0
0.3020
100
0 0.00 2843.99279 2712.97160 2109.27249 2296.72267
1 2.00 106.08622 2943.16813 2849.72335 1794.44289
2 4.00 1837.29795 241.78046 1654.27576 2839.80203
3 6.00 811.52522 125.22293 106.80025 1522.81280
4 8.00 1951.01091 1294.54669 910.25505 2549.50051
5 10.00 2914.39695 64.32979 166.06964 2320.83973
6 12.00 2434.08951 1602.55758 2580.88341 2045.82365
7 14.00 2213.77071 1657.48788 156.42125 2297.04455
8 16.00 2086.32160 1289.15595 1280.50074 413.31129
9 18.00 1313.85856 2691.44019 2947.60367 1103.12601
10 20.00 580.93689 1309.57449 173.76752 696.10027
11 22.00 1765.85242 681.37766 2242.42707 2665.00601
12 24.00 2379.54253 1704.14583 2972.81621 44.69568
13 26.00 2159.48055 2437.86568 229.83503 380.14768
14 28.00 541.78043 131.15828 1049.00239 1965.62686
15 30.00 732.73303 877.23816 1818.37154 1436.10410
16 32.00 367.12907 230.41150 750.59657 1630.93859
17 34.00 1484.78776 2205.65588 1070.87494 2745.30259
18 36.00 660.86187 2139.40158 2824.28096 2340.62522
19 38.00 878.05024 1960.93161 1580.53256 802.60575
20 40.00 2093.31506 1510.33621 161.99260 2701.27613
21 42.00 2116.50503 1865.61534 839.35154 610.66481
22 44.00 411.39447 2927.81522 691.60778 2225.72598
23 46.00 632.30890 1117.16996 2449.13913 425.88370
24 48.00 2933.72910 2095.02582 1949.72426 1361.28896
25 50.00 342.71590 1496.72247 101.26855 833.90199
26 52.00 1152.52998 2481.53655 253.47988 837.27745
27 54.00 1829.24318 1486.07250 2588.31843 1153.98975
28 56.00 133.24665 617.19036 553.28039 1293.25489
29 58.00 156.77895 915.44422 1624.64750 1043.41362
30 60.00 77.97631 1826.21788 2679.50808 2768.09605
31 62.00 2722.34875 2430.73106 1772.87588 2271.75665
32 64.00 1022.83315 2487.71837 1302.22803 1282.64757
33 66.00 2187.67840 2206.24346 171.35578 327.63061
34 68.00 1164.33169 2163.89108 2033.90857 2575.54228
35 70.00 2813.92822 1390.50761 1717.80766 1704.90916
36 72.00 1556.73858 487.64661 1143.87311 2236.90161
37 74.00 2773.98342 395.61814 45.55024 2398.76677
38 76.00 2852.90170 256.61060 749.79785 1628.41367
39 78.00 1012.59706 1183.80361 1846.64175 1085.08460
40 80.00 1977.68983 2347.27886 2430.77849 1823.99753
41 82.00 372.91924 1705.32323 962.96817 793.55263
42 84.00 536.35319 1388.17281 1319.72784 1399.31850
43 86.00 2897.65648 1440.62373 2532.97599 653.52750
44 88.00 175.75451 2816.50277 829.33701 1830.98557
45 90.00 942.07960 192.13046 539.41173 2297.93049
46 92.00 828.43303 2607.16612 381.66744 1891.01454
47 94.00 440.70536 1853.84791 148.73902 343.33969
48 96.00 115.50533 2053.32415 2581.71083 1739.67215
49 98.00 125.86676 2152.07309 182.43860 2143.64869
50 100.00 777.16425 772.33522 2035.16346 2572.47092
51 102.00 1060.00513 2154.95789 1801.73652 1049.18895
52 104.00 232.43743 1331.43805 1533.10655 710.93613
53 106.00 977.36714 1114.07809 2468.07883 1247.90901
54 108.00 1925.66108 2627.55941 429.23845 979.62163
55 110.00 2364.49339 1004.95736 1224.41266 1955.93464
56 112.00 1412.05510 2920.50360 1865.74911 480.93846
57 114.00 133.83173 2790.92554 2735.61798 76.60586
58 116.00 1827.11444 2424.10264 1532.38843 2342.62125
59 118.00 1524.54681 1744.45950 1032.15824 644.60616
60 120.00 2492.18031 97.79859 2178.77929 1143.26899
61 122.00 2993.46255 235.33492 231.93432 2806.55361
62 124.00 673.74302 1510.48766 1723.31774 1644.69909
63 126.00 1254.24035 2199.13698 2542.78524 1583.26920
64 128.00 154.29451 1416.98748 1573.34421 1323.05224
65 130.00 807.54816 2508.02682 879.19593 732.08699
66 132.00 729.22003 2302.93024 1085.89487 1367.46352
67 134.00 2244.56484 346.25076 723.13943 2198.39499
68 136.00 2640.68034 1085.64348 1055.95383 1516.93033
69 138.00 2743.90654 1959.98978 1815.65575 1346.90406
70 140.00 1256.55069 1708.02676 2480.35175 375.84378
71 142.00 1612.84769 2329.34481 1222.85232 1754.26601
72 144.00 414.42046 780.83686 860.65557 941.53302
73 146.00 244.51787 1263.06777 2949.74325 1728.03525
74 148.00 1897.88930 2317.93493 2699.61740 2629.21709
75 150.00 46.53675 362.36654 790.12837 1663.73634
76 152.00 2790.37550 2228.56198 379.19385 102.22701
77 154.00 1294.25959 2070.13969 2969.80045 397.13327
78 156.00 2600.63997 2755.86901 2712.78118 1063.10331
79 158.00 1206.95252 1670.82234 2135.95053 357.08893
80 160.00 2692.27896 2695.06168 1774.43401 1849.88878
81 162.00 2982.40231 135.71309 2216.24527 1064.87290
82 164.00 1346.68603 1226.62418 1349.26114 2504.41402
83 166.00 867.87342 1431.31814 403.81662 550.35234
84 168.00 2297.86714 2749.02554 2809.86434 251.36847
85 170.00 2686.79751 1780.65986 1109.62173 1948.21428
86 172.00 1138.12374 1315.76112 1526.00157 1764.24263
87 174.00 2834.30430 290.69581 892.04560 1023.35163
88 176.00 1692.39401 2691.90488 1739.48462 2532.19628
89 178.00 1280.06859 968.40022 955.73490 535.24744
90 180.00 429.58968 2441.96154 2203.87725 2967.61612
91 182.00 632.04207 1557.40491 1725.41347 1846.43249
92 184.00 298.39961 854.37287 355.65323 821.54550
93 186.00 1316.75023 2656.04749 865.43646 2753.07920
94 188.00 2966.41672 2260.40641 2773.54756 1999.30084
95 190.00 423.00938 620.52934 2516.36999 2264.59422
96 192.00 82.05037 2707.62391 2879.57011 1619.48925
97 194.00 2396.97601 19.99532 2497.51348 77.33192
98 196.00 609.42282 2825.41788 1713.49549 2196.26826
99 198.00 1562.68169 2493.11345 884.82474 328.84463
