3
50.0
30.0
3000.0
4500.0
0.7949
100
0 0.00 1587.42291 904.08552 1258.91761 2413.02091
1 2.00 1289.65581 1994.91086 2030.95065 1891.38350
2 4.00 2754.09101 261.48545 1413.67735 1659.97550
3 6.00 144.83796 475.03731 2725.51471 94.24531
4 8.00 720.88614 1246.51255 2174.60078 2169.60697
5 10.00 1239.58660 2818.62772 2349.36727 1364.75820
6 12.00 2559.93498 1026.20422 2862.39797 1132.42546
7 14.00 1071.24150 896.38559 1852.44000 174.51771
8 16.00 750.58231 2888.21542 332.48025 992.47091
9 18.00 2582.60187 750.35484 1074.68457 2217.23616
10 20.00 333.11782 2705.22789 419.13019 1872.78571
11 22.00 1722.59492 1114.39144 705.11792 147.94883
12 24.00 1854.80654 2253.32284 576.42207 748.46697
13 26.00 1958.40342 2636.33450 617.32499 2036.14494
14 28.00 2950.19216 933.97815 1964.47564 944.70295
15 30.00 2240.13579 85.47560 68.51406 1129.54821
16 32.00 52.09188 415.84369 2386.92584 42.61723
17 34.00 1320.04915 2151.90406 959.47862 2997.22427
18 36.00 2239.05008 890.86113 2444.89944 1432.53593
19 38.00 471.55968 2797.63629 2713.40771 1260.19661
20 40.00 856.94758 2952.21169 2204.28166 764.92653
21 42.00 407.42930 2091.78979 2505.83689 1736.69669
22 44.00 747.74455 522.79467 845.62077 1310.34680
23 46.00 981.57446 1433.95751 506.62452 503.18636
24 48.00 100.73168 686.66942 2392.82085 2873.35285
25 50.00 1521.74182 618.73543 1386.29096 334.96982
26 52.00 1122.71837 542.21004 793.40271 2959.09179
27 54.00 1678.01798 2682.03501 1775.22238 2671.01544
28 56.00 2154.97480 2861.15116 900.46779 1810.05119
29 58.00 2855.09565 1152.27920 2175.68556 1874.82218
30 60.00 201.65895 2120.60750 1751.93033 940.70193
31 62.00 2449.49905 1970.43402 879.61764 895.58149
32 64.00 754.26372 964.28910 714.76967 1752.53635
33 66.00 90.51687 217.65091 1111.20384 909.47704
34 68.00 468.63303 2628.13874 2561.44262 1578.95662
35 70.00 1486.54505 1096.43466 766.93762 2671.73821
36 72.00 2362.38901 1506.31939 1409.77819 1464.20343
37 74.00 2062.48036 2293.49573 374.80507 2054.56702
38 76.00 1127.25159 2816.65780 2245.83082 1848.19659
39 78.00 2260.27278 1270.55715 429.75832 1925.03938
40 80.00 1031.13641 133.38310 384.52437 1510.52567
41 82.00 83.57661 2392.37051 928.76229 230.15341
42 84.00 1450.67339 2133.25618 2485.96673 1485.86105
43 86.00 809.54915 2551.84642 128.67872 744.57014
44 88.00 1240.81622 664.68015 894.21813 2239.58155
45 90.00 1762.21637 382.50804 2055.69400 263.40847
46 92.00 2655.72744 1050.15069 970.84097 532.46081
47 94.00 1035.93281 1942.79107 2152.67313 2134.89166
48 96.00 1999.91934 603.65592 376.50632 1684.64527
49 98.00 1198.83774 2061.79773 1506.36972 2761.27842
50 100.00 2878.41576 2040.16547 1268.71490 2653.53599
51 102.00 1563.20594 1524.27091 1042.57843 2228.14680
52 104.00 329.43489 975.30367 2507.55238 2032.02904
53 106.00 242.85257 1264.10400 1679.03383 1746.80134
54 108.00 904.54841 129.44641 718.54156 2802.66637
55 110.00 716.94992 752.65254 1917.67998 1024.90536
56 112.00 2647.82478 940.75071 2086.80728 349.70131
57 114.00 2719.53743 657.25063 1761.03717 1245.97833
58 116.00 563.63905 395.09657 2718.89766 2793.31892
59 118.00 1532.27945 1119.57835 1820.97446 202.12795
60 120.00 385.97777 2846.38596 1923.71727 1288.96987
61 122.00 1702.52496 2536.99421 2675.94381 1674.12894
62 124.00 2279.43368 2632.06636 1739.20165 1660.33801
63 126.00 1576.78334 1713.20521 2481.83179 1882.41909
64 128.00 2971.20627 2218.57737 255.82390 1274.57233
65 130.00 673.40058 1042.51349 1483.98186 152.85074
66 132.00 2125.86424 1166.04351 2625.16041 2967.68571
67 134.00 541.29280 1042.63389 1690.19635 235.74343
68 136.00 751.31898 705.18192 2823.87431 402.42926
69 138.00 844.70244 1759.23018 2155.46985 29.94441
70 140.00 1463.57255 611.39850 323.75751 1817.81604
71 142.00 1712.00417 1507.22859 1275.74187 1400.07278
72 144.00 2046.52379 50.93787 1572.49618 2002.07087
73 146.00 678.66660 1164.91965 1260.18358 449.71781
74 148.00 577.94452 1239.68406 1044.89403 1411.34976
75 150.00 1923.51970 1058.35659 1364.32143 1174.77866
76 152.00 2194.23176 498.60390 1823.95740 928.16405
77 154.00 194.65254 2397.77797 2639.61761 2514.28780
78 156.00 2129.80586 651.26393 2233.47775 1406.32108
79 158.00 55.39853 2257.19159 925.61394 1571.28293
80 160.00 2128.34498 913.81792 2084.29241 1142.81124
81 162.00 2244.44892 974.63154 2050.53204 687.80482
82 164.00 1024.62195 1239.47346 347.80767 1544.55607
83 166.00 2258.38743 38.60007 728.50444 2926.78597
84 168.00 9.91764 2529.20554 2570.84266 2017.79731
85 170.00 2159.62260 988.54562 1998.58957 1239.23640
86 172.00 416.22116 201.32206 1004.52246 2755.43564
87 174.00 2903.31820 2623.86364 2130.51293 281.66180
88 176.00 2790.35303 1507.54979 235.80621 1453.27992
89 178.00 1808.68920 2428.61782 627.29360 1173.92091
90 180.00 1154.81334 685.60553 1952.79494 2815.53730
91 182.00 911.15555 525.56056 220.91312 738.78989
92 184.00 1242.43739 2547.14999 1744.53748 839.64325
93 186.00 30.51277 603.15462 2051.60541 1833.33157
94 188.00 2151.37625 2003.52910 1803.65240 2963.66753
95 190.00 92.59861 674.74456 1083.68102 1035.10846
96 192.00 2065.48544 1998.88401 322.96748 602.60692
97 194.00 2131.48144 2218.91828 378.43322 2067.82133
98 196.00 2858.56246 990.06704 1354.88382 294.43099
99 198.00 1894.07834 142.30873 2418.71445 2351.01842
