3
50.0
30.0
3000.0
4500.0
0.1485
100
0 0.00 2441.21476 2117.96508 892.33450 1843.45355
1 2.00 254.25591 401.84331 353.58496 916.14001
2 4.00 549.13355 2080.30963 1532.47461 1254.71732
3 6.00 413.60190 1151.12989 557.26110 1906.50493
4 8.00 2080.29878 1935.78029 2999.69866 1664.73773
5 10.00 1468.92608 420.88961 943.74004 1353.00291
6 12.00 160.83379 1077.11752 28.75032 409.60414
7 14.00 2445.64782 2891.48727 1516.31406 1484.90954
8 16.00 2054.09001 1246.89131 2519.67541 1466.09854
9 18.00 248.01188 92.58212 2283.16986 876.26973
10 20.00 824.55875 1612.82585 504.62693 1371.96416
11 22.00 2227.55476 2297.75866 1649.17855 339.63299
12 24.00 342.61995 2325.33908 2469.84842 1100.58532
13 26.00 2467.83278 124.83157 2156.94072 1639.05982
14 28.00 2969.32718 307.24932 2490.21215 2254.03648
15 30.00 893.12681 2997.93801 1349.19703 1045.73093
16 32.00 2450.18576 1317.20971 2981.87305 2326.89495
17 34.00 710.83817 2432.10815 1763.77169 1051.89252
18 36.00 2132.26188 1898.31189 497.94485 417.70490
19 38.00 619.85897 620.82816 178.07350 1052.44644
20 40.00 843.25506 1616.30564 970.96085 2112.16129
21 42.00 867.99973 802.02920 2574.05053 2956.46491
22 44.00 2037.89795 285.67549 2888.31598 2357.07314
23 46.00 2756.30614 2977.45868 2601.14277 380.66451
24 48.00 2598.23638 749.03173 2134.18455 2485.44541
25 50.00 2284.42076 2028.70366 1468.37618 1732.27659
26 52.00 806.15146 1242.67527 1355.97517 1900.88329
27 54.00 2640.37524 279.28435 1546.84042 834.67706
28 56.00 2809.00834 1107.21352 2850.76224 981.86784
29 58.00 7.41926 2322.40587 2198.17208 2192.79581
30 60.00 1375.34777 1992.43146 1074.66819 189.99206
31 62.00 1603.27339 653.48981 1288.92930 635.55440
32 64.00 805.61051 2485.03085 1013.26547 1733.80092
33 66.00 1698.42633 1456.01371 1031.21886 2047.65578
34 68.00 145.22778 298.72423 2351.66929 1378.74529
35 70.00 372.71154 2572.95480 1323.85785 2.02779
36 72.00 2874.09531 606.95462 2065.77565 395.73926
37 74.00 1949.99160 476.93239 2798.17669 822.05837
38 76.00 1963.76389 751.16784 1115.53130 2711.40081
39 78.00 496.57524 1189.02470 916.52773 2098.32411
40 80.00 702.43152 1966.45569 2111.09412 3.25891
41 82.00 1430.42012 398.09938 678.57258 2039.94818
42 84.00 27.86084 2086.79132 2451.32708 2964.46473
43 86.00 1266.94180 396.52545 212.48492 1149.20978
44 88.00 2192.29015 307.28151 940.05443 2642.96698
45 90.00 411.38788 2320.38145 2259.47340 399.43869
46 92.00 2978.82047 428.55920 1591.52483 25.42423
47 94.00 1950.06064 1320.29826 2167.29608 1884.24012
48 96.00 454.12239 1235.12968 2059.69851 2579.88757
49 98.00 260.06410 301.39534 2257.33694 1768.72175
50 100.00 1152.09573 2889.74613 943.51100 419.49057
51 102.00 830.90297 252.74615 1660.18990 1800.02360
52 104.00 1822.77930 2336.90896 2071.42823 2543.67631
53 106.00 1975.21611 904.94800 1553.24738 1528.56770
54 108.00 2243.53092 886.62615 163.70739 2693.73768
55 110.00 2864.01453 1484.66316 338.23099 1498.74762
56 112.00 1781.78930 1584.85950 2933.09084 2960.64760
57 114.00 2801.77321 395.94864 2582.44201 1705.14117
58 116.00 1096.23739 2048.82615 2288.17781 2863.35895
59 118.00 2311.10115 50.06821 202.59771 786.55583
60 120.00 119.48059 181.40658 2367.87000 1519.83181
61 122.00 1885.71209 1503.14690 1246.29598 2105.43192
62 124.00 247.28344 1609.69445 1848.14117 832.40321
63 126.00 929.72066 1533.91409 609.59248 2424.18024
64 128.00 1609.17052 1172.19451 1902.88274 2503.57941
65 130.00 2043.16705 198.34525 2096.02764 2189.87513
66 132.00 2539.40435 173.71783 258.63840 1303.45077
67 134.00 1360.11553 1826.49721 927.87019 2225.08053
68 136.00 2221.97454 358.32902 2123.70182 2104.49883
69 138.00 491.49789 2859.04861 1569.01609 2348.96130
70 140.00 2162.29655 500.88886 380.79182 2343.37194
71 142.00 806.29346 2659.24428 2314.29087 88.06875
72 144.00 2421.32354 815.94179 191.61597 2136.96974
73 146.00 1729.95502 231.21009 1365.59333 1080.37169
74 148.00 1498.83002 1700.65838 1103.06333 765.34824
75 150.00 308.71475 1721.73692 2168.33512 685.21327
76 152.00 1526.47465 132.11372 2588.78548 733.65435
77 154.00 1415.29377 1148.93842 450.25400 2793.48023
78 156.00 2572.45559 1658.59437 2741.84301 2221.99748
79 158.00 1258.10791 965.40604 1248.76980 2160.86376
80 160.00 813.77387 233.66121 1118.42450 1506.12283
81 162.00 2705.82303 538.03305 2413.01406 2944.24159
82 164.00 2862.23822 206.77931 1395.28253 846.92061
83 166.00 2534.53951 981.90277 1659.27419 23.90752
84 168.00 602.01346 1691.42022 911.72792 1868.15257
85 170.00 1391.78007 1775.07280 1480.08203 2317.83979
86 172.00 586.26727 2701.32989 2281.44666 735.38062
87 174.00 19.13365 1230.10833 698.99323 1039.27109
88 176.00 2518.72202 2631.59584 2852.97079 4.38612
89 178.00 1971.91155 2547.01796 2181.64512 311.84706
90 180.00 1589.44347 714.50278 1476.08663 179.68523
91 182.00 2990.87781 2134.95742 279.07992 2763.82321
92 184.00 2691.86242 1559.27766 2102.54073 1117.47592
93 186.00 2923.66437 254.70725 286.73102 400.54155
94 188.00 2459.88868 224.49145 1703.46218 1304.94864
95 190.00 2892.65482 710.31520 782.97282 945.02675
96 192.00 2402.45047 2102.17682 2206.05861 954.17316
97 194.00 815.86762 224.06231 608.13788 2339.81095
98 196.00 1754.12411 466.23165 493.12494 1398.16534
99 198.00 1219.53766 1607.77365 2893.90417 622.90868
