3
50.0
30.0
3000.0
4500.0
0.6253
100
0 0.00 1160.71104 2735.16819 2388.25403 1707.38360
1 2.00 2895.76834 2157.95440 2252.06650 1935.51877
2 4.00 688.40417 392.06516 2443.05219 2994.14704
3 6.00 2115.50266 1788.54915 2048.03114 370.14848
4 8.00 207.45398 2590.12908 1675.95974 299.52313
5 10.00 1191.31813 1634.48753 1738.73152 1393.64062
6 12.00 32.32394 831.81603 353.59709 996.34154
7 14.00 739.80857 1795.08334 1912.84894 1193.91944
8 16.00 415.64159 2623.88761 2857.80166 1204.58733
9 18.00 10.34182 522.69665 1270.33084 2204.91155
10 20.00 2270.19375 1651.20883 1530.13219 1100.51520
11 22.00 829.03322 31.39361 2594.51843 2784.16940
12 24.00 695.71504 2318.10784 1104.17165 692.37124
13 26.00 1510.45672 894.12757 2047.32889 1864.67279
14 28.00 248.04868 1224.76088 1345.90357 2656.16852
15 30.00 978.81426 253.38309 934.49520 2754.82882
16 32.00 1132.14535 653.01648 2070.80304 1035.48347
17 34.00 77.99490 488.77313 244.46239 141.25471
18 36.00 2423.42153 265.28138 2732.64640 733.63044
19 38.00 260.34166 991.25715 1539.68167 1904.35798
20 40.00 2119.60111 1698.78411 35.80333 661.64114
21 42.00 2424.07840 2586.96859 1361.38737 1478.34577
22 44.00 1478.83266 2571.06090 2097.77659 576.73674
23 46.00 1036.19906 1500.95108 2722.66404 2679.75514
24 48.00 910.39433 388.70842 2730.22838 2095.94114
25 50.00 14.43814 279.66801 1176.48123 1622.61188
26 52.00 695.57715 1903.77723 1665.84187 962.28051
27 54.00 717.20339 1155.55458 776.60287 2268.16250
28 56.00 1360.63657 2498.18501 1372.51529 2597.00821
29 58.00 1306.74959 181.92304 1163.32117 673.32204
30 60.00 973.79221 2862.50638 2528.37478 2793.65939
31 62.00 2397.11429 1365.13955 1905.06715 2526.10533
32 64.00 2528.27563 1917.15826 1417.25738 709.00268
33 66.00 682.93984 531.14123 1740.43236 1260.59661
34 68.00 2486.15162 2175.88324 999.99299 2264.79019
35 70.00 1499.61769 2940.07246 2983.63459 1020.85758
36 72.00 2338.44484 906.58402 842.71846 1599.98785
37 74.00 129.56756 910.41172 2619.73766 1316.36738
38 76.00 2405.97844 2531.09189 1624.20389 2972.48150
39 78.00 1161.05014 2569.33726 2535.37654 486.59381
40 80.00 154.39310 1783.05447 2546.13006 2673.00130
41 82.00 1079.63591 1739.16419 2669.31403 2408.23883
42 84.00 1240.66966 352.10102 322.50772 1452.35042
43 86.00 2979.68838 1417.96941 920.02026 1348.72498
44 88.00 869.79002 2229.53918 1254.98274 1384.00414
45 90.00 1535.20821 2370.74658 455.10205 1162.20346
46 92.00 1729.84563 888.12986 1013.56006 2829.81998
47 94.00 2040.90071 2274.63531 1739.91003 1826.56522
48 96.00 773.46338 2055.84344 1585.27419 1046.62442
49 98.00 1250.58706 2528.55294 1136.86830 1770.39827
50 100.00 1792.37737 2766.50682 2861.57346 2153.48618
51 102.00 1223.17084 655.45161 396.65034 1229.30125
52 104.00 1643.58418 101.31004 2302.58920 1328.57792
53 106.00 1322.12180 1368.64564 1788.43017 1405.16214
54 108.00 2270.60651 615.36182 1695.00245 2476.24349
55 110.00 432.94527 668.46336 1405.30757 551.21288
56 112.00 2236.28758 2276.39785 1332.11775 2010.23986
57 114.00 256.19694 2839.05746 2277.86816 2965.06797
58 116.00 369.60811 1661.69591 1258.32895 562.29404
59 118.00 2378.92134 1220.59989 2900.50734 1959.47416
60 120.00 503.77552 605.14871 695.48484 2053.23265
61 122.00 2328.94743 155.65723 429.29259 1850.34779
62 124.00 2787.22144 756.69350 1137.25566 2362.49429
63 126.00 2443.18603 2668.79097 2503.55541 2855.79834
64 128.00 1133.53762 2954.73202 775.77012 679.69735
65 130.00 2751.39074 1196.47995 1031.36951 391.54423
66 132.00 1023.07057 1613.05721 1175.36338 2335.58402
67 134.00 1796.35706 271.03188 1517.54494 727.32030
68 136.00 2146.20736 145.68045 2356.40963 2584.45765
69 138.00 794.70327 1593.18754 2484.08399 1008.99525
70 140.00 1595.12417 2339.61714 1021.92812 319.90144
71 142.00 2885.53972 1895.25353 2294.00608 1560.84644
72 144.00 29.41718 500.15577 1050.18964 933.05462
73 146.00 429.51774 2406.48374 971.95043 2923.27960
74 148.00 1230.59125 2980.07365 2911.86892 1095.49057
75 150.00 2402.14317 1439.01382 2578.91951 2853.58973
76 152.00 1651.94570 1912.62491 1339.89040 1190.66224
77 154.00 2036.20667 126.12970 2166.32014 2852.86611
78 156.00 506.35140 747.31931 225.48225 1441.60744
79 158.00 2705.89323 279.09010 2906.51652 2710.70094
80 160.00 1680.54797 2893.37420 2767.51093 2854.26156
81 162.00 2327.05755 1985.49941 1619.83676 1415.92601
82 164.00 1573.45041 1452.10845 2759.05667 1558.18376
83 166.00 608.94808 2392.74313 228.86599 2404.31632
84 168.00 2416.69731 1702.15184 2391.61065 521.04343
85 170.00 2452.30244 1421.66836 1999.59906 1176.90551
86 172.00 901.25118 1281.33088 703.36435 2280.72513
87 174.00 1625.70594 1519.67523 1413.02215 58.15841
88 176.00 235.74267 123.98234 1581.21314 936.65838
89 178.00 2054.32423 450.18898 63.60667 2043.31684
90 180.00 2191.86758 1968.25072 10.87935 2169.47550
91 182.00 1467.29512 892.67234 2841.34631 200.46972
92 184.00 826.28034 1494.86765 412.46723 2594.66508
93 186.00 204.45234 2605.33122 807.18041 1245.15727
94 188.00 2623.33845 958.61392 2219.16434 2339.75682
95 190.00 1066.53516 1217.26134 2041.63781 1341.94945
96 192.00 827.32480 2475.70995 689.43538 2163.93177
97 194.00 166.20649 1603.66136 2301.00644 877.06395
98 196.00 1628.55875 2816.55366 565.91792 40.19048
99 198.00 2902.78600 1523.06583 1480.23380 2706.26059
