3
50.0
30.0
3000.0
4500.0
0.1242
100
0 0.00 2533.45308 729.94942 1766.61386 1571.88763
1 2.00 1187.30009 930.82369 1018.53984 999.20587
2 4.00 504.39812 1531.44985 342.07992 1529.85619
3 6.00 2717.76819 1048.12580 2182.13732 2456.84580
4 8.00 2445.11102 708.80655 439.33265 591.81541
5 10.00 1807.19696 2280.64589 1966.52703 531.43839
6 12.00 2318.54427 1482.35108 2263.33748 2279.63145
7 14.00 1346.71577 2772.46278 1693.47535 1905.89496
8 16.00 1873.56534 2592.74062 1881.65222 452.87220
9 18.00 204.85878 1326.62419 908.46131 824.02100
10 20.00 168.51636 1522.01066 931.22355 1355.74159
11 22.00 170.67015 2495.08989 230.19300 2592.75010
12 24.00 2565.88011 1845.02517 1521.20345 1388.13498
13 26.00 1662.94911 2375.45339 2687.63030 1349.20111
14 28.00 2429.44775 1955.51236 964.58029 1426.88708
15 30.00 452.58323 185.62110 310.50563 2697.38050
16 32.00 1030.31333 2142.94665 1513.64700 517.67673
17 34.00 743.23117 1313.27482 1318.26538 1568.24411
18 36.00 476.23862 1118.55595 848.68074 1226.30819
19 38.00 1015.10144 1793.65759 2367.68079 1941.91607
20 40.00 197.73556 283.51784 2035.13803 852.44092
21 42.00 2171.20097 1969.69226 2719.02809 2619.83899
22 44.00 1000.08611 1748.21854 424.28514 1049.46236
23 46.00 2903.08952 2095.43989 1175.87395 1785.12368
24 48.00 2814.00660 928.74566 1130.03792 2374.98587
25 50.00 2439.55435 2010.34920 2486.87692 2216.32402
26 52.00 2056.24332 1579.18002 1938.07446 1270.21910
27 54.00 1085.48429 1087.79301 540.78877 642.57798
28 56.00 2843.00480 1458.81276 679.62914 412.69606
29 58.00 231.49525 2533.28517 303.42229 2312.62416
30 60.00 2505.35948 2651.04650 113.24248 1010.29312
31 62.00 2298.92281 393.14712 1130.15961 486.74164
32 64.00 2494.03517 2313.29344 2427.13116 496.61750
33 66.00 1313.02022 1232.57583 2029.08877 712.59060
34 68.00 1332.59613 854.78380 2245.60955 1346.78389
35 70.00 1602.03345 928.40369 2425.87161 1407.04682
36 72.00 2505.34018 1103.52287 2841.39051 2953.31938
37 74.00 1385.03994 845.31520 1145.61730 1582.37937
38 76.00 2898.80446 2450.67372 2403.77767 415.19560
39 78.00 750.00963 1923.53711 2622.35084 1663.62224
40 80.00 307.76920 2537.67683 2553.49814 855.18904
41 82.00 2289.35049 818.37390 2715.91863 442.04597
42 84.00 1312.41768 2839.23979 666.11402 1353.38397
43 86.00 1048.75523 80.01057 159.77066 1506.02134
44 88.00 707.33422 2983.57605 1124.73802 84.56264
45 90.00 2792.47771 2517.52886 1949.88205 2374.14191
46 92.00 412.79876 860.63819 2489.28475 2088.21597
47 94.00 416.37808 2116.60853 1345.80442 15.75359
48 96.00 237.67731 767.77179 2504.88930 1646.41274
49 98.00 2181.70436 1583.31452 333.56058 864.30473
50 100.00 903.45358 143.24834 1259.47663 2381.69733
51 102.00 1371.34085 332.57369 2715.44066 1790.21713
52 104.00 49.30606 1546.12719 725.81440 430.73052
53 106.00 1287.71668 1844.42875 721.69272 1249.70279
54 108.00 1993.11391 256.84186 2923.96347 203.03797
55 110.00 1578.17834 1521.98309 2964.99446 1662.45586
56 112.00 1171.36120 1410.40523 1907.01237 2943.11827
57 114.00 760.95078 48.72669 2365.56005 1034.40748
58 116.00 2198.82306 1884.77089 2314.50412 2205.56095
59 118.00 997.55583 133.00706 1638.04124 2440.52660
60 120.00 525.26738 2337.42778 1393.86870 2086.16776
61 122.00 1895.20754 2434.49305 189.30161 2328.57120
62 124.00 1373.03873 880.32771 131.41883 598.40950
63 126.00 125.71783 2800.11294 1546.15077 2967.36811
64 128.00 1629.09209 759.94130 2259.87276 573.31029
65 130.00 1070.92253 2342.52470 2597.39483 995.77406
66 132.00 373.42502 1104.05752 2668.45955 2229.92312
67 134.00 2683.91248 1159.93430 2921.17075 1488.60968
68 136.00 1492.57018 2772.93140 1557.82756 2403.44426
69 138.00 2181.24397 236.78102 1807.35990 2467.02384
70 140.00 1636.42319 963.63428 240.20673 1982.75766
71 142.00 919.48757 1807.86488 1278.34822 2069.29443
72 144.00 1054.64095 127.06549 2610.11153 1057.67793
73 146.00 2994.45179 823.66608 2940.08184 2843.71314
74 148.00 225.12349 1912.53761 1089.93339 2403.28793
75 150.00 2038.23182 2858.36819 428.33841 1822.71871
76 152.00 2343.93591 104.39690 201.70009 2335.54612
77 154.00 1098.98542 1148.56321 1701.73393 1815.28449
78 156.00 2037.18617 2846.47059 1116.04014 2289.25342
79 158.00 1721.76534 1588.37964 1194.10214 1948.68221
80 160.00 748.83496 340.34584 2207.02458 1497.13188
81 162.00 1160.96214 1685.01813 785.33003 780.86931
82 164.00 1338.81934 2989.09534 856.73063 2749.43673
83 166.00 1473.60059 367.91227 2558.47887 1356.12806
84 168.00 2696.03709 1335.33358 263.37222 2045.78778
85 170.00 2536.56366 958.76332 1042.27588 194.81723
86 172.00 1626.51408 2673.99505 2554.08615 2135.42731
87 174.00 2781.97337 1913.10007 2381.08915 1526.26724
88 176.00 364.08737 602.94111 416.63062 2371.11918
89 178.00 78.85208 1662.06431 1106.73350 2410.98518
90 180.00 1654.94080 1835.84509 258.64644 927.87215
91 182.00 2998.78513 2156.60898 1577.08696 2307.49365
92 184.00 2470.01820 221.25214 2917.13919 1927.01577
93 186.00 1349.92349 2040.32697 1033.54434 2633.88045
94 188.00 2340.78879 1919.38179 545.88941 2898.79384
95 190.00 1297.85486 2732.13681 166.23855 372.48336
96 192.00 459.04640 493.97124 967.98225 2127.99640
97 194.00 1038.06925 2822.71216 2684.77775 2537.80112
98 196.00 751.81593 1905.17127 1652.52425 375.51089
99 198.00 908.47382 1600.43409 1507.71943 505.90771
