3
50.0
30.0
3000.0
4500.0
0.8434
100
0 0.00 894.11671 2930.95081 695.53760 1307.51135
1 2.00 614.95750 1323.66102 1586.15871 1050.22425
2 4.00 1351.20177 898.31654 2242.52391 2049.06040
3 6.00 1039.06571 1963.73822 1086.62091 349.40545
4 8.00 339.69446 1895.24421 1605.66009 2877.56923
5 10.00 791.83815 2377.93777 1802.78058 1170.90925
6 12.00 2756.45695 729.47500 1693.46099 543.27118
7 14.00 1436.67602 1432.41494 1450.11769 711.00959
8 16.00 1920.63006 238.07663 666.78030 822.49491
9 18.00 1365.30645 1107.57186 2707.39417 218.12362
10 20.00 2571.59860 1862.52916 2783.31887 2267.86158
11 22.00 2497.81918 1407.22481 1119.93846 1777.88219
12 24.00 2006.44097 2545.03128 662.82515 2191.41419
13 26.00 2441.92718 121.47134 2336.91564 2754.43418
14 28.00 971.06205 36.88583 859.95773 2218.31630
15 30.00 1314.45046 1139.35213 1651.58749 853.14741
16 32.00 967.55913 1701.82521 1714.95778 831.74721
17 34.00 2776.67497 871.34960 377.05513 1973.12381
18 36.00 2609.18819 309.44639 404.19326 1830.20314
19 38.00 740.88858 2650.03746 165.97388 2937.01592
20 40.00 1219.25963 710.23641 1115.57787 2374.30244
21 42.00 2630.34713 1105.28227 2834.66744 941.30547
22 44.00 2720.53805 1755.95607 1625.10670 1710.96511
23 46.00 2992.59674 469.29157 557.71348 2111.77786
24 48.00 1783.23364 2748.68068 1576.04182 1680.42074
25 50.00 2291.72140 975.64956 1412.06830 1954.92194
26 52.00 1656.09163 2334.80252 2360.30713 2952.69525
27 54.00 1395.20846 2818.34769 742.65285 1763.96904
28 56.00 1406.58846 658.47727 1923.67862 1546.41437
29 58.00 741.77737 1312.03421 1154.46202 81.67587
30 60.00 1498.55518 1708.14832 1495.77093 2431.24074
31 62.00 2789.79884 2928.24642 2372.88967 2262.24098
32 64.00 2058.35388 877.00917 2987.86026 1985.27900
33 66.00 1331.07118 421.48869 1199.18955 2835.46359
34 68.00 2684.14646 2188.00121 2912.33588 2221.25016
35 70.00 2058.80600 51.65320 1324.32970 693.96847
36 72.00 545.89895 2848.71689 1214.28435 443.14911
37 74.00 1550.38110 1036.89516 1157.43325 47.09902
38 76.00 1863.45609 2012.13350 2213.50824 1276.06513
39 78.00 363.20099 1376.43844 958.46328 1752.16105
40 80.00 2520.49876 2871.72391 2836.81261 1326.90344
41 82.00 833.88235 1912.52789 1660.84734 2150.03340
42 84.00 1770.93102 2538.98231 1659.20355 2011.78835
43 86.00 2946.65738 2013.76908 912.47495 1484.53249
44 88.00 2135.52006 2294.44269 2072.04776 2419.24169
45 90.00 1093.69892 2224.96277 1016.19498 1879.96771
46 92.00 425.80554 1564.72117 2611.28329 2836.66942
47 94.00 99.71047 1360.31629 2094.64388 72.10628
48 96.00 246.21371 569.64576 136.32570 1818.02958
49 98.00 1345.30291 194.47758 385.47518 320.27168
50 100.00 1164.37989 726.99602 1349.70702 84.28079
51 102.00 2793.70244 1450.51541 2833.02034 2810.60932
52 104.00 673.18369 1707.48708 2442.66613 2312.72125
53 106.00 334.91728 2935.57144 2175.13609 511.94725
54 108.00 253.41339 1419.40148 1438.32893 7.56709
55 110.00 2659.09520 2065.46959 1699.07557 2486.63112
56 112.00 1587.54637 1592.08467 100.01737 1677.80188
57 114.00 2050.40469 1505.57951 2933.33262 1275.15538
58 116.00 2800.22574 1547.67153 370.86728 1329.13632
59 118.00 596.85415 1183.99736 1007.91643 1241.29032
60 120.00 2802.92220 1424.41002 1114.18033 2802.10258
61 122.00 1692.36551 1346.70715 730.54113 2742.04084
62 124.00 2372.26053 871.83199 2432.65159 955.35426
63 126.00 2235.15021 1916.41212 2665.01079 1444.17250
64 128.00 1976.81936 1061.37478 35.81492 117.29765
65 130.00 984.62857 2475.24122 2246.28251 1952.95922
66 132.00 2212.16522 1644.36767 77.37287 1621.73863
67 134.00 960.47034 976.00022 1342.66223 633.69066
68 136.00 1453.29252 875.88322 1079.36672 1417.89261
69 138.00 446.93649 1579.18469 458.74800 2823.59880
70 140.00 49.24848 858.77502 1109.54569 2367.62856
71 142.00 2205.42712 2808.95834 908.92535 734.08552
72 144.00 1218.20179 41.33187 2013.35103 1284.36671
73 146.00 2041.59466 343.74165 1029.82916 1100.17215
74 148.00 1147.22011 1310.17754 692.87357 853.59822
75 150.00 2113.88416 1321.35193 1963.21446 135.11639
76 152.00 124.29376 2487.77945 1007.14547 902.60714
77 154.00 2846.88926 1661.19248 413.33697 1878.57980
78 156.00 69.31129 2622.42114 1712.03789 2045.31310
79 158.00 2780.55846 1153.28095 1820.94617 923.25161
80 160.00 725.98838 1311.28430 1044.85259 2088.03559
81 162.00 2686.90169 2473.17911 2836.30092 2760.94297
82 164.00 675.79286 1966.24641 633.49724 652.60343
83 166.00 878.64385 420.31404 494.22871 1088.45989
84 168.00 2313.64633 2748.91331 291.83613 115.14445
85 170.00 2188.64885 707.13744 193.86439 2289.53187
86 172.00 890.36082 1928.46706 551.93331 816.44084
87 174.00 1908.15454 2350.28379 1892.01631 2130.58064
88 176.00 1204.13283 743.35413 1822.40568 2311.24252
89 178.00 2188.89358 779.54968 635.15656 2721.54491
90 180.00 2130.16531 54.53466 2104.42740 2618.95050
91 182.00 2172.81875 2603.33993 1631.19853 2209.92877
92 184.00 1487.44562 497.15034 948.53284 904.77336
93 186.00 2062.27426 1129.43901 2216.22121 152.78903
94 188.00 1738.64878 2835.66292 632.27027 1493.44919
95 190.00 41.73488 1769.95854 2905.81654 2662.61971
96 192.00 2908.89950 2877.74108 2733.09149 307.94185
97 194.00 2679.95334 689.46826 1880.12022 882.17247
98 196.00 1808.21456 2038.09110 1648.54769 1094.50320
99 198.00 303.44370 757.14704 783.32714 1226.56147
