3
50.0
30.0
3000.0
4500.0
0.2616
100
0 0.00 778.05575 2706.81987 1226.37721 1880.51214
1 2.00 1873.26437 2605.08598 498.37840 879.37676
2 4.00 1133.18561 830.28661 1026.45575 1756.93920
3 6.00 1433.69136 2018.41378 302.42743 183.16940
4 8.00 2255.39609 21.67998 1747.33635 2962.85650
5 10.00 290.52555 1567.00363 21.78587 1808.95462
6 12.00 2960.69053 2284.09191 2796.38514 1419.69535
7 14.00 1011.08990 1288.36086 1112.35537 2670.45659
8 16.00 2998.33541 2450.54158 2822.97314 1995.23486
9 18.00 1135.30709 171.72463 1068.08770 990.76576
10 20.00 300.53209 1370.75778 2094.92481 2175.66056
11 22.00 2663.91165 416.58908 1805.72753 2607.01585
12 24.00 838.40259 2097.79386 2445.15528 1105.28969
13 26.00 1855.05509 1976.62832 1425.59828 1239.37978
14 28.00 563.80481 2958.54422 2872.64143 2437.85714
15 30.00 49.89091 1080.61684 137.26285 2422.67344
16 32.00 976.57560 1332.91848 1820.28905 1200.49557
17 34.00 1837.77704 244.10769 1283.74884 2794.45041
18 36.00 2792.53351 2960.61439 2571.30000 2715.60829
19 38.00 2202.83323 881.58892 585.23087 429.48433
20 40.00 1560.16329 1715.67787 2570.40783 1513.90985
21 42.00 383.58406 2390.46228 904.04491 2019.18648
22 44.00 1646.23998 2624.35733 504.15855 1338.86010
23 46.00 347.03593 1987.92633 722.70484 634.92246
24 48.00 2259.75756 1979.23531 268.29545 1304.68022
25 50.00 2147.29547 480.70583 2786.90208 2707.94556
26 52.00 2298.92647 661.12810 772.88563 1428.90695
27 54.00 2692.53265 369.29433 407.26930 1603.62991
28 56.00 2176.24322 271.32526 2075.35364 2615.82182
29 58.00 2795.33987 2299.01216 1802.03826 1931.95962
30 60.00 1131.03097 2152.32820 2208.00746 1144.95151
31 62.00 1926.30661 1685.69983 2568.42304 2425.34245
32 64.00 670.65251 347.06990 263.04102 267.41828
33 66.00 2221.74366 2811.63195 2233.85326 348.31867
34 68.00 1103.21108 2559.99093 2862.20586 1730.75053
35 70.00 5.03547 185.65481 1606.80912 2541.35579
36 72.00 2939.54849 958.92897 1095.07153 2037.90651
37 74.00 2389.69591 1559.25415 1804.85292 666.42467
38 76.00 1185.93715 1614.87883 1381.80831 434.10236
39 78.00 2828.66973 2511.64996 1499.49800 1367.35359
40 80.00 1804.39624 437.61210 1996.05211 2403.87527
41 82.00 2108.90043 1796.64092 926.67428 2971.00534
42 84.00 370.39204 2990.54581 2119.56680 1434.84824
43 86.00 2486.06191 1485.07658 2112.42143 1130.12588
44 88.00 2943.42839 999.43364 2483.65408 631.83926
45 90.00 2197.97431 2431.25596 2101.22224 157.69891
46 92.00 2596.29569 537.06070 1462.51395 1175.42359
47 94.00 2953.16863 1977.75093 2545.55474 2973.18964
48 96.00 1643.82873 1012.23044 2033.69606 2970.94290
49 98.00 2273.14256 1173.18928 1583.53330 849.11961
50 100.00 2089.12895 585.27653 2568.75666 1181.31736
51 102.00 392.70205 2256.79944 1741.15104 2415.21536
52 104.00 2549.42916 2128.76259 1372.59750 491.08340
53 106.00 412.68288 2087.86658 873.24471 434.46865
54 108.00 654.40942 2245.14755 2205.95669 27.39754
55 110.00 2177.87254 1727.04629 2034.95342 2965.45256
56 112.00 442.81638 2851.19446 1281.33319 2524.98027
57 114.00 2777.95601 288.14320 2922.47628 538.89864
58 116.00 157.41635 2940.83028 1950.29341 1780.17717
59 118.00 2909.18092 1880.91764 1211.98199 101.97848
60 120.00 722.56626 1465.87768 2063.95232 2863.66609
61 122.00 1958.39090 1126.11492 2075.38455 2385.97563
62 124.00 1975.55655 2333.19243 2594.68737 1950.93281
63 126.00 825.64812 1959.58642 1101.96917 360.00116
64 128.00 247.91097 1467.65532 2006.37663 1529.24549
65 130.00 69.08028 1718.94573 1717.89170 821.17442
66 132.00 2236.07788 2383.03114 543.28978 1452.57443
67 134.00 1933.78995 1300.96944 1714.26930 298.32377
68 136.00 190.49490 2726.64157 2385.67448 554.66955
69 138.00 2438.60381 59.23917 1668.18049 1609.25037
70 140.00 2436.58878 1465.68979 1556.70335 1754.16462
71 142.00 2141.24737 2370.20308 372.26799 2258.96457
72 144.00 2897.04313 2692.80689 541.99252 1797.30782
73 146.00 539.81267 1664.16531 2401.53892 369.13591
74 148.00 386.44797 618.68970 483.63079 1687.48863
75 150.00 2554.35032 105.01584 2939.78530 1518.44493
76 152.00 1090.67892 1633.28145 1269.15398 2835.68545
77 154.00 0.25669 901.79993 2838.64385 1558.32922
78 156.00 2348.40547 1977.47273 1334.76086 1731.21441
79 158.00 2085.30448 1567.99878 2958.05857 1056.35138
80 160.00 1614.62846 629.51852 297.02739 2459.28989
81 162.00 711.30107 564.22095 899.12769 2497.88341
82 164.00 2872.26878 1806.43316 648.11990 1077.19549
83 166.00 385.47634 1866.93823 223.07898 764.90211
84 168.00 1145.34694 2710.97980 1200.17813 249.76223
85 170.00 762.53818 1276.03009 2083.54611 1607.71296
86 172.00 211.67414 2198.02470 2986.07781 2090.40880
87 174.00 577.88226 1116.42678 1971.95416 2461.52462
88 176.00 1814.83408 1259.05942 460.47423 2977.34697
89 178.00 1300.88139 77.72959 1810.82174 232.57379
90 180.00 373.86367 329.97040 1645.10635 197.87808
91 182.00 1920.53247 1088.45845 1000.55205 819.75901
92 184.00 2606.56611 677.29641 29.59000 1131.46795
93 186.00 2906.32046 1135.89705 315.00819 2776.90758
94 188.00 527.19412 2184.98224 919.64866 2464.02975
95 190.00 1468.85580 1586.88036 2101.36661 2596.19505
96 192.00 1654.62670 1822.40083 2689.71073 512.24225
97 194.00 2839.53092 1168.68999 1035.51866 2223.89141
98 196.00 2904.00085 1595.04641 1783.85094 2548.89005
99 198.00 1430.58561 382.71661 28.49241 1540.69626
