3
50.0
30.0
3000.0
4500.0
0.6414
100
0 0.00 2979.78295 2276.23622 1608.90848 480.93645
1 2.00 1435.89885 1572.01622 36.09456 2847.73918
2 4.00 2143.60697 469.77898 5.33281 1914.95562
3 6.00 1661.92726 2019.68870 2830.91884 871.14940
4 8.00 463.01337 579.46628 632.33501 1259.92489
5 10.00 53.22784 1547.29508 2181.45523 2135.76250
6 12.00 86.33494 1600.40182 149.15062 1201.02687
7 14.00 1330.33381 2652.92382 2280.70516 1751.96487
8 16.00 2965.93690 1113.68506 1924.62970 1040.03835
9 18.00 852.16685 1645.87413 1234.96832 2675.09627
10 20.00 780.63692 1442.41792 1692.89596 2831.45797
11 22.00 1136.75450 1545.30648 1253.56895 1117.72272
12 24.00 2605.19194 1012.87887 1474.27037 302.92876
13 26.00 1274.95972 1062.97026 136.30144 2006.50588
14 28.00 2386.81567 2463.08042 621.68466 911.01062
15 30.00 2778.38498 268.21448 146.44358 1877.45041
16 32.00 1316.68664 1765.71382 439.64893 2159.27750
17 34.00 404.10814 1587.76793 2883.97455 1285.56672
18 36.00 2275.26522 641.78423 2311.59111 2110.51756
19 38.00 1446.33290 725.86260 2031.02064 298.26498
20 40.00 1485.38718 1671.62853 324.79612 2348.29422
21 42.00 2518.94779 323.19357 849.51392 1441.45955
22 44.00 461.09681 2556.34175 430.73195 1994.35906
23 46.00 415.48714 1124.84555 2454.19354 1011.04575
24 48.00 71.32525 173.41047 1026.30455 1769.56196
25 50.00 94.05212 2980.58359 2159.76358 1997.42394
26 52.00 1758.44749 1651.68446 626.34256 2539.90767
27 54.00 1204.38477 1374.74295 1561.28518 1434.93111
28 56.00 929.56910 292.19016 643.66534 606.59366
29 58.00 2380.66314 846.29535 1578.45574 2317.34101
30 60.00 178.31692 89.72598 238.40364 670.20489
31 62.00 472.16545 921.64020 2810.51522 2957.74743
32 64.00 1475.15581 2920.97474 833.93909 1313.04871
33 66.00 1704.41659 2885.32172 1238.32973 2971.10888
34 68.00 1239.93690 1162.45781 1535.95395 1489.59228
35 70.00 583.95426 299.32828 1816.90632 1132.77633
36 72.00 435.81639 465.60867 2333.96730 1895.50914
37 74.00 167.06038 497.80076 749.43511 388.91783
38 76.00 2689.91876 860.90990 1116.84097 2230.67420
39 78.00 1354.82374 2544.02067 2860.36165 553.35660
40 80.00 236.43752 1106.88764 1691.58605 130.43969
41 82.00 787.18356 2769.08321 2552.52183 498.00532
42 84.00 2586.17197 2647.68507 35.91711 208.34920
43 86.00 1207.64081 130.33356 1626.79490 344.27543
44 88.00 539.07846 1737.34419 1463.38989 1659.97578
45 90.00 2313.97235 1457.74253 1842.63408 1751.10965
46 92.00 1144.85214 581.10283 248.69282 421.60520
47 94.00 1172.72418 968.87724 1654.96594 2436.05426
48 96.00 2573.33219 908.23836 465.87829 434.24287
49 98.00 2397.73419 778.56483 1665.96419 753.18632
50 100.00 1632.65951 1178.65880 2172.56072 732.94910
51 102.00 1384.46839 1386.07080 900.61025 124.65712
52 104.00 2829.06582 2512.79450 2614.46263 2740.19939
53 106.00 94.69851 457.49875 2037.11987 1893.89535
54 108.00 2436.51995 2760.26005 2363.95882 1812.84834
55 110.00 745.60917 1721.25952 19.20335 255.80932
56 112.00 791.08285 2792.03812 2363.86840 2620.07259
57 114.00 1703.58272 2233.07146 2492.45782 2443.74813
58 116.00 2412.71232 1846.91578 2200.91308 2540.99672
59 118.00 1135.09525 1973.33255 1797.74241 2665.17257
60 120.00 2178.84331 1227.62086 1656.63467 2331.18797
61 122.00 868.39809 2906.46717 661.33335 235.47590
62 124.00 279.70912 2266.85549 1547.00603 332.59300
63 126.00 2573.59602 2564.68616 1900.46427 936.15141
64 128.00 2846.33200 1025.41807 257.77157 2111.61414
65 130.00 469.71712 1908.54266 1334.80283 1761.73913
66 132.00 6.67936 935.45740 115.65718 1083.47544
67 134.00 4.09069 2234.52046 2377.15470 2420.01647
68 136.00 2708.20481 1359.70603 887.73657 2452.58464
69 138.00 1376.31390 638.04040 65.34284 313.69939
70 140.00 2427.97266 1061.06235 2731.27478 815.29881
71 142.00 1421.40377 2839.09781 457.39857 984.36677
72 144.00 2930.15006 1798.93052 2371.67844 1364.98184
73 146.00 803.18715 667.45234 2573.55431 2812.07729
74 148.00 796.57393 1854.71065 1741.87335 2763.32145
75 150.00 1575.78844 11.12988 2827.70455 740.79664
76 152.00 319.62787 686.27808 2243.38189 2996.63668
77 154.00 866.79163 557.46638 1890.22074 2890.41536
78 156.00 212.42512 2500.36703 50.76414 503.48904
79 158.00 2277.23262 1352.76084 701.22841 196.10289
80 160.00 1937.71131 136.41984 1466.73131 2843.85465
81 162.00 724.30766 2056.33530 108.61711 80.28667
82 164.00 1601.44625 1218.13916 996.86183 1221.01110
83 166.00 283.86328 966.35749 1188.49441 1165.49226
84 168.00 865.86126 184.29852 1322.43699 2851.74969
85 170.00 1200.01713 1798.34131 2630.44192 1135.71307
86 172.00 1906.73285 1751.63459 1556.47611 814.87163
87 174.00 756.97688 208.00914 36.35115 1948.89424
88 176.00 1215.86253 319.57103 2964.68340 2764.05953
89 178.00 1367.98471 1405.60593 2260.48069 1333.54735
90 180.00 2849.05254 2295.65696 665.77060 1441.41448
91 182.00 1722.36603 929.82695 591.81207 605.96676
92 184.00 2970.69125 110.91680 1583.41543 331.94422
93 186.00 2654.90145 1327.04924 1721.20325 2276.66897
94 188.00 2496.44215 2978.10146 834.09598 70.87816
95 190.00 2765.74092 804.14858 881.17397 2834.43953
96 192.00 2430.46113 1002.56279 1775.75423 1343.21673
97 194.00 682.34886 699.88055 1985.93834 909.11422
98 196.00 1693.93390 1221.47130 2103.98906 1027.32949
99 198.00 2820.36956 686.43537 2956.91521 1440.13477
