3
50.0
30.0
3000.0
4500.0
0.5929
100
0 0.00 1922.08938 1204.69368 681.03953 2528.81789
1 2.00 2296.52350 1729.95941 543.37495 2856.26581
2 4.00 2338.39307 2120.84062 2844.12006 340.84441
3 6.00 1931.54723 1447.66277 172.95327 989.49166
4 8.00 669.16261 193.24178 2723.52852 149.63873
5 10.00 2228.48039 2056.77373 1737.02827 245.86803
6 12.00 1354.98785 384.84743 470.63457 1439.44272
7 14.00 1555.78166 61.26675 1609.42067 1339.05009
8 16.00 1750.16681 2966.70429 1201.43566 160.28494
9 18.00 2482.15007 1003.99743 1344.59877 1838.46594
10 20.00 2370.17597 2181.53674 1968.50666 2497.89227
11 22.00 1431.19293 854.57840 1842.90125 1872.84638
12 24.00 170.64067 483.68977 2604.74640 319.36668
13 26.00 372.71646 837.47805 2561.00192 2371.58231
14 28.00 2963.53426 1067.83845 2213.30810 1658.67583
15 30.00 1603.61147 306.01645 2821.45744 2903.70179
16 32.00 1298.00568 1477.54804 1895.52768 2054.13405
17 34.00 2872.70643 2119.69760 1219.14685 729.76195
18 36.00 2979.46028 600.34878 282.35514 1789.13304
19 38.00 2943.20948 1099.57006 1057.19730 2453.92829
20 40.00 2234.53925 2259.88341 310.06724 1790.05047
21 42.00 1826.40728 653.75580 2741.56786 1521.34971
22 44.00 266.03988 2517.54060 633.77746 2558.83680
23 46.00 2131.58203 1944.81076 2661.17836 160.65590
24 48.00 1591.20382 2843.27862 2093.09817 341.48595
25 50.00 621.54446 2469.89456 1498.77325 1278.05474
26 52.00 1481.25488 565.57539 2049.80338 515.22162
27 54.00 1167.05242 2407.42718 2073.15935 1264.77510
28 56.00 361.60301 2512.73570 230.64522 1841.76070
29 58.00 1580.65021 803.28263 109.89289 2543.65417
30 60.00 931.41688 1806.15388 168.84699 1428.66488
31 62.00 490.02659 1071.77144 887.56061 1547.66558
32 64.00 998.72483 674.72236 2084.53378 2711.41610
33 66.00 2460.98669 703.26004 1793.10585 1757.98978
34 68.00 2275.51324 370.98706 1445.48727 835.35498
35 70.00 2197.55363 1811.26992 462.38146 2732.32815
36 72.00 2331.58714 2675.92841 317.52418 2426.16593
37 74.00 209.21954 1800.59666 2219.30000 968.01378
38 76.00 2641.75383 200.30660 2217.16191 2944.36450
39 78.00 2846.04030 762.18237 1480.59307 1262.91552
40 80.00 538.51244 2805.17496 2456.70146 2974.37313
41 82.00 2120.00525 1217.44821 111.96797 2088.64051
42 84.00 1185.49490 1714.34497 783.36045 774.62400
43 86.00 2474.44381 2169.98367 1664.57617 955.01709
44 88.00 281.44807 1168.83539 2327.94260 1809.32323
45 90.00 26.03088 2315.43740 1410.88009 1199.82846
46 92.00 1984.43258 1013.02472 2873.79949 138.42437
47 94.00 1761.42985 2087.29056 917.56154 2645.78785
48 96.00 1737.88455 1394.44171 1888.91325 2743.99935
49 98.00 96.33135 2955.81447 1833.83687 2598.73096
50 100.00 2107.85461 1382.70676 1908.15348 2676.10594
51 102.00 985.86612 2837.12415 2777.18785 1255.61114
52 104.00 1524.66682 199.62767 618.58725 2888.97330
53 106.00 1411.40561 2802.91663 1358.46379 1434.65716
54 108.00 408.25631 1436.46539 679.08873 881.20278
55 110.00 33.61549 2759.64491 916.88973 1951.36873
56 112.00 1939.01796 2204.92585 2835.28928 282.17285
57 114.00 1850.18813 2638.67714 2518.45769 688.60238
58 116.00 2428.13426 1235.38409 2737.08816 554.48249
59 118.00 704.06544 938.01376 2705.36225 282.43366
60 120.00 1632.83441 1946.44054 930.01166 805.36643
61 122.00 889.59266 2916.07202 2617.84547 812.25347
62 124.00 2008.20619 2004.45964 472.02575 838.53177
63 126.00 2425.52952 2261.81313 21.96860 1802.76892
64 128.00 1317.65475 1053.11185 2683.33677 272.58401
65 130.00 2004.92298 1544.26153 1972.11003 2939.62418
66 132.00 1249.58530 821.89330 1838.06580 1727.87440
67 134.00 309.15046 1484.97839 577.21653 1617.45511
68 136.00 2120.04382 2691.76461 1402.37430 959.75698
69 138.00 2492.45407 402.70539 2516.31211 2970.35484
70 140.00 2053.13159 1870.76756 1525.71261 2473.95558
71 142.00 1156.63051 228.27987 2705.45366 2339.70458
72 144.00 81.48409 598.90201 1149.99256 1849.50869
73 146.00 543.71579 1733.72160 2970.22972 105.69794
74 148.00 2870.43069 725.58578 1146.69316 1144.81402
75 150.00 1749.25806 2809.62434 1270.27961 519.80718
76 152.00 503.64287 1040.92232 695.13842 1151.17009
77 154.00 1706.04341 278.59548 196.27499 2468.16041
78 156.00 2347.30665 575.62375 2030.42188 2507.32395
79 158.00 2379.14862 2350.32494 916.63125 841.32807
80 160.00 1892.77830 446.38885 6.60182 1273.91957
81 162.00 533.02401 2234.03952 810.47671 573.94635
82 164.00 2417.86027 2023.63746 1616.39387 690.21649
83 166.00 714.38995 626.06085 1112.78104 2817.21255
84 168.00 2212.73291 1143.74682 2707.58961 763.20545
85 170.00 111.84748 1303.97323 2425.11884 2435.80615
86 172.00 527.18361 747.26810 1686.05999 1151.15710
87 174.00 1860.66650 400.65235 989.30831 62.47067
88 176.00 806.96570 1020.07746 2498.59154 1732.85320
89 178.00 1042.18836 2922.24365 2557.69427 1900.80473
90 180.00 2807.84034 2420.88196 2966.08859 1826.33582
91 182.00 2637.41382 2763.48975 2530.58400 2596.88643
92 184.00 746.21602 1280.76001 2712.92146 2620.87353
93 186.00 1265.84830 980.27748 968.14781 288.37839
94 188.00 2585.66126 1214.57280 134.40472 1373.72046
95 190.00 2407.70329 1569.10104 13.59066 2286.06636
96 192.00 2394.50912 1020.66887 409.12272 1525.97623
97 194.00 1365.98781 2803.68439 2957.86530 2218.71567
98 196.00 1831.56184 1205.89546 1131.87395 2888.61444
99 198.00 1289.09845 1767.12856 1833.87160 774.64231
