3
50.0
30.0
3000.0
4500.0
0.8192
100
0 0.00 54.64364 1187.77124 2322.46523 985.82752
1 2.00 2922.82043 1120.40254 2069.82267 1291.67646
2 4.00 1681.91612 2841.44487 2805.96386 651.08529
3 6.00 2221.69575 1282.06111 1201.14853 1569.71926
4 8.00 1379.79976 448.40900 2502.68225 1660.42659
5 10.00 745.48053 732.31390 1156.42107 802.89576
6 12.00 1829.44245 2637.56212 1545.42849 2267.59747
7 14.00 660.64075 627.57855 1872.35538 2934.23356
8 16.00 720.98815 1100.08483 2221.49158 2647.41616
9 18.00 1191.39464 1565.75589 1611.89702 1037.17773
10 20.00 542.52131 2417.38266 2510.04739 2638.99202
11 22.00 870.83925 2595.22880 278.97638 761.87657
12 24.00 2429.04004 1466.50569 2159.42380 1365.89156
13 26.00 987.12941 2182.54198 605.11562 2608.28485
14 28.00 1348.58378 1389.63783 826.37833 1765.39101
15 30.00 1847.87576 1727.77066 1251.03303 1602.02828
16 32.00 1809.46394 1093.78194 2375.56995 2929.98721
17 34.00 1009.17601 1437.82440 1352.15930 1828.79675
18 36.00 282.27688 2788.39050 1989.97070 2319.94499
19 38.00 752.45418 1029.36922 616.78185 2691.05097
20 40.00 1624.30431 2546.75495 1741.67159 2767.53889
21 42.00 1556.66638 2237.45477 880.01382 328.51610
22 44.00 2023.28502 2899.12815 941.31420 1874.69858
23 46.00 833.74140 643.73099 1421.40209 2140.22892
24 48.00 484.64121 312.22328 2054.11066 1980.70827
25 50.00 1518.74937 1985.26663 2405.62970 2032.29034
26 52.00 1273.03002 2769.59160 1764.58083 1161.61663
27 54.00 1518.90176 543.11447 1230.54042 924.60840
28 56.00 210.43300 96.14871 1614.08599 995.44098
29 58.00 2990.18581 2751.59679 1258.73783 2799.13384
30 60.00 331.12930 436.16050 983.07540 1431.18303
31 62.00 479.43900 2495.74565 1659.68138 430.71194
32 64.00 2310.59641 2520.19897 498.73911 1471.63204
33 66.00 1686.63721 1924.01455 1602.08401 1101.09452
34 68.00 1945.57038 774.76393 2865.85031 1747.49990
35 70.00 1873.56184 1213.00377 1914.52764 876.61033
36 72.00 2157.12813 1043.02440 2998.16576 2335.16048
37 74.00 2627.00344 579.90319 2139.78656 185.13502
38 76.00 2384.40262 643.51361 2697.60381 609.60545
39 78.00 1588.83689 1105.23019 1210.67856 1482.05694
40 80.00 1479.14958 369.77221 2254.12811 2503.82757
41 82.00 765.80705 2129.95912 2542.18463 812.95010
42 84.00 916.27724 14.33382 2239.03841 815.18577
43 86.00 2353.03157 1108.77470 135.40717 715.32513
44 88.00 2584.35584 369.11195 2179.75470 937.04574
45 90.00 2326.50534 1333.59897 2975.55315 1458.80206
46 92.00 1752.93683 1572.16384 483.98564 2198.92937
47 94.00 1509.90767 2695.12667 2247.47443 916.51228
48 96.00 1360.35635 618.39763 802.13374 2984.66813
49 98.00 2133.54502 1727.16960 2222.55458 447.60572
50 100.00 2591.38475 344.72224 2558.08905 2759.10141
51 102.00 1441.32171 584.71857 1233.14290 1893.20898
52 104.00 2631.12199 2975.36345 1336.06633 2818.94556
53 106.00 1526.18741 2507.43586 2508.94590 2106.73924
54 108.00 2820.06085 2902.58735 730.16267 2000.47502
55 110.00 2729.35867 2730.77582 2518.52278 967.84352
56 112.00 2921.75656 2234.56819 428.62559 1942.67823
57 114.00 1770.27257 2388.28458 2079.60583 1486.69565
58 116.00 361.11656 971.43768 2144.14603 6.06744
59 118.00 1905.53695 1426.39168 2785.15987 2101.92007
60 120.00 771.55502 2889.03824 473.41609 1131.06193
61 122.00 2379.80349 140.22413 362.75257 2701.13967
62 124.00 1227.02628 1190.53738 1482.60828 1056.36784
63 126.00 1440.89046 2998.98317 1313.45561 2971.83790
64 128.00 2644.03942 1726.95961 2119.87379 2065.59472
65 130.00 307.75768 1289.92343 2223.86764 977.38577
66 132.00 1231.30450 2390.27155 886.88804 2998.74271
67 134.00 1375.55753 1708.40953 1822.46849 70.54345
68 136.00 882.32824 1535.16248 1887.22359 1461.24223
69 138.00 2157.86886 1385.56499 406.48021 2593.82742
70 140.00 2544.55843 1315.20946 431.50978 1043.22227
71 142.00 739.72405 215.58777 1921.04883 2973.94713
72 144.00 1723.66136 955.70197 926.94186 1263.02329
73 146.00 2657.37034 378.33205 1255.62512 2478.48342
74 148.00 1151.85034 1402.17941 2673.99002 472.72561
75 150.00 1960.11494 2046.16001 1307.51073 64.32752
76 152.00 2081.11410 322.49813 2130.08757 2108.81000
77 154.00 98.44355 2439.42386 1178.61304 194.00047
78 156.00 772.09906 2104.71488 2612.54315 1413.79390
79 158.00 280.79004 405.19819 2378.88912 2016.04497
80 160.00 2446.61180 2136.63931 1151.63394 1306.28057
81 162.00 2910.42321 859.46103 12.76384 702.93518
82 164.00 1904.77465 833.14848 1881.62970 1955.78762
83 166.00 2074.81827 1235.62080 1695.59026 663.76395
84 168.00 670.99074 499.99358 2898.95237 2236.24224
85 170.00 2740.46295 1399.08547 1996.58836 1097.07909
86 172.00 2668.40170 719.28135 2901.04849 96.06665
87 174.00 998.79396 673.05404 347.23364 1134.49191
88 176.00 2419.36618 2571.77301 2271.62401 2737.85613
89 178.00 1680.27302 889.83753 996.74543 1116.86922
90 180.00 1226.28567 945.90859 90.51712 33.40334
91 182.00 2205.21954 1996.78245 2945.33212 25.19634
92 184.00 2892.05917 469.31858 2838.79869 108.35370
93 186.00 1195.43303 1478.13593 2393.53031 867.88132
94 188.00 380.12210 572.85530 2785.15885 1760.03707
95 190.00 2512.11322 2901.94728 1638.48825 1302.05668
96 192.00 520.00464 2801.00095 1683.94914 1790.10509
97 194.00 2622.76808 739.52752 1292.65675 104.97548
98 196.00 1944.47148 1004.17857 1037.51544 1098.61344
99 198.00 1447.70579 2284.09311 1762.13700 2265.86874
