3
50.0
30.0
3000.0
4500.0
0.1889
100
0 0.00 452.05108 1480.73866 1025.73856 934.73006
1 2.00 2398.38706 2993.89034 1391.05340 2374.27414
2 4.00 990.74594 2530.63890 2854.93213 168.11503
3 6.00 2326.95873 214.15408 1410.44033 576.57688
4 8.00 2524.61786 2451.75217 2484.75614 365.88467
5 10.00 2304.43701 746.88708 2313.67600 1328.88283
6 12.00 2212.85704 100.53087 1382.50391 2312.98790
7 14.00 1563.41736 2946.34755 1418.47663 2044.32696
8 16.00 936.32810 969.18957 1887.49276 126.55775
9 18.00 2812.26277 1562.77876 759.93822 1915.56004
10 20.00 596.17090 2662.55873 2590.97300 653.36475
11 22.00 338.78538 1898.72690 973.54046 502.08107
12 24.00 828.30013 358.94878 2367.43134 26.78957
13 26.00 125.98011 2350.42572 1425.81204 1788.63685
14 28.00 1114.19599 268.43971 473.09537 274.20466
15 30.00 1855.93458 2792.54635 2990.91931 1875.39699
16 32.00 179.32539 1933.72469 2103.98442 2374.39873
17 34.00 377.48237 698.02389 2945.02713 2365.68548
18 36.00 2270.09257 2416.57613 1316.15669 578.89590
19 38.00 2067.74994 1074.50249 404.19652 2695.98913
20 40.00 1455.90640 1312.50001 884.14379 2091.11332
21 42.00 569.32751 559.88019 1042.99404 2197.20723
22 44.00 825.97339 2494.04878 2743.42201 1663.56093
23 46.00 206.62975 465.07643 887.01798 790.04781
24 48.00 1101.33812 2.15949 1914.07819 1137.13071
25 50.00 556.60287 56.15957 2570.48787 2328.04970
26 52.00 716.35967 2163.01069 1974.86825 1616.86956
27 54.00 1162.47252 1572.20931 1492.64748 1654.40342
28 56.00 1839.11773 967.80012 1922.71179 331.39240
29 58.00 1569.60162 200.03953 2505.58007 389.32280
30 60.00 2620.47833 606.23709 1456.11086 296.26076
31 62.00 1713.03654 2508.89858 1973.76377 1577.46409
32 64.00 2103.94206 767.81559 1099.06206 1817.86087
33 66.00 212.62188 2790.63311 626.21428 1474.21650
34 68.00 2669.30198 239.87041 2403.05985 182.10056
35 70.00 1674.05967 2814.73157 1247.85961 1107.20595
36 72.00 2125.30135 2470.92890 797.44690 121.95946
37 74.00 211.16439 911.71365 2833.81045 2881.76024
38 76.00 291.35775 2175.51580 1594.98315 568.38124
39 78.00 1578.57607 746.28909 1875.97516 536.69367
40 80.00 2247.58307 1245.55380 316.54255 1915.87290
41 82.00 1073.89010 1376.16178 1995.72706 2648.47206
42 84.00 500.42796 541.18962 1204.67152 1012.53861
43 86.00 474.52937 2995.30072 1329.03651 1056.97223
44 88.00 945.46499 2974.38897 973.96233 1115.15854
45 90.00 2292.55310 1291.76422 2177.60305 1825.24011
46 92.00 1689.43411 641.78441 2297.12466 2778.44077
47 94.00 762.26738 2884.95533 1342.49937 1191.27169
48 96.00 2178.93984 2948.86941 1787.28848 1552.82808
49 98.00 2980.23603 905.52496 901.00189 665.66011
50 100.00 2567.16128 65.10411 2465.81977 2069.15755
51 102.00 827.87141 1660.98946 1668.96926 2777.76735
52 104.00 464.14436 113.20890 1066.96726 415.22458
53 106.00 1101.24868 1746.46712 698.98245 2433.22271
54 108.00 275.71536 1199.39475 2753.64541 2202.79786
55 110.00 2170.74158 2378.71258 518.70747 2477.11573
56 112.00 2068.78530 1728.69739 2722.96693 1785.69361
57 114.00 901.17976 2192.36809 1728.85109 235.43219
58 116.00 167.76813 2312.70451 1043.79062 2451.42510
59 118.00 1249.56514 2603.49329 2609.35954 680.15301
60 120.00 1958.33755 1806.90490 34.30314 2332.25585
61 122.00 1147.46089 914.35018 123.54676 1619.78919
62 124.00 448.74006 1507.20483 662.39152 151.55944
63 126.00 2194.73572 1178.64811 1336.84871 1785.39657
64 128.00 1514.18804 666.25688 869.34909 1182.96721
65 130.00 396.56714 247.63534 1714.32177 147.93329
66 132.00 1197.57390 255.23696 1505.46935 2321.47541
67 134.00 391.12552 404.61229 1677.88853 1463.58330
68 136.00 1956.74532 588.29790 1847.99051 2207.00326
69 138.00 738.73752 214.93194 2330.31570 970.23492
70 140.00 2772.41424 268.78394 2015.24266 1270.62181
71 142.00 1044.92357 962.21509 1781.63145 72.62049
72 144.00 914.45654 2962.95575 1848.66298 2970.47755
73 146.00 1326.63032 437.45543 134.63265 2454.51576
74 148.00 599.05564 1121.46237 2273.20135 2558.29244
75 150.00 337.11522 163.61404 2846.82275 2780.18909
76 152.00 2606.25705 2460.40187 41.19988 2081.38568
77 154.00 333.83398 1350.18471 68.24435 627.02862
78 156.00 1614.01637 611.40406 1569.79764 775.97401
79 158.00 1449.07899 2189.77075 424.04226 2096.26570
80 160.00 55.16554 1749.01483 1990.58503 130.44602
81 162.00 510.95894 852.04062 2367.56548 1853.89433
82 164.00 159.25575 1964.27362 25.00253 1165.93544
83 166.00 813.93114 2556.24883 1980.30112 2592.84682
84 168.00 57.23497 2602.23133 1948.23343 693.50586
85 170.00 1142.10361 2929.83582 298.81114 946.36791
86 172.00 2600.31824 1594.68194 559.25216 1501.95247
87 174.00 1373.95879 2779.04992 64.46537 742.17642
88 176.00 1588.24609 1000.70890 1180.19945 471.01575
89 178.00 1040.33971 1055.73925 1875.69291 708.61430
90 180.00 2934.73280 1503.75438 2435.67858 1877.37709
91 182.00 2636.03182 2671.20626 2444.57591 88.39770
92 184.00 1664.81805 840.58153 455.12454 2691.52594
93 186.00 1970.79528 263.38505 1146.62137 2881.81708
94 188.00 1837.34518 1876.57380 682.28393 721.08242
95 190.00 458.24746 2911.61152 2729.20618 987.85422
96 192.00 1626.70125 620.27182 415.72958 1624.06148
97 194.00 2400.31518 2587.76298 926.99519 2115.40916
98 196.00 1571.41645 405.75748 2987.05740 2927.33073
99 198.00 435.45718 2799.08984 2751.33636 952.48863
