3
50.0
30.0
3000.0
4500.0
0.4313
100
0 0.00 2281.47883 2938.28656 45.04203 1423.75599
1 2.00 1548.81113 1188.24288 2132.90116 2974.91090
2 4.00 383.55645 2623.85642 518.66746 1786.57318
3 6.00 2825.30572 1332.26502 2356.78044 40.85992
4 8.00 2405.74203 1338.34610 2982.64807 1225.64604
5 10.00 789.36667 492.32983 2435.96697 228.41907
6 12.00 2191.34058 2758.56525 160.41365 1586.28566
7 14.00 686.42270 2279.16645 1436.16542 683.92784
8 16.00 1037.15769 1766.22661 1157.60835 2257.67694
9 18.00 144.28106 1662.32289 2921.10874 1906.67403
10 20.00 1105.48735 794.18130 1542.16831 929.28884
11 22.00 370.21770 1672.47625 2253.53565 1510.38807
12 24.00 2635.94986 1086.08754 2257.26436 2850.07087
13 26.00 141.44723 2027.46190 1287.71177 916.50925
14 28.00 1102.28170 1956.62111 1015.61761 436.92599
15 30.00 590.42798 2640.16342 334.21098 2833.39300
16 32.00 462.49149 2138.77570 1342.34821 2309.25278
17 34.00 1844.32985 2209.43695 2931.45158 2046.51629
18 36.00 1862.37010 2446.79671 254.60036 1315.16509
19 38.00 2320.66095 2292.47182 728.68861 880.40949
20 40.00 1924.54699 2226.78448 1467.85563 92.11529
21 42.00 2602.82950 1665.26653 1138.52092 509.14786
22 44.00 218.32790 1424.19843 2142.65033 1965.16439
23 46.00 182.33464 2540.38464 1820.22158 1161.07462
24 48.00 740.81392 125.10764 986.85394 1906.02494
25 50.00 99.60042 1826.64236 2378.47850 688.63321
26 52.00 2157.55982 1509.12395 434.47904 1872.38688
27 54.00 688.31177 2543.31138 2643.28972 35.44591
28 56.00 2573.51542 2589.66842 2363.51776 2220.91891
29 58.00 1544.10665 2145.46615 1189.01707 1422.51191
30 60.00 859.81720 2715.00895 2527.68050 1036.02114
31 62.00 516.74992 762.30781 2750.36930 2866.53452
32 64.00 784.95829 1282.49243 2477.55554 630.79805
33 66.00 1605.24065 1084.89529 197.87216 1808.30222
34 68.00 652.32808 2113.73041 1657.41319 46.70878
35 70.00 2058.72123 2266.95529 2401.35917 2008.55432
36 72.00 722.77070 1787.26926 441.25069 1369.47998
37 74.00 1507.01768 1983.21143 2622.40039 2206.02343
38 76.00 2411.71536 1703.69562 1276.75487 1758.97753
39 78.00 1543.47740 465.01066 2660.17444 2071.79975
40 80.00 182.76260 2979.62301 943.50624 1736.32552
41 82.00 398.53470 1438.02383 822.72255 1348.24242
42 84.00 412.59087 1130.52650 109.28756 268.62515
43 86.00 2186.69817 1794.65209 2243.09698 1144.01554
44 88.00 757.89969 803.39885 2713.67569 2494.92465
45 90.00 1946.09245 1777.17868 488.20211 706.39748
46 92.00 1704.03952 309.61003 2927.35774 2955.99154
47 94.00 1978.59294 1499.90753 1175.69151 2450.73418
48 96.00 2831.10438 1699.74373 2950.21630 1551.24331
49 98.00 1544.05182 148.12832 1734.22219 2772.36911
50 100.00 503.34974 363.37976 2448.64299 44.70849
51 102.00 690.05833 2666.89099 48.83234 2074.99490
52 104.00 1157.81945 1301.91156 343.84299 2730.12225
53 106.00 1523.76955 1894.13726 2014.41910 1674.32523
54 108.00 2406.11450 1442.53934 1158.70149 33.61225
55 110.00 250.83422 886.41512 1118.01404 2390.57876
56 112.00 866.29167 2751.80753 705.69540 1659.09756
57 114.00 2785.66853 1949.62693 1923.45985 255.15715
58 116.00 1531.00425 142.09404 1447.76354 1263.42049
59 118.00 2253.22542 2568.64365 1924.54358 584.96223
60 120.00 927.99006 2599.06371 1766.10478 2496.17258
61 122.00 2370.31646 104.60763 595.66723 2319.28405
62 124.00 50.70509 2505.90323 1212.83311 547.13827
63 126.00 1110.17485 2446.74107 2830.37523 2857.49063
64 128.00 1764.97888 1312.60462 223.59863 58.63548
65 130.00 2067.09483 1307.73498 2917.33233 2005.32588
66 132.00 1266.24540 276.08259 39.12574 1941.91451
67 134.00 2748.41962 897.27245 259.62524 270.88882
68 136.00 2522.17038 2979.35262 674.38636 846.57761
69 138.00 2423.28857 1624.96153 301.71475 1842.35550
70 140.00 2767.18448 1774.44386 2317.27777 1408.30133
71 142.00 1568.37824 45.13318 2319.01674 2280.62636
72 144.00 1289.68952 1644.70429 882.60329 422.48014
73 146.00 1602.88750 1702.40415 1865.49024 477.91684
74 148.00 1820.79974 2354.73492 1583.86345 1619.80684
75 150.00 1674.09020 1560.11704 1905.83721 354.93984
76 152.00 1587.41587 2046.38459 1922.51615 2344.76784
77 154.00 217.94355 91.90463 2408.55225 1286.26295
78 156.00 1089.06404 2531.67886 1708.04908 2690.37655
79 158.00 70.12089 1784.10479 379.51259 2829.80405
80 160.00 398.10315 2643.53857 2292.00154 1075.52007
81 162.00 2547.81038 1893.17922 1731.93668 2493.11104
82 164.00 560.31591 44.07762 2933.33358 1659.88806
83 166.00 17.53308 2830.82432 2691.96704 1105.63132
84 168.00 417.60063 218.51898 1382.95654 1006.84321
85 170.00 943.06375 2872.01073 1381.71193 1370.75446
86 172.00 2118.19902 2012.89263 413.90923 890.39358
87 174.00 1806.36954 2352.17507 289.71598 2018.92282
88 176.00 2504.35705 1654.27745 840.99265 1825.65501
89 178.00 1776.66187 2819.89615 1307.22736 531.07846
90 180.00 422.73982 2829.07539 1002.80228 1762.90463
91 182.00 1347.83730 2433.48828 2644.92434 2740.23885
92 184.00 793.00144 2194.23384 799.20313 395.67105
93 186.00 2469.92249 1039.83434 880.94543 1458.31970
94 188.00 2505.02497 956.88134 2338.50687 379.25714
95 190.00 2534.76552 424.60782 2533.69226 1101.50661
96 192.00 2491.51361 2130.91986 54.18545 2202.95200
97 194.00 190.10799 1197.89532 2776.02231 2695.42927
98 196.00 1230.02624 2851.91743 1378.07447 633.81636
99 198.00 408.03729 2542.85495 1410.00811 532.87597
