3
50.0
30.0
3000.0
4500.0
0.2939
100
0 0.00 1788.94019 2201.64681 282.72770 1509.72046
1 2.00 2101.41368 1430.27499 915.97256 2720.00330
2 4.00 715.85846 945.33750 208.36390 562.03324
3 6.00 2699.60767 425.50097 38.20448 1423.80207
4 8.00 1002.16245 532.54516 791.49656 230.93120
5 10.00 2037.60883 2559.26900 1782.01547 2908.62459
6 12.00 1749.47657 1464.92202 742.53129 328.15799
7 14.00 2456.77932 1701.80019 2971.23931 2506.07709
8 16.00 1575.80755 501.91421 439.74888 281.73030
9 18.00 913.80681 2208.55939 1357.84906 2204.44501
10 20.00 2969.37936 772.01854 1459.47994 1092.86800
11 22.00 40.68316 1057.87913 2130.47145 2674.11725
12 24.00 2323.57889 2570.86848 2706.50048 1787.23062
13 26.00 338.28320 2057.35247 2184.64663 62.18183
14 28.00 2935.91231 2568.79657 1978.10074 424.89938
15 30.00 1493.49669 733.10341 2223.03729 2919.87176
16 32.00 1078.25979 2233.09536 581.52634 2864.44322
17 34.00 1916.20126 2896.35918 2631.43211 2036.40458
18 36.00 2697.66415 1347.80804 2874.91838 1580.72064
19 38.00 795.92800 2037.19909 2663.98471 1173.07868
20 40.00 1251.88286 2981.83112 927.96989 123.29993
21 42.00 1560.23320 1029.82333 1837.10229 1300.37887
22 44.00 1365.08302 2904.45911 2377.02154 865.22560
23 46.00 2908.40967 1496.78106 2056.58010 1398.95242
24 48.00 450.68326 2900.01441 1871.38540 1992.96096
25 50.00 910.93680 864.77986 2399.35519 46.77720
26 52.00 122.85928 849.05190 1779.21485 159.57985
27 54.00 917.46450 1290.96849 1980.75994 1.92513
28 56.00 754.30039 1050.65471 849.79661 2577.03163
29 58.00 1995.97800 2306.65613 465.11105 258.01040
30 60.00 812.00669 2987.74277 590.18224 1755.67451
31 62.00 242.15381 656.57330 1419.53330 1063.89671
32 64.00 2435.12727 1911.13395 1267.68986 2900.72045
33 66.00 294.41609 783.78273 906.06797 932.20740
34 68.00 1691.72283 2036.76963 967.43971 1734.50225
35 70.00 2049.96355 598.51999 407.07226 1662.85131
36 72.00 903.18680 256.79378 1699.99527 1884.95648
37 74.00 1637.49203 1127.89783 2627.76444 1310.67845
38 76.00 415.82963 1325.70399 939.78139 2804.63944
39 78.00 2137.79552 1405.13662 1283.00751 1261.51699
40 80.00 1230.77587 83.01882 1676.72731 2872.47526
41 82.00 1262.75587 2267.56937 1845.62565 907.16996
42 84.00 727.93697 1536.62039 381.82458 1629.80865
43 86.00 1696.72380 880.02956 2266.00552 1177.97797
44 88.00 1208.82638 17.85854 2422.44308 2624.73262
45 90.00 1380.66226 163.03870 164.07826 2489.68287
46 92.00 1949.63982 1000.45036 292.19719 871.73077
47 94.00 1444.40370 993.92279 182.59431 2221.41882
48 96.00 2023.23900 2218.09027 159.06080 615.19335
49 98.00 432.45570 2221.27236 1485.91396 670.63075
50 100.00 2027.04228 2556.76709 902.67663 932.67249
51 102.00 2967.47589 19.35240 1454.86543 2063.32409
52 104.00 344.12659 0.10714 1811.37199 363.10325
53 106.00 290.59091 612.88096 1421.22721 2498.17936
54 108.00 1331.44762 166.95949 365.43424 1213.67201
55 110.00 2948.08880 2460.81287 2525.16241 1640.15774
56 112.00 2465.05938 2043.96134 2577.94166 1851.47555
57 114.00 1297.06110 1908.59149 554.42356 2455.65030
58 116.00 1972.39609 512.32648 2224.99416 1640.04308
59 118.00 1428.47520 870.10857 2002.60659 2877.27424
60 120.00 1478.89241 2003.09898 1173.56766 2092.95811
61 122.00 322.00752 1250.68941 1274.49887 83.91198
62 124.00 1371.24684 1692.62725 33.05893 908.28471
63 126.00 1935.32696 2679.66292 1859.62939 127.89539
64 128.00 2721.17531 2888.38958 1403.72132 2169.19580
65 130.00 830.71212 2945.26106 1073.24299 2567.51872
66 132.00 1509.61686 1046.50225 2118.67385 1171.87298
67 134.00 188.29731 1967.75774 1055.60101 2157.62733
68 136.00 1017.87323 2145.54700 2360.09060 835.02043
69 138.00 2287.82276 908.78966 1181.78619 2748.48007
70 140.00 1935.40202 1129.56820 1415.25694 1976.91543
71 142.00 1728.11686 2782.23674 2326.19400 1576.30172
72 144.00 388.26591 972.22984 2865.58379 1044.28566
73 146.00 1852.42507 1211.32156 134.78740 2556.09355
74 148.00 477.53902 289.62132 318.66131 2802.70173
75 150.00 1429.23902 2279.72784 2943.98519 2425.66645
76 152.00 2197.94116 709.85156 2699.38293 521.99388
77 154.00 2677.41855 2267.44162 1260.16847 193.10971
78 156.00 1835.71087 343.42135 2540.40556 218.64508
79 158.00 2290.05585 1819.59990 2522.03807 2770.65254
80 160.00 963.47764 2096.17718 1132.88684 2966.61259
81 162.00 1721.33898 599.20329 757.48483 1312.54456
82 164.00 858.26800 603.57823 486.26875 2441.51322
83 166.00 2426.01665 576.88744 1746.32384 1887.34699
84 168.00 2005.97475 610.61883 2430.02654 2679.87303
85 170.00 1078.68301 1224.08211 1639.74253 215.89535
86 172.00 555.91307 2189.93135 2732.96550 1926.69713
87 174.00 1488.52641 2497.20873 1711.11021 1421.19861
88 176.00 1056.31816 1855.43659 1676.09194 413.62061
89 178.00 201.46404 1282.53525 1128.35468 212.60285
90 180.00 234.43142 2347.16207 894.68095 353.78249
91 182.00 691.72052 1804.46876 992.75938 672.06367
92 184.00 2821.85256 2766.81999 754.14554 2109.81994
93 186.00 203.85845 2614.42001 2904.34445 224.33137
94 188.00 1726.06762 2559.58565 2795.42715 1500.14102
95 190.00 1197.65898 169.94460 2092.55372 332.62341
96 192.00 1412.93612 2752.17401 789.15922 89.93409
97 194.00 1014.13573 782.64332 1003.62374 2294.20775
98 196.00 417.86588 1641.26204 2201.61801 2772.52279
99 198.00 1990.00838 2634.81054 706.85161 218.73571
