3
50.0
30.0
3000.0
4500.0
0.8677
100
0 0.00 1076.68190 2545.15854 2051.62357 1475.08922
1 2.00 1823.38564 2903.27996 1820.63254 1186.14353
2 4.00 2014.21775 546.40488 632.56662 1754.91351
3 6.00 1361.49457 667.58107 2164.98067 298.63495
4 8.00 2882.68334 2354.62627 214.32775 1748.98598
5 10.00 255.20182 961.85864 305.93235 2664.43877
6 12.00 220.95661 1966.80835 152.17459 88.14317
7 14.00 984.51975 1118.86706 2294.82947 133.05389
8 16.00 2605.36735 1215.01706 1730.31658 2864.03604
9 18.00 2496.85654 2437.51617 2134.39793 2630.57046
10 20.00 511.59186 418.30169 2187.85436 544.07962
11 22.00 2568.30624 2719.04645 1673.14769 2356.05643
12 24.00 1571.16769 965.26247 2111.61612 2415.99006
13 26.00 177.70348 2304.40746 2292.38882 1726.56314
14 28.00 621.59867 2492.89901 314.48027 1440.11472
15 30.00 2951.94249 2924.83510 1685.57089 1318.81953
16 32.00 1557.53835 1439.17484 508.36797 675.57344
17 34.00 2962.31342 1272.75268 2838.97501 1661.67936
18 36.00 421.67652 1948.50686 1547.59316 1851.81284
19 38.00 2429.12450 627.42069 202.81880 320.12841
20 40.00 695.65536 2776.22443 2527.35017 904.78832
21 42.00 2143.10761 1633.39373 2360.21675 2412.24707
22 44.00 1620.93685 592.02700 1913.84821 2953.82018
23 46.00 1313.01297 2221.28822 693.92964 369.90360
24 48.00 669.99618 626.59557 183.60024 750.62213
25 50.00 799.74795 507.15119 2526.94198 939.47910
26 52.00 93.52057 2568.96551 2646.99579 45.76774
27 54.00 962.61909 697.91340 1068.23072 1950.03540
28 56.00 1523.11641 390.50594 613.39257 791.40286
29 58.00 2170.62924 2001.40829 2337.16400 82.30069
30 60.00 1666.21814 537.59709 1955.72917 697.02582
31 62.00 2977.29721 173.87674 2791.44044 2187.47999
32 64.00 1604.82693 1476.46423 1774.67814 1660.00067
33 66.00 497.91051 1021.83354 1458.98307 1062.32013
34 68.00 1393.48986 2976.31177 1278.50581 884.36117
35 70.00 963.38188 2549.49762 2841.64207 649.09455
36 72.00 99.96232 2315.41722 1143.97682 1248.27823
37 74.00 2675.10526 182.56184 2670.50054 2094.31420
38 76.00 639.49325 2716.26431 271.83212 1719.21222
39 78.00 2960.74918 2155.90090 2090.88551 2996.69890
40 80.00 2967.62556 1770.84793 1010.87819 660.65573
41 82.00 1784.91028 1470.22342 2179.19183 2523.07056
42 84.00 766.90093 171.21692 1462.99816 1868.30695
43 86.00 2917.58970 25.26388 2843.74535 1456.93625
44 88.00 1893.07368 633.62239 1242.50599 2432.25113
45 90.00 1742.12956 2637.35703 2688.46846 860.38716
46 92.00 2758.62534 1552.07934 135.25132 431.64130
47 94.00 289.50109 547.53557 810.90397 2921.32271
48 96.00 895.70643 895.66262 1676.64166 2795.03293
49 98.00 731.50329 1080.55716 2368.02115 963.80438
50 100.00 2303.31321 2835.07462 2503.43400 1726.60016
51 102.00 1817.71369 1005.86588 2673.32152 1153.76997
52 104.00 2745.58159 1323.47193 1907.20728 388.15684
53 106.00 2443.33480 2959.83511 2719.57589 2244.11391
54 108.00 102.61807 1036.75100 1646.19923 1984.29865
55 110.00 1816.01717 2541.31826 941.32911 2925.91092
56 112.00 962.46408 2761.17948 1611.32860 1705.11066
57 114.00 2260.58824 2368.87883 2549.50108 1618.82098
58 116.00 2402.19681 2802.27159 789.16129 965.50006
59 118.00 979.92588 2112.13163 2996.69331 2232.35184
60 120.00 2157.82916 2339.37261 2473.11501 1341.78807
61 122.00 883.27132 556.34940 2909.19872 780.89997
62 124.00 2779.64158 1907.52684 2712.55218 2921.23481
63 126.00 2763.65260 2769.72227 1997.94384 1259.48170
64 128.00 2392.69347 841.82449 1691.92962 522.86813
65 130.00 351.12981 1180.67548 1495.24352 947.87717
66 132.00 2208.96646 2038.66046 106.30508 2942.90301
67 134.00 214.66294 2652.79165 2592.28569 235.31488
68 136.00 2619.38086 1047.34378 1887.43965 156.48978
69 138.00 1890.23505 57.31457 216.48272 764.52872
70 140.00 2355.59136 2860.29930 1078.05160 1557.44161
71 142.00 16.67216 147.07151 120.60088 881.39447
72 144.00 67.49574 2139.63133 764.61006 1076.35535
73 146.00 1869.81034 1155.13186 2375.80446 887.07254
74 148.00 2903.30859 2429.18608 1053.02051 1083.84469
75 150.00 56.78002 2980.56965 1654.79009 1815.03464
76 152.00 2579.03224 1188.94620 403.65396 1330.44940
77 154.00 181.55645 2898.56782 1591.03286 2090.04111
78 156.00 1807.31442 2215.43730 267.53070 1521.42828
79 158.00 511.91492 2677.35391 2377.85936 1152.17101
80 160.00 530.64827 1973.62568 179.63488 2025.11142
81 162.00 1104.40670 989.70333 67.48698 720.79374
82 164.00 1014.59496 64.60291 2604.05440 2789.03838
83 166.00 211.91456 1491.77725 213.46845 1298.51290
84 168.00 823.56833 2848.21654 1452.57863 2298.72219
85 170.00 2165.18899 1161.83761 566.07285 2310.96562
86 172.00 2444.11411 1877.53037 2072.34371 2678.14060
87 174.00 2330.68035 468.92937 742.51449 1751.81518
88 176.00 1206.00169 173.73225 1086.66453 2890.22669
89 178.00 298.92060 1529.68725 2761.89097 834.19104
90 180.00 1781.14303 848.56918 2283.24003 1930.89778
91 182.00 1820.81750 2277.31906 753.88566 924.93242
92 184.00 2824.42223 1626.72707 555.66105 2684.19583
93 186.00 201.93162 264.05489 2397.09243 726.23650
94 188.00 1331.79808 380.98562 2825.17853 2048.54669
95 190.00 837.13692 1479.34221 2137.14386 2451.06220
96 192.00 471.35657 1734.82933 2244.49854 973.84433
97 194.00 1724.08444 2152.75550 798.46414 2503.26824
98 196.00 2914.22733 2728.46670 1725.76290 917.24820
99 198.00 2667.21118 1723.29749 928.60831 1019.27105
