3
50.0
30.0
3000.0
4500.0
0.7788
100
0 0.00 2443.85295 1463.52487 1896.02179 912.51048
1 2.00 2483.72644 1238.60852 1620.89169 2152.84171
2 4.00 2134.81339 1420.72988 164.55667 2046.07152
3 6.00 1402.57453 577.31093 2015.92211 722.89009
4 8.00 1914.10069 2625.71572 2934.42302 1248.56274
5 10.00 316.06548 1060.31413 2812.02328 894.78653
6 12.00 2186.60303 1159.00547 1640.53881 2940.96155
7 14.00 2610.26675 1187.56678 1506.46050 1646.69243
8 16.00 2273.25412 2238.62939 2086.19082 2867.18670
9 18.00 2827.93973 1848.22179 508.23161 2915.58999
10 20.00 1812.21266 2954.93961 2668.48138 2261.73463
11 22.00 2040.54254 2388.94222 1950.03159 2727.23266
12 24.00 1080.67976 1560.42440 1281.73226 2121.82913
13 26.00 1251.26376 260.03277 2001.66299 819.21805
14 28.00 2550.28308 2925.05069 683.57437 1967.32184
15 30.00 2606.48100 1633.38999 1633.36654 363.91536
16 32.00 1737.90644 571.84196 1406.74794 1756.85097
17 34.00 2413.50290 1936.20414 2369.95701 610.47320
18 36.00 2896.66847 1807.40344 2355.14774 1894.91334
19 38.00 1829.76398 2421.15889 273.17684 2020.34571
20 40.00 473.25721 2791.13967 83.40888 1156.66724
21 42.00 287.40063 2293.14654 541.14166 17.71160
22 44.00 459.86892 1739.82060 1091.43728 648.74728
23 46.00 2784.54195 727.09773 2477.91039 1911.47920
24 48.00 2057.19985 2036.66787 873.26634 14.61208
25 50.00 1659.93957 238.64846 1455.10235 550.77294
26 52.00 366.57962 1784.41295 1279.34147 561.89326
27 54.00 2501.23155 548.79739 1043.05133 54.50356
28 56.00 2544.50910 734.65466 1989.25991 1369.49845
29 58.00 1906.81177 1196.55892 1725.88533 2067.77401
30 60.00 23.40765 17.10951 315.59655 1745.50238
31 62.00 2993.05412 2246.04149 2853.65245 1128.65437
32 64.00 1028.26097 2878.45389 637.69608 2273.28142
33 66.00 2817.03303 2549.80797 1588.79755 771.53599
34 68.00 656.15554 2591.60524 2729.01184 1442.87854
35 70.00 1118.15413 218.19152 854.03461 1478.43911
36 72.00 1306.08953 345.80677 1395.58833 1879.06835
37 74.00 2693.72780 2069.85103 1356.58819 400.12301
38 76.00 421.89477 2902.08699 2718.34081 2531.29829
39 78.00 159.68632 1869.73371 1970.36634 2198.32811
40 80.00 1559.02373 2583.14269 1635.94799 2181.27070
41 82.00 849.09666 2140.18921 1924.53765 536.16363
42 84.00 614.68564 339.76785 1998.19689 37.85656
43 86.00 1123.97367 1800.91034 2130.56638 533.84534
44 88.00 2093.68200 1639.15339 416.49707 2208.08234
45 90.00 1050.90961 2134.19653 1153.14125 1082.83787
46 92.00 1966.62182 128.79319 492.07740 660.72768
47 94.00 296.18450 1401.96735 1038.96720 870.40021
48 96.00 1587.39647 2716.06991 645.31540 2671.61213
49 98.00 1482.32231 79.71695 2247.89989 250.32367
50 100.00 1337.80236 332.45011 2409.61418 2961.64819
51 102.00 1404.84376 2488.00948 1611.05281 2210.56462
52 104.00 2859.25485 21.17797 959.57590 999.27827
53 106.00 1521.60303 2624.01861 2262.03722 1296.93073
54 108.00 701.58568 47.22137 513.34941 1844.37518
55 110.00 896.59913 1449.98234 2420.75928 2828.46201
56 112.00 626.14716 2571.39013 848.73978 2021.12711
57 114.00 1083.04202 592.15902 1825.00312 843.03568
58 116.00 222.77968 1994.23017 82.40596 967.05577
59 118.00 959.18671 1582.85324 1505.40177 491.44993
60 120.00 873.64021 2787.26058 1339.74293 698.05464
61 122.00 1489.72002 751.51007 1356.25274 1476.41245
62 124.00 2201.50966 1677.39759 2178.23118 2988.56603
63 126.00 1951.23478 1178.11011 1979.63808 2492.33358
64 128.00 1019.22749 1529.81072 965.79208 2153.65851
65 130.00 23.33551 1492.65184 490.26173 500.99378
66 132.00 1923.72265 2945.70262 727.12391 2175.25290
67 134.00 1645.49371 1694.12354 353.41454 2068.81433
68 136.00 2723.32485 391.30828 1083.01959 269.97271
69 138.00 472.95041 2479.25111 766.85677 1281.53296
70 140.00 586.34077 1150.05506 93.10227 2657.38485
71 142.00 1789.61375 1091.63021 536.31045 124.37223
72 144.00 944.39431 198.42979 1407.19120 2139.77144
73 146.00 819.49534 2852.89079 2405.91603 2157.04568
74 148.00 1382.66485 2004.88010 814.54956 1054.93115
75 150.00 2435.99005 1319.79973 1306.89060 1530.64537
76 152.00 1216.61693 585.72785 1972.09141 490.58282
77 154.00 2865.97976 2379.50171 2488.37668 1343.49299
78 156.00 1980.73298 75.71953 1904.15984 1629.07424
79 158.00 240.74989 739.35781 2947.98921 1563.64679
80 160.00 1732.64775 2741.74197 299.39532 2259.19086
81 162.00 2533.54790 2462.83827 1005.80464 1220.62313
82 164.00 2387.18493 1206.35132 1316.93435 2706.35759
83 166.00 1753.41432 1014.98399 803.92301 1197.31762
84 168.00 86.96229 1451.81774 1704.73286 2370.44413
85 170.00 1349.55140 919.27089 225.30426 2698.49001
86 172.00 2610.00504 1400.10369 2395.60197 386.80896
87 174.00 457.71123 616.90717 12.58929 2111.90578
88 176.00 1050.02037 690.00894 1356.34850 2621.92686
89 178.00 1321.28360 1971.35563 967.78594 568.78962
90 180.00 446.30530 1851.80598 1059.93991 1764.16814
91 182.00 2069.16143 1596.34605 1572.40321 1666.88636
92 184.00 2351.52072 1082.28273 1506.09390 523.95493
93 186.00 1375.73887 514.19173 1823.05182 2848.82965
94 188.00 644.88096 2174.26019 2101.76198 2675.24751
95 190.00 1881.04767 490.22722 2703.42487 90.03858
96 192.00 2446.73222 728.03547 1509.08751 1997.93461
97 194.00 586.34459 1819.28010 1585.52568 2297.37229
98 196.00 858.54543 857.99301 405.94551 1364.73761
99 198.00 1756.60847 697.55600 2168.50937 1178.69588
