3
50.0
30.0
3000.0
4500.0
0.3909
100
0 0.00 2068.91334 1661.61716 1703.85319 4.38156
1 2.00 580.25741 325.39871 919.01416 2292.48665
2 4.00 753.50314 2413.77958 1758.57707 1886.54113
3 6.00 2009.50884 2881.96196 1695.64702 1070.66252
4 8.00 1139.76454 1873.85767 2670.77121 974.14517
5 10.00 2573.38932 1070.64196 2276.77958 1597.45796
6 12.00 1479.45165 1292.46958 1687.30583 2069.18789
7 14.00 309.57725 2687.77592 693.91330 2599.65467
8 16.00 614.87805 1237.07962 2987.86816 217.81189
9 18.00 2042.88226 2927.78180 1323.84353 407.16374
10 20.00 2214.07342 655.41137 290.56855 769.36962
11 22.00 2754.61037 1227.41454 2973.94675 1929.05768
12 24.00 2669.40470 2679.30821 280.44888 2770.70149
13 26.00 1835.32211 280.53047 750.95003 1794.97041
14 28.00 2239.25321 2814.81514 723.63000 1428.03740
15 30.00 831.24450 501.11319 2271.97920 2185.99378
16 32.00 2778.68465 1468.64835 2976.77087 2387.16686
17 34.00 2662.40482 300.28063 1511.10136 687.98768
18 36.00 1727.02439 0.27874 2089.13725 2803.96448
19 38.00 2259.98216 1668.86059 492.88306 2216.70210
20 40.00 2942.11470 1715.11267 2001.89578 577.63388
21 42.00 2466.94208 702.65867 135.61250 538.17469
22 44.00 2481.83238 592.93400 884.99990 183.82548
23 46.00 1348.40104 1855.93864 94.47270 2177.23153
24 48.00 2172.18568 1099.92724 2269.76817 2283.27782
25 50.00 2504.23919 1295.46757 2063.75139 2500.85901
26 52.00 477.20661 1134.25843 514.12545 105.38852
27 54.00 525.28723 2528.72313 1261.06996 254.48193
28 56.00 472.60298 219.63908 1245.15852 1303.85538
29 58.00 2099.06262 498.56754 2141.09104 2141.16692
30 60.00 2651.48591 1592.59741 2702.74157 1775.04875
31 62.00 2885.67332 1756.86141 990.14787 1359.16548
32 64.00 2486.32662 1782.80878 1981.54987 646.76276
33 66.00 1347.17572 516.40504 2510.07009 1335.22737
34 68.00 947.19060 1818.84394 2778.63934 2394.90634
35 70.00 2506.87111 588.80895 886.60266 2317.67420
36 72.00 1394.60517 273.07424 1744.20756 2389.80540
37 74.00 380.33683 161.37659 2211.01073 1600.62868
38 76.00 2571.52739 1680.19455 1183.82115 1948.96584
39 78.00 2137.34692 2450.11305 158.49510 539.37778
40 80.00 2627.39725 2396.82868 721.44873 152.27452
41 82.00 2574.90947 1631.01154 222.51879 1617.00865
42 84.00 250.70365 1575.22762 280.60958 783.42058
43 86.00 1646.72229 2484.33032 132.05569 1471.52506
44 88.00 2513.70429 419.13729 2370.08440 2096.32656
45 90.00 268.14928 443.46666 1327.04294 1266.36723
46 92.00 1901.56343 240.47065 2280.41878 1382.69762
47 94.00 2044.01681 2978.25566 1013.04446 99.31837
48 96.00 34.58885 81.96542 1994.64641 72.62163
49 98.00 2428.79245 91.04222 967.48983 2272.67557
50 100.00 2423.91641 1757.52162 247.89782 571.26605
51 102.00 2859.26596 294.78180 2350.94905 1617.09402
52 104.00 1114.61849 2362.39736 2245.41523 1814.61232
53 106.00 2157.67622 2965.20872 938.53208 2016.53568
54 108.00 2384.06870 1512.06028 869.58539 876.41379
55 110.00 477.82336 1637.32570 443.83084 2004.43070
56 112.00 1620.04006 861.55141 1566.66648 2303.96131
57 114.00 451.73175 2473.07107 866.93158 1864.96489
58 116.00 127.37950 1138.33577 121.14949 1304.06976
59 118.00 78.75406 1797.63495 8.38677 783.85589
60 120.00 736.83852 1036.05649 1024.46743 1084.40022
61 122.00 1547.67211 1590.10566 1215.55004 1689.00452
62 124.00 707.40532 447.81918 808.22784 683.53426
63 126.00 964.92126 1983.97172 1098.63193 2464.73464
64 128.00 2355.41972 1125.97659 125.61946 2142.86433
65 130.00 1875.05073 159.11017 623.74954 1230.55039
66 132.00 2568.07686 1674.78712 1854.27330 2359.56967
67 134.00 50.98309 1873.19442 1908.73492 2815.79107
68 136.00 2773.92707 554.29928 193.54355 803.43206
69 138.00 140.95981 367.23138 1175.02969 2504.69465
70 140.00 372.79337 1667.38032 1587.86889 14.91519
71 142.00 1876.73523 775.98488 2570.83727 532.33522
72 144.00 2845.33566 1495.34167 2792.69936 1546.99005
73 146.00 1134.26376 2291.55846 1584.96390 192.49777
74 148.00 803.39832 464.58280 196.59166 2089.93362
75 150.00 1857.22405 885.45334 512.61341 1714.26129
76 152.00 2008.48553 2191.65532 1222.92364 475.77860
77 154.00 728.14867 1259.39914 2150.97336 1104.76954
78 156.00 2175.68564 1584.96314 641.62296 928.75510
79 158.00 2334.88452 246.50483 2620.33258 2466.11075
80 160.00 874.87596 2946.62517 1169.64256 1064.02825
81 162.00 2250.87890 2272.97402 2598.82036 126.95758
82 164.00 1209.83755 687.23717 2027.25272 1019.79215
83 166.00 2049.55019 881.49930 2877.65528 2734.29885
84 168.00 69.79230 253.82058 1131.81340 1233.57488
85 170.00 839.36293 871.80230 1727.12823 2444.16579
86 172.00 1515.64901 2754.15431 2316.11069 2192.34022
87 174.00 1105.11538 1668.27097 1502.90949 535.36389
88 176.00 2946.89982 994.65369 2917.42835 1397.04809
89 178.00 2495.26009 184.59024 2064.77191 112.62295
90 180.00 2060.48237 172.57029 2558.89616 716.45131
91 182.00 2749.45772 626.81153 2295.13929 1065.19039
92 184.00 2485.57673 773.15128 945.22143 2126.63417
93 186.00 1184.16000 665.63648 424.24824 306.52698
94 188.00 283.72467 1799.56556 1578.63424 2163.75518
95 190.00 2362.11925 1633.13375 1819.36949 595.85665
96 192.00 1779.95311 1892.62079 593.97046 650.34677
97 194.00 1214.98352 969.06050 677.15281 2647.14833
98 196.00 2564.44059 2170.08244 2868.63177 2754.39119
99 198.00 1835.62550 1514.65933 2275.19506 982.32320
