3
50.0
30.0
3000.0
4500.0
0.6818
100
0 0.00 24.48323 1661.06450 1783.03039 2864.43550
1 2.00 2345.18545 611.83907 907.81373 2889.69790
2 4.00 2932.18243 785.95836 1507.01853 1100.66929
3 6.00 205.97207 643.01722 2301.41135 1870.23824
4 8.00 2075.71362 2677.48134 1282.55690 1248.03221
5 10.00 556.91847 717.64988 2458.15970 347.92361
6 12.00 349.49175 77.75974 496.27272 258.93719
7 14.00 2087.41651 611.44890 250.74901 671.36496
8 16.00 276.80080 1776.18907 915.94614 103.10944
9 18.00 1854.20719 2852.36394 152.21788 1635.10717
10 20.00 1584.87541 210.70707 1139.53844 1236.50574
11 22.00 2428.70851 473.34986 351.05165 1716.83740
12 24.00 2028.30116 2606.57887 108.30104 462.23936
13 26.00 2012.10344 576.57982 1177.66526 1684.76365
14 28.00 2449.92209 620.69140 1326.80599 454.81340
15 30.00 2281.12602 2643.00459 1878.10592 1467.16831
16 32.00 2975.10363 2921.39771 2134.57446 2087.31779
17 34.00 207.61413 1452.75937 34.03555 1965.58390
18 36.00 2072.34506 2705.73913 276.72515 345.45450
19 38.00 1518.53294 2288.18593 871.68662 963.17832
20 40.00 2600.42332 336.04353 2166.53089 2345.16467
21 42.00 68.77876 2662.06261 747.04618 2858.05618
22 44.00 790.48988 1103.63952 83.44784 1479.27819
23 46.00 768.30538 1557.71590 2309.84023 1034.82713
24 48.00 2479.12902 1487.79446 1040.25732 2110.06719
25 50.00 1074.31789 2578.98998 1377.69087 678.28095
26 52.00 2476.52874 2267.70792 626.90270 1183.12182
27 54.00 2505.74419 1986.41106 2879.04307 1511.48553
28 56.00 230.48797 1956.96913 2558.32928 2233.05955
29 58.00 2307.51926 946.37174 2666.43849 2265.12939
30 60.00 2929.66123 2913.13335 2862.31906 2279.07646
31 62.00 1719.99334 1137.34710 2314.45840 181.28086
32 64.00 1196.81214 1384.96980 40.99281 1781.42393
33 66.00 842.80623 2741.99211 2587.98730 2903.54420
34 68.00 1191.63934 1813.78815 2583.89047 410.77445
35 70.00 2297.60378 654.60012 1383.63757 87.83453
36 72.00 324.28485 2043.56173 1568.74486 26.70758
37 74.00 79.28403 1486.43224 2739.21450 823.04479
38 76.00 145.66850 1262.56858 748.94151 648.60792
39 78.00 646.47773 91.86241 2257.90848 1012.93572
40 80.00 1603.55025 1472.76036 855.94249 2087.53419
41 82.00 2080.46860 1656.17824 1869.15368 1953.27187
42 84.00 730.21749 1005.16131 2196.62525 2522.18882
43 86.00 1478.66252 426.42191 2552.75403 975.06749
44 88.00 1625.21783 2077.35696 2057.69023 1651.22889
45 90.00 1012.99504 823.04300 949.09492 2610.80032
46 92.00 634.71883 2307.88791 2682.49614 2864.44606
47 94.00 2345.16900 2891.56580 2758.01372 1558.14072
48 96.00 495.27950 2252.97303 1285.09666 1627.98293
49 98.00 2726.62696 1643.41239 1467.11719 1189.13778
50 100.00 1687.77687 1904.71770 436.11042 721.56187
51 102.00 50.98189 774.29285 706.15700 766.00848
52 104.00 1092.27668 933.60280 1263.27489 2398.68981
53 106.00 1551.78198 2214.16281 2831.19045 797.24685
54 108.00 1178.68449 1473.28135 265.00958 115.77338
55 110.00 683.95485 1372.10531 1035.62157 505.97087
56 112.00 1326.79491 1198.90755 365.48482 1075.05075
57 114.00 905.72897 1538.61299 332.72442 2328.75851
58 116.00 759.18392 238.41350 1318.23714 1632.15038
59 118.00 2120.20085 2134.01782 2109.14264 2674.89740
60 120.00 218.07498 1617.04482 354.78824 920.74720
61 122.00 2752.29876 2579.24297 2632.35192 228.38402
62 124.00 1549.19108 499.15777 2245.54719 66.40584
63 126.00 998.54264 1019.35554 1891.77767 1137.25153
64 128.00 1051.90247 774.61312 2224.55548 1502.32869
65 130.00 740.39576 1519.67154 766.46391 2547.88066
66 132.00 2336.54346 2536.87723 694.42232 1356.23107
67 134.00 2965.91590 2420.86434 595.21379 2631.85503
68 136.00 2029.97563 1895.65003 944.28269 2975.63981
69 138.00 2542.79878 1062.51695 1230.81428 1271.97406
70 140.00 26.60012 2977.42867 2553.68047 278.14750
71 142.00 2865.84316 1930.58652 413.00045 1489.62910
72 144.00 449.50745 661.63947 1567.97803 2399.58542
73 146.00 1414.72980 801.16700 377.12298 296.95399
74 148.00 2571.72167 2897.71599 1335.06224 2616.86061
75 150.00 622.97812 2393.52756 695.26216 1102.95152
76 152.00 2358.31068 166.06439 1742.78941 2513.19629
77 154.00 1892.94269 64.42822 2369.98036 581.03608
78 156.00 88.12998 2148.40790 1720.76020 1219.16261
79 158.00 2756.16496 1082.13401 1630.78738 208.89956
80 160.00 1235.58978 2079.52020 778.86501 2674.76881
81 162.00 2320.93298 57.78156 825.28359 1583.07049
82 164.00 755.63274 816.03056 2614.81529 2883.62374
83 166.00 2438.85602 101.77843 2073.08206 518.16161
84 168.00 1461.04254 1711.23742 2137.58457 1729.20487
85 170.00 2628.81870 372.34075 2433.90314 1781.75336
86 172.00 1066.19838 855.25148 2246.53976 1283.24031
87 174.00 987.90926 414.56452 253.63056 2225.63626
88 176.00 2090.09777 2527.70831 2094.49135 1061.18515
89 178.00 1305.36969 1423.95198 505.66820 23.25723
90 180.00 35.94250 1244.71807 2790.65523 2666.98088
91 182.00 2663.79779 2155.34976 200.51070 2978.47539
92 184.00 614.08101 918.09892 1739.87488 2349.46776
93 186.00 2091.35301 956.77271 552.37375 939.13353
94 188.00 352.62905 1227.89791 638.57575 683.85889
95 190.00 486.91858 835.49369 2196.84873 1818.11827
96 192.00 2155.29569 2060.55468 2050.54803 138.54868
97 194.00 271.49229 38.27766 1668.55708 2837.82926
98 196.00 376.34984 2136.30842 851.60953 1968.33952
99 198.00 1345.41480 2856.11634 2213.00084 718.22293
