3
50.0
30.0
3000.0
4500.0
0.3586
100
0 0.00 2969.28640 1896.57911 1198.25476 41.85049
1 2.00 2374.12532 1985.31621 518.33985 1778.81149
2 4.00 551.72886 284.53861 1173.87493 449.69948
3 6.00 1011.94565 65.04202 1176.69569 910.56639
4 8.00 2865.58728 1647.98590 683.21787 1459.60431
5 10.00 2171.18761 1298.56873 2841.99267 479.46195
6 12.00 2907.29974 179.28125 2884.31825 200.71824
7 14.00 969.84750 1430.10075 867.96557 705.45726
8 16.00 2830.01396 2410.86614 1249.03624 38.90278
9 18.00 924.02303 475.80719 1891.37711 2052.17270
10 20.00 1286.99230 365.54216 388.28423 845.69137
11 22.00 2174.27025 2421.37285 2592.29261 1108.70262
12 24.00 2911.29212 189.37498 1341.23463 1251.00174
13 26.00 628.36797 978.60185 700.31505 2615.62134
14 28.00 937.61112 2747.21373 2917.58362 2360.41842
15 30.00 1664.98724 1731.65939 993.18216 583.13332
16 32.00 381.39854 965.49826 1898.04520 2913.40705
17 34.00 686.78010 1778.50435 711.05363 2458.97095
18 36.00 1465.76376 1409.25763 58.19187 1532.88140
19 38.00 286.74798 2250.57697 1870.82099 243.92301
20 40.00 1472.82143 1807.79933 2672.73172 2874.81824
21 42.00 798.02196 1348.45477 2332.29965 2373.84474
22 44.00 828.63110 429.25008 2543.31835 177.06376
23 46.00 739.75685 1899.20946 981.64313 2474.51034
24 48.00 1447.65936 438.36059 818.27270 960.10701
25 50.00 2955.85371 1814.31307 1608.93050 2472.40933
26 52.00 1937.52473 2873.17709 1792.76156 361.08725
27 54.00 2200.25975 2206.48464 584.82925 2396.54550
28 56.00 847.36877 2372.12791 1268.97398 2455.75960
29 58.00 32.74205 782.96364 432.17880 75.85108
30 60.00 1954.90490 2287.12089 236.12902 1394.81844
31 62.00 2729.41987 442.84423 1877.66961 1665.79309
32 64.00 1781.53520 2275.38470 323.23462 820.65617
33 66.00 827.84835 2118.89019 1360.00045 488.70328
34 68.00 385.60705 2868.31668 371.74483 2603.21309
35 70.00 1657.72537 1106.46598 945.80619 2161.50374
36 72.00 1650.38136 1886.67102 1938.98495 1186.61309
37 74.00 979.83140 2508.21997 103.60197 848.72676
38 76.00 1696.85067 1705.58889 2649.77884 167.57755
39 78.00 2151.81069 395.60027 191.63371 203.68396
40 80.00 454.70978 1568.34175 2820.36837 705.04079
41 82.00 2263.97870 2916.95830 1014.47415 1237.92537
42 84.00 2252.55208 1477.36710 1635.33414 1574.03803
43 86.00 1925.45612 1187.97050 464.95203 2468.53785
44 88.00 2443.09246 1345.49444 345.74744 2734.27313
45 90.00 782.26407 717.79613 1934.27574 1673.05373
46 92.00 157.44930 2528.67954 676.55961 127.18450
47 94.00 657.00271 697.99695 457.89224 2611.44942
48 96.00 1501.75162 968.85076 2267.88923 2010.78901
49 98.00 57.76719 2296.61003 1476.68179 2008.92622
50 100.00 2091.37424 1650.09324 120.39006 1769.00598
51 102.00 626.50983 1748.21756 21.45712 2105.47263
52 104.00 1744.74965 1104.35469 2695.73691 492.53754
53 106.00 638.33499 1608.68995 2745.60199 2232.76168
54 108.00 844.25144 1668.78816 1532.63887 479.58997
55 110.00 604.75775 1822.85554 1003.45722 981.17425
56 112.00 781.02555 357.50298 856.14519 86.45243
57 114.00 1810.10357 1954.22585 1535.41532 1217.07246
58 116.00 554.49611 124.98026 2413.90745 2228.44022
59 118.00 2622.70296 600.42791 1710.62093 2241.81911
60 120.00 2498.78909 2022.61900 2659.95646 2453.58088
61 122.00 1082.81496 163.10266 1878.35290 1700.53978
62 124.00 2653.14129 756.99773 1533.29815 929.70470
63 126.00 649.27066 542.75744 1001.79604 1498.77814
64 128.00 2159.82631 2159.90783 1373.65300 1172.26317
65 130.00 2261.57593 2762.45685 1440.52672 1790.22112
66 132.00 2385.00953 2001.07294 2813.47552 233.02238
67 134.00 321.78477 0.81221 93.59981 150.08412
68 136.00 33.63573 822.69396 0.02844 1335.18184
69 138.00 2186.24469 2883.62519 291.69801 1104.14929
70 140.00 1937.31635 2912.82059 2225.53946 1118.46290
71 142.00 839.93604 1960.87792 892.40978 104.97826
72 144.00 360.22955 425.51425 1370.78295 2796.73692
73 146.00 2949.84919 2743.69819 360.97506 1910.12936
74 148.00 2857.27498 2378.28758 2640.87170 2796.12953
75 150.00 523.74387 337.76030 2174.42709 1365.73373
76 152.00 2659.32002 2084.75573 819.40366 67.67684
77 154.00 1689.69196 189.85153 2075.40456 646.42672
78 156.00 1192.61681 1132.27507 111.48350 1297.46257
79 158.00 1397.10475 525.06868 39.80719 2692.22434
80 160.00 1969.83008 2878.28665 2629.12748 2129.70523
81 162.00 2156.61251 608.09589 801.85331 2013.72768
82 164.00 2889.56883 564.20944 2069.02560 2431.06178
83 166.00 2987.51236 132.36931 1689.63591 2570.99465
84 168.00 1676.83319 2108.84080 2375.89132 2146.70797
85 170.00 2227.57790 859.55133 265.24800 1101.89146
86 172.00 2462.14260 1633.77223 1119.80239 2705.46268
87 174.00 2178.59581 1622.30105 962.13371 1917.94255
88 176.00 1221.00494 1740.63537 1116.32975 2950.53837
89 178.00 2301.93987 442.89956 2017.97383 2668.28724
90 180.00 2027.13209 1223.47733 2884.15925 259.33668
91 182.00 759.60092 412.92448 2774.15723 1936.39242
92 184.00 1352.30623 1617.63538 2041.01301 2669.22272
93 186.00 1030.36128 2754.89605 2948.14227 435.15148
94 188.00 1024.94964 1898.09234 2234.38168 2553.29357
95 190.00 1721.07777 2931.69593 2376.83340 2474.05651
96 192.00 1189.05053 2470.33011 2642.16905 2971.51180
97 194.00 1631.99021 1558.70654 1726.39377 764.15149
98 196.00 1651.34569 2826.86958 2219.13379 2052.03207
99 198.00 2363.17273 1467.53998 976.46190 2509.40635
