3
50.0
30.0
3000.0
4500.0
0.3828
100
0 0.00 1247.40310 1460.68261 2965.10652 444.50332
1 2.00 2652.65738 720.07014 1811.76550 2871.18783
2 4.00 2721.92069 2162.35317 1253.61058 2312.57983
3 6.00 1894.61389 2134.09565 2400.62588 1119.07168
4 8.00 8.21192 1448.39510 2472.97212 1503.23068
5 10.00 633.18529 997.55376 1975.99692 2209.63639
6 12.00 1514.94342 1592.60730 2668.75911 2980.89321
7 14.00 1837.39136 1836.67352 1304.81298 2849.45082
8 16.00 2400.83834 1364.85750 2157.32162 1641.36954
9 18.00 1616.37676 2267.32073 133.54098 997.81622
10 20.00 1222.00890 1881.12820 2375.51484 1423.55270
11 22.00 2634.70312 2787.14522 2742.31562 1826.28137
12 24.00 692.83571 945.53864 1772.68100 1347.81401
13 26.00 900.84752 1956.16409 116.13142 688.41878
14 28.00 2713.14129 762.42574 796.09774 1592.22846
15 30.00 121.63244 2856.02577 1347.74980 1190.94054
16 32.00 1290.03228 2875.91234 2407.17353 820.90412
17 34.00 2443.27403 1639.63779 1250.26517 1505.25552
18 36.00 2857.79175 2383.88916 1920.05896 918.61237
19 38.00 1800.73492 153.58708 2966.60517 640.24366
20 40.00 1983.86576 862.67142 347.61498 704.50023
21 42.00 2967.83125 1682.26414 985.76215 1635.18976
22 44.00 600.77123 2055.25212 239.03067 1940.52894
23 46.00 2839.73568 62.07269 389.63243 2248.23074
24 48.00 774.57966 1972.37150 2015.43260 1246.72694
25 50.00 2717.86363 612.27998 491.72190 292.81293
26 52.00 2795.22441 928.47727 1626.95862 1646.04200
27 54.00 205.76931 2948.44082 2619.66348 2559.09086
28 56.00 9.98466 718.65425 2335.99461 2383.27956
29 58.00 2833.09170 2895.43102 340.11228 1353.87478
30 60.00 364.31713 2297.99938 2338.61258 1395.89168
31 62.00 366.29253 2003.99513 834.90170 249.80430
32 64.00 2367.00008 1059.72049 1163.64204 567.90048
33 66.00 2834.82215 2175.94573 2732.75980 1861.02591
34 68.00 2908.26635 2299.45178 2976.36894 486.87639
35 70.00 1026.30356 1566.26013 2068.58941 582.51132
36 72.00 2973.34061 2271.94308 1054.14775 1020.54233
37 74.00 1167.83463 2270.26895 310.70816 1537.25925
38 76.00 2435.42829 637.07994 570.43106 1912.46770
39 78.00 2320.39014 2243.20303 200.70170 2979.06674
40 80.00 680.25360 1971.07715 2738.64828 1483.12552
41 82.00 2312.51705 1161.82680 1927.58215 597.33923
42 84.00 125.89388 1358.72826 11.16522 1066.26438
43 86.00 2962.98718 2801.76015 1946.15047 1246.60105
44 88.00 2512.55735 2908.75119 2586.02054 255.67579
45 90.00 2529.06715 1783.94548 1684.23686 349.48168
46 92.00 407.31091 1483.03622 2988.40704 2177.71104
47 94.00 1022.11000 1874.83964 97.44029 2505.68014
48 96.00 951.20073 936.17453 2466.49373 880.35395
49 98.00 2575.97074 164.73902 900.61535 2892.23400
50 100.00 410.75844 774.84420 1138.74348 459.11028
51 102.00 1019.82359 1236.08950 223.19175 1592.88699
52 104.00 225.33498 925.15540 899.46041 68.19671
53 106.00 2943.76159 983.26153 2135.40092 2608.51465
54 108.00 2794.23095 1808.71923 2554.70968 1087.59649
55 110.00 285.47180 792.59955 1001.35547 2665.22516
56 112.00 547.85687 636.93140 2401.11476 694.55814
57 114.00 829.54469 2524.40158 1650.62516 1623.91899
58 116.00 2577.75774 2434.73131 1646.80950 1732.08564
59 118.00 2071.44665 891.61920 1657.10024 892.63818
60 120.00 2685.97744 2256.90579 122.21229 2756.51494
61 122.00 1260.51347 1973.69254 807.14457 156.16040
62 124.00 206.24265 2846.95148 1764.91278 320.48609
63 126.00 1430.93126 1407.66935 1083.38460 1625.89324
64 128.00 792.84675 1772.56156 1683.57141 2382.32136
65 130.00 246.02664 505.13942 1945.45727 1707.04568
66 132.00 2600.07658 1892.51663 50.53647 655.25364
67 134.00 2124.48449 508.10875 2871.87467 2591.47589
68 136.00 1529.05336 2968.94054 15.85947 1568.92537
69 138.00 819.94324 2383.98304 2328.78694 562.64986
70 140.00 1642.69131 178.11498 633.02255 2000.64686
71 142.00 577.41538 1583.34344 1032.80361 1213.56178
72 144.00 1772.31039 2732.23871 862.98826 747.09203
73 146.00 2568.41994 373.94642 1260.67255 1945.01284
74 148.00 1493.03171 2933.44753 1216.63489 573.49482
75 150.00 758.80864 384.57311 553.07380 1922.46168
76 152.00 359.93171 2013.07132 397.34572 120.61859
77 154.00 2994.43494 2234.64044 2193.75745 2052.20451
78 156.00 398.88621 654.40702 2878.19944 1723.72417
79 158.00 1955.55899 2151.70951 2489.91212 41.27976
80 160.00 320.86096 619.00034 433.15110 2172.94263
81 162.00 2356.79245 2606.40343 975.33484 1233.38052
82 164.00 1978.56068 2040.94358 1330.23532 604.64682
83 166.00 1905.15472 620.34439 1059.53457 2609.85322
84 168.00 2574.34076 1986.91066 1469.74000 2847.42903
85 170.00 1312.35246 756.33379 1299.88017 475.81530
86 172.00 2344.17926 2501.07012 2244.97295 1572.84599
87 174.00 611.51964 331.24946 861.62981 850.33852
88 176.00 531.18023 2307.16069 1419.70190 2287.90001
89 178.00 195.88509 1363.28717 909.58707 672.94721
90 180.00 602.77202 2591.54343 2518.40391 2890.52453
91 182.00 808.91848 1441.05086 1314.38787 400.46020
92 184.00 2343.02344 1935.66107 1153.74495 2959.47935
93 186.00 1655.23968 1925.66550 434.07651 803.02738
94 188.00 1112.50224 764.43354 296.50380 2586.00722
95 190.00 1549.44158 930.65153 1211.14422 188.90332
96 192.00 2871.46239 321.35746 2696.32701 756.29630
97 194.00 732.88258 2873.03689 2794.11488 2567.55047
98 196.00 1723.24101 2773.29202 2765.48244 1882.55801
99 198.00 2932.35524 10.11251 2875.86455 982.13003
