3
50.0
30.0
3000.0
4500.0
0.1970
100
0 0.00 1672.02089 2845.80469 355.16187 952.79277
1 2.00 2638.91436 2181.23860 2296.30504 2640.39570
2 4.00 1242.12047 1233.75529 1329.01346 2801.30557
3 6.00 2682.39028 2799.75009 821.38849 2337.32365
4 8.00 320.31430 554.23949 2287.34245 1835.94479
5 10.00 800.58784 1701.12928 692.73405 696.54760
6 12.00 2062.13366 1077.78400 2064.42385 1429.80666
7 14.00 1506.97376 1814.13528 2136.05738 1121.87820
8 16.00 2556.38830 1474.33679 412.53817 579.77949
9 18.00 96.68866 2293.61656 45.04278 809.57611
10 20.00 1239.13207 2227.09998 2964.73025 2273.32977
11 22.00 198.40897 2781.30962 2956.88292 2601.38701
12 24.00 1469.82870 974.68688 1372.63479 740.35152
13 26.00 1214.60030 125.47883 2205.99534 1141.12251
14 28.00 938.69247 1834.51462 2227.40356 1781.41740
15 30.00 1575.69160 2627.34892 2360.75959 1561.94727
16 32.00 1354.82878 2481.03030 127.24775 2987.50911
17 34.00 1556.10796 1186.83359 2205.51024 1673.10285
18 36.00 1548.38005 1891.94566 147.88635 873.53809
19 38.00 1194.11967 913.66244 2482.86302 1384.04149
20 40.00 1267.38655 1839.40284 163.64000 1550.90895
21 42.00 426.71886 2489.68051 1355.09426 2167.94037
22 44.00 339.51476 2336.19343 2813.52737 2088.34243
23 46.00 405.92002 1240.67792 1352.65756 536.63574
24 48.00 1770.94643 2137.90317 605.79601 1364.04962
25 50.00 750.24688 2075.15228 2721.48739 2389.45867
26 52.00 2155.12416 370.63265 342.49482 1348.19525
27 54.00 1088.83017 1571.45192 1152.26212 2373.19978
28 56.00 1534.99935 2849.26167 1136.03589 1141.82103
29 58.00 2304.78097 2736.75834 1696.47474 1978.59102
30 60.00 450.26920 2606.45561 536.60029 2136.14246
31 62.00 1258.74507 928.55492 2305.89127 1338.77470
32 64.00 1879.35855 352.66194 394.71310 608.55512
33 66.00 1867.68098 759.33293 1375.92797 2566.23317
34 68.00 1630.50348 17.25165 2648.10876 713.63506
35 70.00 1766.58698 1427.13597 1230.45410 238.21475
36 72.00 1800.30631 734.13951 1642.02483 1859.29812
37 74.00 1672.64594 2475.75751 146.75640 444.76850
38 76.00 1959.83063 110.16316 2561.48786 2000.98963
39 78.00 2514.04331 895.32464 2761.15409 147.09409
40 80.00 1250.87077 534.74518 2016.27149 1833.26927
41 82.00 2074.54085 1784.90696 2361.92274 532.25780
42 84.00 1366.01348 1736.89888 2794.43946 279.37886
43 86.00 897.88344 1105.70828 1136.81805 203.00003
44 88.00 1281.97152 1651.41325 878.49814 403.63737
45 90.00 2083.85832 823.25563 1581.15820 1573.93863
46 92.00 2087.48849 1836.16123 327.90670 2189.18556
47 94.00 1886.93580 2961.56779 1450.98895 2065.96283
48 96.00 2801.67502 2958.83533 861.56191 1826.53382
49 98.00 949.46568 1576.17368 2985.07301 1061.56003
50 100.00 389.13941 1687.90301 1559.11740 1895.57282
51 102.00 1477.51336 539.72169 1828.21727 2125.76120
52 104.00 2937.77298 4.74275 71.96039 1876.38223
53 106.00 353.77717 2544.20937 2398.69305 2996.96102
54 108.00 1242.12342 1001.37677 1681.24651 1912.51063
55 110.00 33.89180 603.56142 844.88011 2370.58651
56 112.00 923.31765 1520.06888 971.77152 18.39379
57 114.00 2057.50737 1024.08476 2173.18993 1847.98003
58 116.00 87.35215 526.88726 991.54450 1013.81057
59 118.00 2017.41887 2748.48916 2391.76315 1936.95666
60 120.00 1444.48657 1881.60146 2676.17498 1610.90263
61 122.00 1005.32896 2351.96710 1241.85920 2227.75394
62 124.00 2505.31721 898.03124 2174.89246 946.50852
63 126.00 1607.65643 624.78741 2056.47990 2398.60600
64 128.00 2664.08841 1060.78662 2908.83988 841.38009
65 130.00 93.51949 2950.85631 1879.53254 2527.21732
66 132.00 1712.94492 1168.69882 1785.57560 2593.78107
67 134.00 2254.62063 2115.79855 943.49820 94.88465
68 136.00 1241.60870 1491.16330 712.92674 1355.71899
69 138.00 2852.18025 648.41964 906.95490 336.69382
70 140.00 2354.83195 2333.37117 2740.06154 1331.32228
71 142.00 74.80432 1447.98957 1500.16293 570.63504
72 144.00 2770.91030 2197.32320 1570.88388 2326.59963
73 146.00 429.88514 2615.39696 2466.41555 2814.07154
74 148.00 2030.15187 398.15147 2173.71190 1378.10523
75 150.00 2141.03217 1567.03462 12.32961 2797.01203
76 152.00 2061.15699 1782.86274 261.22767 1400.62771
77 154.00 138.41931 1561.73314 1976.95286 937.44240
78 156.00 1732.67950 936.42870 2676.40675 962.64111
79 158.00 577.63692 829.94862 957.44937 1323.34687
80 160.00 352.95252 447.96217 820.91066 45.77015
81 162.00 1868.83489 1542.18199 619.73214 1050.95441
82 164.00 955.45474 424.67049 2113.06109 849.80309
83 166.00 734.47522 213.72861 1839.78865 1016.21668
84 168.00 1330.94292 390.22201 1412.20674 2026.48781
85 170.00 317.78076 161.39963 1279.39724 536.94898
86 172.00 1788.36409 1778.26867 2508.52321 2098.09650
87 174.00 1848.94601 937.32195 2452.32594 2138.69605
88 176.00 2012.61080 1600.45479 2921.04567 2267.22881
89 178.00 1397.08609 395.38584 2438.55305 2759.06713
90 180.00 1404.82772 1366.75251 2053.43392 2130.64771
91 182.00 1396.18969 695.08264 671.38336 2583.28883
92 184.00 1850.82626 2738.58483 1176.23076 2098.84386
93 186.00 1995.54186 2366.33612 2647.21167 1359.84920
94 188.00 90.79240 1426.00309 1054.32246 1383.72505
95 190.00 512.40463 2303.82454 1813.32069 382.18201
96 192.00 308.79663 2452.65868 2390.27332 977.60918
97 194.00 1948.35424 2377.29282 1598.23670 1202.44942
98 196.00 1240.32572 1862.62452 1643.84705 2921.67519
99 198.00 1151.44938 1022.14247 2441.74711 1772.91060
