3
50.0
30.0
3000.0
4500.0
0.5606
100
0 0.00 505.50159 1504.50660 333.96203 1053.52306
1 2.00 2378.23082 484.01329 688.10542 1656.64257
2 4.00 542.94388 1668.19919 851.72550 1608.15012
3 6.00 1413.12737 2598.98459 1578.02652 1073.74759
4 8.00 1817.98707 1786.48642 95.84934 818.75861
5 10.00 117.04118 2253.92795 803.92976 1816.01864
6 12.00 347.46608 1119.07714 2345.26592 2113.59316
7 14.00 2808.03750 1041.08782 89.10376 2558.98183
8 16.00 2322.90998 582.71975 2901.54627 2831.03725
9 18.00 2782.93676 494.19596 1929.38551 1776.14603
10 20.00 2770.60729 22.96737 2788.44276 867.80490
11 22.00 1918.66980 2808.02470 1078.15263 1468.12522
12 24.00 2941.63270 1796.38487 1393.08379 720.79226
13 26.00 382.87727 1621.34821 2554.46193 71.18891
14 28.00 900.30581 1866.17903 2730.10055 2136.88512
15 30.00 988.28511 903.84686 1839.79329 2614.76106
16 32.00 378.74300 2286.33739 2282.85136 286.82079
17 34.00 1967.35948 863.73363 1667.01053 2399.60234
18 36.00 863.51112 2651.35786 386.67851 109.23795
19 38.00 255.00735 1529.81818 1666.39660 1830.72947
20 40.00 67.71845 666.03907 1033.05862 2944.01640
21 42.00 1677.73619 2131.10547 74.81246 2986.16032
22 44.00 1393.97745 1755.54846 346.22608 437.72690
23 46.00 665.75588 1981.95994 2176.15603 2156.17375
24 48.00 751.74303 2753.13692 718.65237 2161.48977
25 50.00 1788.78394 41.22236 2442.96360 1657.64879
26 52.00 2873.46492 2744.89972 2352.74352 1777.06945
27 54.00 918.18317 2304.46753 1634.19377 834.77207
28 56.00 1727.73769 2209.71233 2502.34673 1808.22851
29 58.00 1289.77627 1912.89832 2068.41135 1077.85832
30 60.00 459.67858 1823.21067 1629.66564 44.31804
31 62.00 200.03277 145.41282 994.67838 1379.09324
32 64.00 700.58467 2268.43807 1113.76395 2681.03968
33 66.00 248.98306 955.04219 1332.47809 279.70026
34 68.00 668.01212 1991.64644 207.33635 1763.23767
35 70.00 1655.51117 420.04024 659.85598 61.48706
36 72.00 841.05865 1436.73189 1195.40480 1841.34183
37 74.00 1920.44321 2546.63856 887.28291 903.88194
38 76.00 2321.61601 1496.69142 2728.19384 969.32593
39 78.00 2629.31822 27.45088 845.95258 552.55710
40 80.00 2231.83991 2702.86239 522.32671 904.44460
41 82.00 14.30227 95.72921 240.04954 2128.31413
42 84.00 923.44263 2160.43886 1026.02403 2826.89052
43 86.00 1194.96083 324.03710 1603.73156 945.97586
44 88.00 845.36587 2870.06395 2784.49964 1152.51815
45 90.00 2502.28906 1689.29877 1136.47089 486.45460
46 92.00 493.62667 1356.53519 717.48550 2288.66669
47 94.00 664.86972 433.19673 2384.48465 2026.96957
48 96.00 873.34997 543.84941 666.72346 247.70067
49 98.00 1920.10782 2764.86776 417.89848 1160.62461
50 100.00 138.27041 60.76741 2484.41799 1815.30260
51 102.00 1176.92996 2714.46313 2070.47567 1800.28269
52 104.00 1327.86557 297.62631 886.47236 470.92294
53 106.00 416.50367 393.06589 906.10644 1221.81271
54 108.00 1624.72232 2307.29590 2715.51761 1077.54780
55 110.00 722.21378 528.27881 1218.36062 1812.37083
56 112.00 1424.51718 2971.55327 14.86278 663.87237
57 114.00 378.60571 1064.85376 99.05092 646.34650
58 116.00 2517.00457 1759.10830 1500.33501 906.21106
59 118.00 2340.70507 2463.97084 22.76979 453.67127
60 120.00 1253.96054 2014.27329 146.24682 1729.36267
61 122.00 1928.96087 634.93928 1856.98553 1468.22708
62 124.00 1461.64070 1811.10844 6.18500 1938.38295
63 126.00 551.42138 1745.30173 1024.77484 298.35005
64 128.00 438.67469 2525.05904 1129.71878 2153.82487
65 130.00 842.31890 1476.68823 1542.36826 1105.39865
66 132.00 2909.48237 927.31306 2181.28231 1738.10135
67 134.00 1864.94723 2695.55448 680.71349 856.96401
68 136.00 2338.90817 2180.86894 2932.24808 410.14929
69 138.00 702.99845 2887.11949 1952.66870 1406.16925
70 140.00 2748.14707 1603.42387 226.40630 994.49297
71 142.00 868.87592 2201.75066 2513.60035 1331.81367
72 144.00 2347.11400 354.80919 887.12501 2270.81098
73 146.00 587.43513 1842.83640 2737.31384 2759.99011
74 148.00 2010.24003 2922.10482 1283.72459 1262.16052
75 150.00 1284.03330 175.23994 530.38543 1412.79420
76 152.00 2688.99227 1254.27143 375.06484 2351.26053
77 154.00 480.36293 259.62162 2100.87961 963.45653
78 156.00 1642.31993 1220.33837 222.53731 2164.08367
79 158.00 179.62231 396.13628 207.74242 341.63156
80 160.00 1435.38128 1641.28341 2782.08273 72.12123
81 162.00 1887.59858 1433.47010 1282.73401 1005.89891
82 164.00 406.44984 595.26751 1458.88317 1617.45323
83 166.00 1757.32115 214.83696 414.17848 2456.20634
84 168.00 1550.45020 853.45165 1537.88626 1242.25521
85 170.00 2734.84452 251.36414 858.20100 456.66572
86 172.00 934.70713 64.72034 86.75402 2239.37296
87 174.00 1360.66762 1009.95616 2724.99164 1709.39277
88 176.00 1613.62199 2723.59158 445.50796 729.86914
89 178.00 2091.87426 621.53723 778.95928 1033.73884
90 180.00 1976.11677 1506.61455 1140.29645 1837.81741
91 182.00 380.42986 1436.24331 2893.32527 2140.81684
92 184.00 309.84450 1977.33270 605.11632 2049.03380
93 186.00 1238.20362 1710.37406 2647.15395 1022.48163
94 188.00 630.92793 1571.37870 123.73236 295.08552
95 190.00 824.37269 2612.39458 2443.57535 2411.48537
96 192.00 491.00240 1283.91086 878.51134 1293.24774
97 194.00 2597.39593 2630.47310 2614.51363 1106.40074
98 196.00 2416.44643 1463.55527 2980.26961 947.76803
99 198.00 1036.27866 2886.70829 2728.76157 1467.02684
