3
50.0
30.0
3000.0
4500.0
0.6091
100
0 0.00 2523.55229 2934.22474 2540.97502 2521.24946
1 2.00 2206.51658 304.81455 189.94265 943.18441
2 4.00 1416.54570 579.57587 272.03373 261.46809
3 6.00 2171.18723 264.36322 748.37575 997.02045
4 8.00 1923.33996 1087.32963 2546.92465 2856.80971
5 10.00 962.18332 116.97434 176.65817 921.93551
6 12.00 30.78822 1322.85323 263.85269 2136.63011
7 14.00 2681.11000 1849.91672 2663.99813 1221.80129
8 16.00 1841.73414 909.23751 2304.16167 959.30002
9 18.00 1220.33169 2518.23062 1296.47673 2247.93711
10 20.00 916.28034 2963.85998 910.72749 2349.25636
11 22.00 2225.94742 551.28619 1773.03659 424.07721
12 24.00 2816.27869 2573.06099 1793.85337 1023.72960
13 26.00 165.22918 920.35808 246.10226 1854.37095
14 28.00 2201.22771 308.93637 1258.05303 313.92465
15 30.00 2084.32388 1147.33580 1922.14951 2070.06516
16 32.00 279.85033 176.62029 2261.26619 2520.60663
17 34.00 2106.96018 1579.30889 397.24423 1992.46140
18 36.00 401.99285 2220.16025 1213.49353 424.18607
19 38.00 2472.68051 2775.16566 455.83489 251.15603
20 40.00 2431.65664 1067.51894 1914.10979 511.49765
21 42.00 2346.49181 2506.97437 1705.44225 1144.37561
22 44.00 438.03180 1587.23440 1894.28158 1489.70804
23 46.00 2398.89286 2125.24925 2237.26594 33.36729
24 48.00 1706.10919 417.45692 2398.95891 1900.05722
25 50.00 2810.94767 1900.65277 1476.82985 2280.19010
26 52.00 1653.80465 1367.59519 2110.37757 473.70194
27 54.00 91.51662 2880.48932 1983.02450 2738.60699
28 56.00 801.99410 1018.80094 1480.03732 386.45364
29 58.00 2415.18441 1669.50330 2817.82683 434.24415
30 60.00 1048.94447 885.72475 558.79897 2151.65522
31 62.00 134.08773 2030.67425 1535.15895 2776.51633
32 64.00 1927.55804 2119.49113 442.25956 1895.25664
33 66.00 1548.02532 47.80680 1140.31003 864.10838
34 68.00 86.03975 2373.88475 2495.26059 786.44221
35 70.00 1255.52710 1075.83651 901.30772 1431.31827
36 72.00 1353.46556 2413.93088 2077.77015 1820.96153
37 74.00 1023.19615 2154.05132 69.88134 2611.87399
38 76.00 1903.69296 2916.15707 1753.27095 991.44605
39 78.00 1176.42771 2063.43210 612.71314 281.30507
40 80.00 1166.78628 1881.01496 1063.25741 2415.77742
41 82.00 661.67275 1676.59200 1592.52938 2780.23820
42 84.00 1328.39253 2640.22040 1042.78418 2091.77088
43 86.00 2733.96780 1840.02727 2488.76377 222.20667
44 88.00 1168.05848 2876.94477 1250.07140 383.93084
45 90.00 2782.43490 2530.03768 69.09030 264.55269
46 92.00 293.06075 2180.74800 580.58901 1146.57169
47 94.00 2766.31474 1445.98321 1767.36513 1996.22744
48 96.00 1341.64955 2646.62127 2260.99602 1846.19605
49 98.00 642.95716 50.02897 987.81292 2279.78396
50 100.00 2190.82884 2570.51367 1563.16619 2392.91677
51 102.00 2295.88990 2189.55797 1680.35847 2852.21526
52 104.00 1708.61344 924.11913 1767.36400 2260.45682
53 106.00 778.84645 2426.63724 2193.23098 2871.09952
54 108.00 700.07531 1321.49928 1682.38275 1765.57187
55 110.00 2648.11490 2871.93830 1226.51816 645.15859
56 112.00 168.88636 1693.19829 2186.13855 378.28373
57 114.00 2190.46116 1480.27318 2423.48518 767.54252
58 116.00 1531.59870 1551.20360 2444.07748 1586.16160
59 118.00 2310.66816 2504.13946 995.18601 2066.29968
60 120.00 447.74917 2672.75671 1102.67988 1990.59842
61 122.00 1987.28332 1990.64910 2617.91282 476.55084
62 124.00 2718.69965 2150.71244 2703.21044 2280.40967
63 126.00 332.34918 655.00137 736.40803 629.00573
64 128.00 1310.36878 1529.85973 1028.54415 1605.53350
65 130.00 894.07816 2826.36518 1267.21592 2719.94375
66 132.00 1917.41582 1507.14547 1832.43553 1197.67099
67 134.00 971.84331 1654.99219 1438.89000 806.40247
68 136.00 842.17927 976.36136 1724.52440 1004.16886
69 138.00 238.04825 1072.24264 601.99832 2812.88484
70 140.00 967.13166 1033.83877 2361.87482 989.25909
71 142.00 1885.52470 2771.29732 2100.06066 1465.63414
72 144.00 1612.34713 1372.06200 829.30231 2900.90395
73 146.00 193.11003 1908.34054 2912.19743 1157.31514
74 148.00 2661.96775 2785.63397 1285.62707 969.69162
75 150.00 360.90101 2244.57569 353.44889 1851.28799
76 152.00 1479.05931 771.51566 672.05924 1839.38564
77 154.00 1066.77813 954.88065 2302.50941 2335.94919
78 156.00 1307.49087 2660.16175 1834.13202 1321.79914
79 158.00 1796.55528 712.74854 2167.87711 2740.54487
80 160.00 149.46113 2866.24007 1052.88724 1512.95044
81 162.00 551.05640 2505.21072 1188.00774 575.01378
82 164.00 112.91745 2275.80280 981.84305 1426.19995
83 166.00 1917.90422 517.65586 842.34558 378.75810
84 168.00 842.29304 1624.35054 2235.32264 915.92895
85 170.00 1988.45553 502.17896 1144.71121 1659.89164
86 172.00 1703.17686 1559.70004 762.11930 1964.72049
87 174.00 147.94412 248.43800 1901.30511 1518.45235
88 176.00 100.75819 24.31999 611.94382 2729.96801
89 178.00 1660.64633 215.96840 2562.99675 2611.40100
90 180.00 1315.90072 726.03246 2383.68156 1580.95069
91 182.00 1200.73539 2240.61246 312.98062 1037.76167
92 184.00 783.64407 1250.48661 47.31755 735.14520
93 186.00 462.72319 1178.85281 1845.16277 1312.25530
94 188.00 2567.37619 2794.18495 2474.08622 1208.70177
95 190.00 2101.54543 1487.31783 144.23346 998.27384
96 192.00 618.63042 2775.53645 2557.69807 896.73759
97 194.00 1720.15675 321.25659 2072.62183 2131.79204
98 196.00 2463.03496 1047.07249 1333.34246 1879.61212
99 198.00 2048.40111 2409.05869 1093.29228 127.72123
