3
50.0
30.0
3000.0
4500.0
0.8111
100
0 0.00 2657.21070 415.22011 2307.92030 1356.21093
1 2.00 1017.00535 950.37715 2641.89405 1011.73011
2 4.00 1411.52657 1591.39808 2858.07971 400.43035
3 6.00 577.13540 1631.74789 2471.66215 607.58927
4 8.00 498.56394 808.03080 2031.69934 2621.56842
5 10.00 436.03158 266.01967 330.30509 1576.00421
6 12.00 2015.15600 2318.69558 2145.76958 2064.06010
7 14.00 2727.82346 1133.50083 2806.57483 2875.75013
8 16.00 752.81184 1253.89994 2416.29828 2858.02383
9 18.00 2992.97038 1897.78596 73.75637 2053.58951
10 20.00 1033.62768 2980.72999 1408.75144 2272.27325
11 22.00 2256.29785 2085.19259 1239.62439 287.94823
12 24.00 2972.63092 567.63042 368.55771 1832.13039
13 26.00 536.55930 1715.73387 841.55338 2315.67963
14 28.00 2138.17417 527.10286 2887.57918 668.76065
15 30.00 1531.28611 2091.61976 2601.12098 2292.87399
16 32.00 2565.88473 556.28940 721.95893 1739.29655
17 34.00 2602.62429 284.37944 1505.40037 823.72399
18 36.00 1104.17095 193.27258 1617.46886 492.55980
19 38.00 1616.31670 1589.51132 2767.37036 717.10948
20 40.00 783.83664 10.80054 2671.62080 1041.46920
21 42.00 673.97397 609.07593 2744.56573 1515.25898
22 44.00 1293.27749 572.35207 2003.21378 2613.23558
23 46.00 27.21473 2951.56177 1738.71588 2265.02691
24 48.00 2853.66859 1080.86851 300.78519 2484.95509
25 50.00 1511.23661 2141.37593 1962.73336 277.13554
26 52.00 443.27741 2217.43433 1100.05810 1573.52716
27 54.00 517.85724 1619.68411 2721.66913 941.18637
28 56.00 876.51649 1875.32051 894.16886 1159.80412
29 58.00 2055.66756 1571.55463 2619.68015 1614.79699
30 60.00 632.70148 1729.85935 2553.11488 1633.12482
31 62.00 531.28006 1793.95477 1953.20056 868.43927
32 64.00 1400.49219 2625.36421 640.40526 628.01155
33 66.00 1189.87712 732.26097 2555.79039 880.54017
34 68.00 125.64109 1407.26842 2232.65935 2902.34193
35 70.00 456.74663 2308.46326 706.84960 622.45418
36 72.00 2671.65053 934.78928 147.30445 2476.11415
37 74.00 851.94526 2658.83141 1498.82915 1712.88957
38 76.00 1895.06529 1299.32163 2996.21941 762.38121
39 78.00 1955.99368 667.70897 2991.67625 103.70829
40 80.00 2828.35510 183.18926 2852.24845 293.76397
41 82.00 1236.14590 2305.81032 1294.59852 2954.19770
42 84.00 2913.28298 1572.48454 1088.49940 954.46131
43 86.00 217.11159 2250.39127 1600.26548 993.87204
44 88.00 1845.96428 2779.29660 2853.96298 456.79064
45 90.00 2685.19354 1055.98598 2291.42296 312.27586
46 92.00 5.49850 936.59622 1280.96853 109.15530
47 94.00 2193.34301 2322.41216 2242.37133 2219.31919
48 96.00 2371.14523 547.96835 1168.39809 18.38174
49 98.00 1256.51704 52.76244 311.71161 785.54004
50 100.00 1980.36735 597.75488 2487.93390 1872.77869
51 102.00 2727.04267 2157.16701 2673.62395 402.29282
52 104.00 936.79072 217.77416 71.71678 1166.58454
53 106.00 1474.81943 1633.04247 958.34861 1411.91493
54 108.00 2789.71021 2545.10998 442.50400 228.45902
55 110.00 1047.43751 2624.55552 2733.52563 821.41675
56 112.00 2690.72948 2322.56061 1716.70644 1039.63542
57 114.00 2227.60734 2541.41318 41.95747 228.79370
58 116.00 203.01434 2775.01416 2061.05046 2267.84838
59 118.00 1849.63481 1124.58743 506.79213 1983.66974
60 120.00 76.60329 1038.17081 2790.39455 91.29401
61 122.00 1276.94371 1333.51971 757.74449 1019.45432
62 124.00 2790.27518 1971.17445 2328.60969 1498.84794
63 126.00 241.73680 1365.24485 2281.06922 1070.49524
64 128.00 2206.62713 197.96312 1688.72031 2398.92210
65 130.00 1657.20974 497.50320 2261.22902 1736.96939
66 132.00 469.84244 2462.06912 539.70810 2874.62179
67 134.00 2701.40021 216.67482 2358.41517 542.99281
68 136.00 1527.03319 2578.57800 2040.19567 416.07513
69 138.00 2534.22914 2618.81839 1642.62975 360.59461
70 140.00 2446.04009 1251.16641 1290.33371 1002.49323
71 142.00 136.46098 982.82930 171.13762 2210.00941
72 144.00 2960.55556 407.61308 2249.50696 1800.42889
73 146.00 695.05144 1802.35369 715.82935 741.19457
74 148.00 2892.64357 2251.20463 1096.12423 2225.60729
75 150.00 505.15955 751.80740 1192.29964 455.87897
76 152.00 2919.52254 1683.46145 1517.48496 845.14348
77 154.00 141.81871 2737.77694 2846.42462 2908.39364
78 156.00 2519.36216 1445.49391 1178.95387 770.67206
79 158.00 1788.37255 1775.61301 463.07954 2194.02680
80 160.00 2272.54509 2212.13198 57.47310 674.29360
81 162.00 78.90141 1232.66069 763.98050 288.08647
82 164.00 1669.87535 1966.08199 2488.46495 1772.34928
83 166.00 140.42356 957.97010 61.06130 2923.79192
84 168.00 2261.84660 817.14597 2013.21176 2564.82275
85 170.00 1982.37274 1003.73974 83.19533 944.85925
86 172.00 1671.28129 2733.91597 1399.87335 511.18635
87 174.00 178.06163 155.95734 759.40421 771.46678
88 176.00 1717.16359 694.51349 321.66465 215.16722
89 178.00 374.62253 2818.96574 2562.33011 29.65728
90 180.00 601.22790 768.60030 1183.45382 2038.80351
91 182.00 1512.37465 831.12330 2844.21749 1188.38400
92 184.00 2022.62534 1460.29007 624.32222 881.31420
93 186.00 834.40953 1135.08174 1131.11134 14.73622
94 188.00 405.30155 1181.27416 2188.83366 2302.46149
95 190.00 2553.60400 2384.78405 789.94958 443.93930
96 192.00 1674.98669 1629.69363 578.88182 1550.27402
97 194.00 632.11780 1918.22324 1066.77054 2572.76358
98 196.00 2371.55113 2035.14220 1756.89084 846.11772
99 198.00 918.40840 1742.59229 2321.14464 350.90012
