3
50.0
30.0
3000.0
4500.0
0.4232
100
0 0.00 2992.45501 197.33647 2353.37308 126.89078
1 2.00 1831.67521 1505.50810 2423.49582 892.88659
2 4.00 2490.39286 2465.13499 2787.78308 1185.00063
3 6.00 1818.32733 2969.09368 1916.64479 1944.08074
4 8.00 595.99135 1770.95147 2055.46714 2440.99591
5 10.00 1146.66375 1669.62604 877.84805 1232.66163
6 12.00 1146.01207 298.73029 648.85076 859.96509
7 14.00 147.31252 1439.67563 798.52237 699.89664
8 16.00 522.58627 966.95862 549.04600 2210.90389
9 18.00 2901.12261 2009.19451 1785.36402 1748.59182
10 20.00 2735.90890 2987.01171 1338.20394 43.98143
11 22.00 2134.46067 2733.21252 495.42819 1292.36101
12 24.00 2964.13544 1980.96688 78.92085 1401.80542
13 26.00 1546.71374 2459.44118 1621.65101 514.58455
14 28.00 267.06845 164.76740 475.07542 1996.07395
15 30.00 82.28822 2409.74852 1883.31020 285.23415
16 32.00 2792.66652 2809.53821 2831.14247 2397.55751
17 34.00 705.63220 2053.03848 2252.77702 1714.68740
18 36.00 1786.42182 2654.85292 2340.11828 1345.74079
19 38.00 439.81768 335.87010 2928.03391 2887.55769
20 40.00 2192.87020 1612.50545 1877.88202 2893.74658
21 42.00 2783.41012 1524.65250 2445.95660 2554.20175
22 44.00 2911.52462 2784.22722 2682.49076 912.34223
23 46.00 414.72193 2273.49801 1353.87403 2640.53200
24 48.00 1068.15258 1539.43602 2781.30688 1713.26289
25 50.00 1321.06078 1520.54396 1313.00354 34.60207
26 52.00 517.72510 2435.61085 778.50204 140.46698
27 54.00 1422.92291 1419.82577 281.09121 2527.77786
28 56.00 2526.35629 1140.74972 255.38410 1787.04117
29 58.00 274.51112 1943.85599 252.09756 473.49294
30 60.00 2672.96984 2023.02139 1771.28982 2374.38986
31 62.00 1799.70513 1270.42355 2711.43487 451.31105
32 64.00 2178.61633 1176.31360 2829.81049 2010.82849
33 66.00 2543.79714 1993.75028 150.07613 129.40408
34 68.00 1063.92374 2140.14600 775.95433 2371.41256
35 70.00 2370.34979 1270.56838 1063.83013 132.06358
36 72.00 2698.76096 1926.98043 531.08786 852.35240
37 74.00 2681.28843 2072.79134 1674.56286 999.92074
38 76.00 1132.16052 321.02666 2793.03050 1743.10125
39 78.00 2576.97996 1975.89348 1923.53071 545.17575
40 80.00 1919.99587 2654.30241 2778.68129 2106.03309
41 82.00 849.11996 1829.47441 1151.19203 745.96477
42 84.00 794.49411 1835.41181 76.86311 1359.17930
43 86.00 937.18102 194.27978 34.84574 1682.49943
44 88.00 306.62903 427.01908 2943.67886 1066.71409
45 90.00 2280.14765 2476.55941 1219.89287 1627.85897
46 92.00 375.17309 1507.59854 1721.61104 2368.03246
47 94.00 666.00775 1603.86623 1598.11033 1505.42636
48 96.00 1842.24073 2641.00283 412.37817 775.59474
49 98.00 1438.57080 2971.78560 2258.68583 1335.52296
50 100.00 1727.25074 1274.74330 1869.71718 190.22993
51 102.00 899.69905 643.35539 2489.08876 1759.49382
52 104.00 2270.06581 2174.31256 1073.24134 2266.47317
53 106.00 1799.07019 2444.59011 2995.73696 2619.39839
54 108.00 2144.20432 323.88139 640.03139 2159.14335
55 110.00 2683.32741 1025.18705 2943.03787 131.37258
56 112.00 763.53759 1668.88132 283.18668 997.35215
57 114.00 2490.17637 65.79262 496.72008 2719.28725
58 116.00 835.24998 906.26450 433.93368 373.70799
59 118.00 292.08435 953.65103 94.69740 579.74584
60 120.00 867.45651 84.76489 1701.65800 1206.19424
61 122.00 189.53878 2266.81651 1452.71878 2734.66220
62 124.00 2242.56541 2317.19961 380.33184 776.07558
63 126.00 1614.72044 2259.02448 1891.46076 1640.11313
64 128.00 2869.27832 2188.45730 2598.89626 1385.17519
65 130.00 1653.45886 290.69433 238.85837 812.61023
66 132.00 1550.91478 2985.82922 2361.83060 2519.20389
67 134.00 1867.64255 2757.35017 1879.77029 2841.55479
68 136.00 1637.74505 1849.40450 1615.21126 2414.29905
69 138.00 746.92734 2925.76744 1187.48270 1855.63529
70 140.00 1321.03989 2790.92937 1143.48725 937.05092
71 142.00 2677.56959 270.88761 1020.85498 783.65663
72 144.00 940.66701 1979.71981 331.93794 1841.09132
73 146.00 2167.14477 2038.56913 175.76424 2062.35788
74 148.00 1433.27015 1083.94822 2090.97268 1144.46973
75 150.00 2084.30001 1053.78313 211.15097 235.81898
76 152.00 2048.29817 185.60136 2497.57206 1613.45241
77 154.00 2313.87718 2422.51171 621.42461 943.16403
78 156.00 1232.36878 2128.06988 377.28911 1544.00335
79 158.00 779.71602 1117.16512 167.43409 1456.52439
80 160.00 147.45518 1782.35218 1953.98206 903.39828
81 162.00 407.66024 1591.05856 1741.09168 536.78262
82 164.00 879.95209 1129.00655 1125.13401 2595.55172
83 166.00 2356.55140 2221.68021 1670.25712 1304.72404
84 168.00 1492.51034 150.00704 2367.53376 786.39239
85 170.00 43.06523 2371.50892 932.22625 1270.77204
86 172.00 1092.56256 2268.79890 1019.75022 2677.39083
87 174.00 1713.63045 2347.55051 925.56421 956.79677
88 176.00 662.19803 2343.77849 2415.79388 86.67401
89 178.00 392.56749 2571.11198 1108.58900 2396.78989
90 180.00 2627.65694 2349.83732 2562.86468 552.97607
91 182.00 1256.20192 2101.79526 162.57721 1189.47115
92 184.00 1002.00625 1824.72044 686.70635 161.09721
93 186.00 2084.37766 2025.80265 480.79242 560.21416
94 188.00 524.72373 882.33698 2889.83691 2394.57570
95 190.00 1284.54595 2644.06263 2081.84889 1421.84529
96 192.00 1203.70829 2291.42673 1839.81939 1170.43054
97 194.00 310.96890 530.63255 2127.42291 299.74410
98 196.00 1117.52781 2917.23664 1510.08148 2869.63589
99 198.00 1600.22670 1551.20850 1164.73478 179.90584
