3
50.0
30.0
3000.0
4500.0
0.1162
100
0 0.00 848.51695 895.66755 1760.81317 2996.70700
1 2.00 1468.92104 445.78626 1615.74173 1035.37183
2 4.00 1655.75225 1630.29019 1366.03385 965.33205
3 6.00 565.95712 2092.49528 1715.39293 700.68734
4 8.00 2326.63343 130.94190 2234.11545 2115.68364
5 10.00 2434.22671 1158.23626 1991.06649 2462.24266
6 12.00 2942.45442 1485.98595 111.05883 1506.87345
7 14.00 1770.54129 2609.10094 2622.57112 1320.91863
8 16.00 1577.85326 1370.78422 2167.33148 1229.93586
9 18.00 1964.34398 463.08366 1408.47180 2907.61089
10 20.00 1015.68370 2078.11380 1949.50996 2555.29588
11 22.00 2557.02401 2578.02655 1140.02819 949.98346
12 24.00 2156.15228 2278.20543 2617.14905 107.69730
13 26.00 205.26224 1893.48305 2762.78730 2992.27777
14 28.00 2240.29910 1301.91442 295.32938 1901.24349
15 30.00 2617.73770 1331.03565 2082.00349 2710.27219
16 32.00 137.97291 2388.43040 880.10333 1124.52327
17 34.00 436.70939 1593.49895 1697.78419 2377.55842
18 36.00 509.95095 236.90505 2612.51880 1859.13111
19 38.00 722.48938 2738.48705 429.35316 1383.44974
20 40.00 761.93202 765.98012 28.19229 2413.89923
21 42.00 2703.62827 2032.83266 473.92687 1325.18935
22 44.00 1036.69687 1762.71512 1916.81611 1272.92682
23 46.00 750.29467 2535.91178 597.65100 1154.07975
24 48.00 1449.62418 711.61711 1715.76808 1724.43579
25 50.00 2978.07613 885.69226 2933.83345 1974.68945
26 52.00 823.44114 1697.78705 2057.39848 2234.00652
27 54.00 147.13275 1819.21948 1490.18186 2712.46587
28 56.00 858.58245 2396.58036 1821.19499 1056.96287
29 58.00 1909.85363 1862.67349 2033.29338 2162.78513
30 60.00 1977.54462 2515.01135 1884.74431 2710.21111
31 62.00 1939.02183 926.79865 1322.46957 1738.72142
32 64.00 2197.07930 270.40013 885.33135 2242.44259
33 66.00 526.92021 396.47939 1618.22328 2914.46874
34 68.00 1592.55712 2740.46092 2491.41786 770.91025
35 70.00 2474.06944 1445.54349 2419.46548 2239.67805
36 72.00 1016.14576 345.50912 2888.67988 422.27105
37 74.00 2899.50063 2580.42179 2172.65014 2939.82673
38 76.00 2901.80924 2413.76293 1097.32515 2372.04591
39 78.00 41.75597 1609.71692 1364.35808 2018.48515
40 80.00 2017.02239 1753.68027 2467.25190 2820.87568
41 82.00 325.03831 701.46571 75.07395 2652.70454
42 84.00 1684.22215 2745.76773 664.10160 189.65112
43 86.00 2471.56605 2728.16292 906.57052 1224.88757
44 88.00 419.33104 2838.78460 913.09375 1477.87386
45 90.00 291.57600 2661.77793 406.99215 1360.93127
46 92.00 2011.45866 2229.42036 2837.92226 1257.38026
47 94.00 2226.80704 463.56871 1244.65358 297.06490
48 96.00 1468.04111 1224.34766 2854.56458 98.14886
49 98.00 1111.58988 1330.14926 2851.66551 2566.35058
50 100.00 298.06387 2057.04080 1633.39758 2933.52759
51 102.00 1076.02152 1194.41893 569.42569 366.47916
52 104.00 2544.09957 1364.15211 1988.30621 1925.11340
53 106.00 1791.43788 64.07236 2360.38377 730.70669
54 108.00 377.77166 1693.73393 205.83046 2295.47213
55 110.00 621.47211 647.85406 2609.08628 985.67866
56 112.00 442.66254 2701.59311 8.50665 2575.21838
57 114.00 434.06394 389.97639 751.96259 523.49136
58 116.00 1983.17293 77.34045 44.58098 2369.95399
59 118.00 713.79482 971.31439 522.73860 157.19705
60 120.00 2225.15417 1578.25658 2236.99583 1428.73790
61 122.00 2334.05112 1539.71387 327.16203 1511.51607
62 124.00 2836.24693 130.09511 2349.68099 2600.94272
63 126.00 1564.35364 1374.12757 2892.07855 182.47622
64 128.00 1436.94573 1204.85176 2058.29249 1470.80656
65 130.00 2729.10249 220.47215 242.37143 1824.89227
66 132.00 197.04670 825.04800 1899.23017 1645.06930
67 134.00 975.55633 2983.88327 1591.67051 1361.14625
68 136.00 1816.28037 297.53539 2105.33826 2558.37821
69 138.00 1952.74999 2306.88819 2162.51975 645.06920
70 140.00 1354.66475 685.48072 1016.79486 1360.49671
71 142.00 1247.96895 285.25752 1280.29202 1995.32359
72 144.00 1122.90307 457.91677 2768.95511 201.39992
73 146.00 2495.31567 279.69031 289.69330 2216.38800
74 148.00 2435.30786 1669.11221 1759.39525 1684.75924
75 150.00 988.93794 366.69386 1060.79424 1996.02156
76 152.00 2250.85275 2604.27645 2163.18204 2905.19588
77 154.00 1801.23027 1054.93856 1733.75556 638.21642
78 156.00 1970.20891 672.73461 324.65515 2536.12026
79 158.00 1102.68315 2287.81690 1722.30001 2421.66411
80 160.00 2535.46548 2923.63981 2455.28058 1840.71984
81 162.00 1928.09749 78.76149 2787.25287 2488.38237
82 164.00 802.34318 541.24822 2108.09632 926.95407
83 166.00 1019.47397 18.31737 2609.58812 1698.96328
84 168.00 1202.35303 425.62396 1899.51604 91.97130
85 170.00 2238.33529 645.39864 1259.49748 1022.68795
86 172.00 1110.15928 2164.78790 2330.50686 1702.78067
87 174.00 254.87112 157.82648 472.22969 1853.51455
88 176.00 2021.90613 816.30853 1985.81608 1456.98511
89 178.00 1326.13256 819.50053 2264.82943 341.45252
90 180.00 1289.74090 849.73941 2035.45876 1459.89826
91 182.00 2001.39768 136.25209 1185.79019 1797.97487
92 184.00 23.06126 904.25809 633.70194 411.70442
93 186.00 766.55851 984.36707 23.18972 2241.04237
94 188.00 527.08441 1140.62234 2111.01379 1500.78704
95 190.00 2500.06261 2418.60056 216.22649 2585.29309
96 192.00 126.90678 56.22461 2763.48730 2586.33004
97 194.00 1727.27748 1720.19904 2128.49688 1253.08188
98 196.00 345.52012 62.56968 974.30454 2403.96646
99 198.00 1854.37579 2496.07774 2759.30926 264.38964
