3
50.0
30.0
3000.0
4500.0
0.7061
100
0 0.00 960.50635 2719.90981 404.25206 2346.95390
1 2.00 2059.14461 388.43162 2419.91424 2871.94464
2 4.00 254.40706 2275.66490 1160.83870 2306.18414
3 6.00 1620.42985 1306.15874 2303.98103 925.32455
4 8.00 1566.28016 810.20495 2823.68726 2628.38778
5 10.00 1783.48808 1893.97978 2358.30149 1239.19282
6 12.00 1951.40074 374.80794 1108.73326 472.20394
7 14.00 1492.90995 1473.21429 2051.44734 134.41564
8 16.00 188.71647 1091.76877 2804.27023 2855.53654
9 18.00 618.84521 2150.39547 442.55296 443.87735
10 20.00 537.93429 609.23721 454.11467 2483.41123
11 22.00 1170.83497 101.53945 1562.99667 2235.37454
12 24.00 1567.44148 1857.90352 1800.61026 2635.71026
13 26.00 1357.84860 324.00147 2867.36983 169.69600
14 28.00 2318.14396 24.76409 1079.94159 2196.45289
15 30.00 682.98546 597.65430 262.96986 2156.97610
16 32.00 1545.10656 1114.40058 1241.12671 988.16140
17 34.00 2882.03980 1871.02884 864.46498 448.24096
18 36.00 448.26903 2176.80419 2133.32346 19.88625
19 38.00 255.59219 440.65194 2634.54211 812.60235
20 40.00 774.42929 2232.51086 2176.61244 2378.49115
21 42.00 831.49119 2095.04782 2396.34953 843.11223
22 44.00 92.90658 2710.04133 2778.71380 1456.43256
23 46.00 667.33658 2084.00036 2401.07611 590.50344
24 48.00 2528.49094 1396.72887 2503.41981 1775.22262
25 50.00 1631.97457 2067.52411 911.21066 2268.97484
26 52.00 290.00661 344.27175 2791.68028 441.81730
27 54.00 278.18860 1476.25864 2820.96719 2596.48163
28 56.00 2703.60392 1551.13493 1506.74475 1959.43078
29 58.00 2880.34237 2412.05540 1700.58624 451.81142
30 60.00 932.19681 2920.27224 1031.41091 1389.49233
31 62.00 2317.07071 2264.46166 1305.65768 651.13317
32 64.00 997.48822 1511.80437 1354.97555 846.72231
33 66.00 2832.48026 1040.48238 382.48979 639.62081
34 68.00 2106.81439 1506.80592 2851.05066 431.11825
35 70.00 2246.95631 2976.42161 2471.89501 447.28129
36 72.00 932.44918 2243.55606 384.78456 965.78931
37 74.00 980.80677 202.82531 1397.82328 1579.15994
38 76.00 1671.29610 559.69865 75.72681 138.18741
39 78.00 748.58398 1009.22833 691.20387 2208.65009
40 80.00 560.06372 2886.55006 476.51350 2961.03421
41 82.00 1324.14225 1418.44534 1139.07272 1136.59078
42 84.00 132.78237 385.51226 1637.94587 1485.43172
43 86.00 962.85872 2088.89014 1501.66186 237.09129
44 88.00 1995.37944 166.84667 1417.91411 622.82159
45 90.00 2052.04309 2464.65263 2150.34815 1170.07789
46 92.00 1079.72321 568.74660 1114.25314 2250.19624
47 94.00 408.79238 385.18377 1970.00100 103.39984
48 96.00 2524.19110 2135.61704 2821.70329 770.77377
49 98.00 2864.08546 659.60319 1906.71104 365.34360
50 100.00 2415.80820 244.85860 2765.92640 1066.41600
51 102.00 1772.64314 2601.79459 1145.85366 917.67332
52 104.00 2123.48189 935.66551 2794.72040 640.60063
53 106.00 1785.47756 1836.99086 1436.47470 2432.32222
54 108.00 2050.57545 1087.27380 681.24483 729.11679
55 110.00 829.88233 1741.88523 1352.77082 1866.66375
56 112.00 2526.00089 1402.20952 276.70466 2250.01583
57 114.00 2238.93509 2375.47033 907.63372 883.47844
58 116.00 1799.26639 1489.00326 2216.67882 1628.21345
59 118.00 1067.83454 1654.64539 1240.06721 206.45785
60 120.00 1592.04913 1519.76500 2513.60862 1428.48787
61 122.00 1210.41271 2844.09034 2987.92579 2426.99381
62 124.00 392.50139 1099.06810 1772.29029 1497.42322
63 126.00 765.38093 1369.03358 2932.89191 658.77158
64 128.00 382.69073 2709.06696 1750.11449 135.10866
65 130.00 2759.47517 643.15892 480.53436 558.65016
66 132.00 2612.83112 964.47903 1670.24345 2788.13684
67 134.00 1316.91572 869.51319 620.21852 352.97817
68 136.00 936.59032 2825.40265 2213.41487 2709.38304
69 138.00 655.02990 1189.02850 1389.97103 1379.49509
70 140.00 2169.17125 1489.10861 19.13306 53.99638
71 142.00 1208.06798 1233.39032 2994.05135 2286.96056
72 144.00 1206.65011 11.19549 2900.93740 1132.87550
73 146.00 2151.14587 486.16272 2977.41043 2557.49973
74 148.00 360.43864 2901.16127 2362.33102 1935.05650
75 150.00 381.17726 1743.08543 2783.79386 2576.15214
76 152.00 1510.33592 2595.63504 1611.55489 1442.28408
77 154.00 2370.40859 2287.67269 400.98990 784.28401
78 156.00 2371.33221 1796.09024 592.68410 33.28024
79 158.00 898.09305 2337.74291 1931.54093 2994.90004
80 160.00 1292.66602 498.29924 2281.47047 2700.40184
81 162.00 1202.66005 2899.86702 97.38464 819.49240
82 164.00 1056.94348 694.83926 545.11133 757.12358
83 166.00 2742.43753 616.75192 1020.15517 2434.11742
84 168.00 831.35181 2634.84436 1687.26488 337.39543
85 170.00 1562.56424 927.86070 2580.64075 1298.99102
86 172.00 294.23397 2900.61457 543.94678 87.26784
87 174.00 1166.39589 705.11689 1671.99081 265.04473
88 176.00 2271.42653 56.93123 1677.33353 2177.51370
89 178.00 676.57426 1128.79428 1877.75722 1587.08161
90 180.00 249.49036 1232.30914 1014.15171 1048.83838
91 182.00 1084.28891 2954.60207 1657.45461 1876.27141
92 184.00 1116.81715 2796.15248 500.75973 1867.99454
93 186.00 1498.92194 2264.11656 2764.18823 625.72136
94 188.00 2559.51848 580.26375 2068.04244 1009.36167
95 190.00 1489.63420 1466.58344 1383.64795 1559.00025
96 192.00 1428.72283 1098.32171 628.79914 2364.93899
97 194.00 1275.43599 625.85594 2326.67359 267.89652
98 196.00 770.51597 1786.84589 1754.47264 660.17646
99 198.00 2442.07679 1666.19356 2879.79932 1957.07170
