3
50.0
30.0
3000.0
4500.0
0.2131
100
0 0.00 46.89098 1460.90242 19.04874 538.23857
1 2.00 267.42372 1955.26738 2660.74543 1248.66673
2 4.00 2422.23541 2317.68813 2077.07499 618.48066
3 6.00 1919.47711 1569.26059 1236.09397 2814.26883
4 8.00 1831.61397 112.86364 540.00140 1499.66290
5 10.00 2850.89419 1881.57496 2347.74909 1043.56070
6 12.00 13.71012 706.91702 352.52347 1590.59706
7 14.00 287.05156 1085.70391 2283.38472 1619.16848
8 16.00 657.82840 2310.99385 1977.98148 829.27975
9 18.00 581.15698 2389.83891 2055.73126 2905.72151
10 20.00 1423.23852 528.97145 2010.42791 129.34680
11 22.00 1934.58251 855.19356 1304.01493 1002.88389
12 24.00 2415.46102 2275.22406 129.95245 2221.25065
13 26.00 2774.58404 527.66282 2356.47605 1455.18419
14 28.00 348.19526 2685.23752 2164.20924 1778.11999
15 30.00 977.91694 596.25419 2030.55764 977.05488
16 32.00 2336.92584 978.39667 294.19240 2213.24360
17 34.00 2609.65891 1126.59716 661.98827 1412.97078
18 36.00 1453.22315 2671.46653 434.82382 2783.66135
19 38.00 1364.97262 1161.99091 409.21384 2159.46365
20 40.00 1896.06335 2926.66767 606.63267 381.63529
21 42.00 2076.63159 178.95516 409.50450 2554.95410
22 44.00 1375.73677 513.60395 1030.72802 2659.22692
23 46.00 1810.90795 2368.64090 1913.99764 1834.58427
24 48.00 509.80645 2910.40753 2565.01207 259.42300
25 50.00 2570.92129 1467.64020 2986.99301 1774.74261
26 52.00 2510.96708 837.51264 2190.05326 2208.53658
27 54.00 739.96253 981.88784 1738.40109 2675.46788
28 56.00 1775.31490 446.90911 1721.10235 15.23274
29 58.00 2940.55212 120.17604 1411.95789 2305.81917
30 60.00 100.86166 1593.36518 1437.80802 2394.05254
31 62.00 2463.87396 1357.32410 721.53448 1675.46090
32 64.00 37.26897 2195.35885 2849.80169 398.13601
33 66.00 887.37128 1942.92060 272.18851 1439.34885
34 68.00 914.50981 2109.91346 2573.76633 2241.86009
35 70.00 73.24042 1364.52239 2315.50502 2622.59711
36 72.00 1216.08112 2369.57614 1111.26138 1392.88736
37 74.00 1900.20691 2581.14795 212.09578 2680.30332
38 76.00 998.71842 98.14253 1277.70676 809.36814
39 78.00 2838.28648 1627.30532 2383.43626 2363.07553
40 80.00 242.87712 2642.54174 2207.28236 164.43503
41 82.00 2835.96669 2023.95890 2663.93372 332.89963
42 84.00 1096.77258 1857.40035 1096.71343 525.80221
43 86.00 1676.37137 201.01774 2128.01141 614.13778
44 88.00 2943.75487 715.89812 340.67304 1435.48040
45 90.00 2817.44380 1740.35816 2877.31119 629.38193
46 92.00 2235.05014 676.31168 1058.13501 802.07356
47 94.00 2040.68022 831.43600 190.10754 1035.67975
48 96.00 1458.68072 1580.04780 368.12830 2129.47587
49 98.00 2034.92488 1598.56640 876.79306 1862.85380
50 100.00 2399.71160 2836.09597 2426.38763 2822.62766
51 102.00 196.88277 2675.70964 1373.62236 240.51121
52 104.00 2693.83758 865.11806 2869.88079 328.09476
53 106.00 827.82821 2091.24633 1488.98620 2624.97942
54 108.00 1562.06292 1881.82859 879.50833 2908.72382
55 110.00 1624.30487 396.08211 1040.10074 1331.58016
56 112.00 1934.05332 874.55039 188.84853 2615.38110
57 114.00 696.98419 2842.34614 1934.01609 1235.07519
58 116.00 1028.37744 1938.15368 978.91924 1780.07177
59 118.00 2090.59074 2525.72361 1335.76891 912.24701
60 120.00 395.86276 2368.04479 515.21138 780.02237
61 122.00 1452.72934 2912.17215 2309.24921 141.95681
62 124.00 1059.36269 1367.77961 499.08922 2772.39492
63 126.00 2135.43652 855.73975 2919.61827 2517.99503
64 128.00 2078.57781 1999.06790 460.45440 713.71597
65 130.00 123.45437 949.87751 379.42054 781.22159
66 132.00 553.48975 1687.46173 104.06727 950.83129
67 134.00 1031.54105 1118.74481 1619.59979 487.79282
68 136.00 904.67931 2761.30193 1213.68699 1498.25075
69 138.00 436.15166 1374.12221 960.65379 12.88292
70 140.00 2215.48494 2926.80311 993.84194 2116.35407
71 142.00 1421.73202 869.48155 2832.02858 2942.06934
72 144.00 1721.18275 441.25042 1695.69454 2720.64236
73 146.00 1326.31660 2067.44094 2194.92156 2700.52341
74 148.00 418.26988 1652.87997 924.24660 1204.88977
75 150.00 2522.63075 1337.91807 277.44339 165.10091
76 152.00 1923.93796 1750.29432 666.43157 2806.99523
77 154.00 833.78151 67.64594 1615.23688 1336.37425
78 156.00 2014.67333 262.13081 1535.36257 583.35012
79 158.00 953.27344 1815.23347 2830.20649 2725.34085
80 160.00 1083.19461 443.83782 2561.41221 1108.88990
81 162.00 1118.49345 853.95110 1054.06510 2932.57088
82 164.00 2622.90521 262.79589 2183.56007 1332.66109
83 166.00 2977.79150 2411.05651 865.90205 2417.01836
84 168.00 2911.08202 1271.49660 2689.28648 418.70306
85 170.00 1761.54020 258.23392 623.35137 1423.83939
86 172.00 2602.57746 2959.91504 198.34734 2880.28589
87 174.00 2268.34216 265.34484 1228.38192 2743.23149
88 176.00 1243.54204 1667.44153 2130.74102 2265.73124
89 178.00 410.78112 558.01925 1145.30860 1661.60078
90 180.00 126.69874 2478.74492 2503.75560 911.74314
91 182.00 1677.84317 1390.35550 80.52004 7.34002
92 184.00 788.03107 2868.07979 2502.72921 1417.62351
93 186.00 1961.43892 2678.05958 1251.47032 1475.65951
94 188.00 2063.52956 734.25078 358.06399 831.65110
95 190.00 2982.99886 200.17448 2236.69672 1743.19731
96 192.00 1696.72377 2605.03775 1883.98814 1428.12214
97 194.00 2082.73530 358.75105 1537.57761 1725.79106
98 196.00 2535.84020 488.54170 175.53118 959.04333
99 198.00 2634.95179 406.49218 489.92656 818.01106
