3
50.0
30.0
3000.0
4500.0
0.8596
100
0 0.00 2547.62238 1304.33648 2958.65212 2428.35702
1 2.00 1149.65071 2059.72670 621.20238 2969.07704
2 4.00 2229.72344 391.35863 1158.98782 2513.63794
3 6.00 680.14670 350.91415 283.47289 157.45465
4 8.00 1649.20362 468.49061 316.21134 191.41979
5 10.00 257.14532 1346.63420 1806.19626 1746.24749
6 12.00 949.30721 2763.72183 750.14605 1003.34726
7 14.00 330.40259 1997.63300 1717.97194 86.52405
8 16.00 220.80838 2687.96172 34.84377 2524.51535
9 18.00 2271.25561 998.14386 2314.05965 2393.77449
10 20.00 698.25097 1074.33301 2407.70724 2993.23398
11 22.00 1094.40477 1107.24074 1415.52778 1296.59504
12 24.00 1084.53347 791.19880 719.42428 2835.69831
13 26.00 450.21711 557.15938 2785.36519 1581.76843
14 28.00 2271.28606 1436.81138 293.44422 1190.55729
15 30.00 979.60022 1270.29415 505.59462 1743.35855
16 32.00 2900.58556 1098.99734 1337.25358 1331.38403
17 34.00 243.45999 903.04214 131.53449 1412.45603
18 36.00 1495.12710 574.92894 385.51528 1487.97029
19 38.00 2046.80864 2789.90430 2541.12010 1479.60445
20 40.00 2377.13978 2305.30079 489.64397 2955.08722
21 42.00 947.72537 1393.76959 2738.05226 1873.33962
22 44.00 2730.34574 2773.56866 1784.32779 2142.60726
23 46.00 1203.13261 2186.08905 2585.60034 295.90124
24 48.00 2912.41352 951.74534 2871.30176 280.84883
25 50.00 774.17478 2169.95647 348.02863 878.28795
26 52.00 2417.89856 935.26181 1092.78271 916.06079
27 54.00 1249.40630 650.50055 2745.92052 2805.69866
28 56.00 1331.00738 2769.26732 1409.88895 2524.66652
29 58.00 2141.87363 277.22442 2674.06569 1.63864
30 60.00 1229.60115 1791.33366 930.79613 2831.79367
31 62.00 1963.96219 1628.24594 1426.75792 2443.17149
32 64.00 576.16863 22.31928 366.73803 2941.42399
33 66.00 272.28465 1478.76159 2648.79855 268.00587
34 68.00 86.78138 312.79770 1950.75383 110.31280
35 70.00 310.58618 377.16741 639.65154 664.96984
36 72.00 271.42283 2857.09556 1894.39650 1949.93111
37 74.00 1365.23116 88.84035 733.17195 953.70294
38 76.00 1761.39395 1072.96821 2515.74584 778.58466
39 78.00 91.95815 1709.20915 1997.11149 2556.25826
40 80.00 2789.65819 2732.81580 872.30846 389.64065
41 82.00 1196.43270 171.75225 2683.02972 1313.06187
42 84.00 2459.71443 445.65729 872.72380 368.91663
43 86.00 2610.20879 617.32601 2286.90520 517.58376
44 88.00 2881.18171 2122.09178 2527.14913 2508.64770
45 90.00 760.43670 2995.69768 951.31092 874.92444
46 92.00 1187.26694 1309.49423 824.25163 2258.68252
47 94.00 437.56606 686.47355 2528.87647 1932.66236
48 96.00 2683.66726 2646.92282 378.88790 219.86089
49 98.00 237.70245 2761.69589 785.13456 164.44246
50 100.00 1555.55829 2847.82333 1792.79226 1043.11963
51 102.00 1883.74060 1013.82001 446.42395 837.23301
52 104.00 2068.33386 1172.73144 440.58703 2536.50364
53 106.00 1485.73964 1274.06426 974.25530 2283.74954
54 108.00 700.86189 2839.68549 2256.18902 811.00963
55 110.00 2377.53167 28.64770 101.19818 970.73542
56 112.00 2464.58240 310.20049 2073.09095 639.58428
57 114.00 2941.19923 2785.34902 312.67731 671.29660
58 116.00 2022.89283 1922.30213 2228.49016 2369.26613
59 118.00 1898.20934 2270.74283 35.64535 1489.09905
60 120.00 1795.86477 2051.82396 1916.92332 1606.58615
61 122.00 1729.80789 2053.50170 963.68917 2243.07566
62 124.00 160.53911 1672.28440 2297.88551 682.26524
63 126.00 41.07234 319.43323 2021.03952 1901.99549
64 128.00 2900.72843 1916.17726 1465.36118 2513.44115
65 130.00 721.33481 802.39411 668.68951 2957.18858
66 132.00 2489.34092 2569.65623 1406.39268 1296.05727
67 134.00 1808.94487 103.28492 1994.56095 1505.88930
68 136.00 1080.75263 2508.30383 1088.43644 724.25909
69 138.00 1997.28296 2525.19770 1451.06180 2587.79222
70 140.00 146.34426 2950.46760 2385.48831 642.80012
71 142.00 55.62372 2735.80996 346.72609 982.42174
72 144.00 1193.48439 1716.89490 1343.06577 1932.79105
73 146.00 2213.25480 1075.40688 1693.97809 982.65096
74 148.00 2363.52693 2814.25196 97.52790 1050.30192
75 150.00 2765.10214 459.48336 202.26269 800.70386
76 152.00 2189.76443 1171.71381 1515.97942 1190.18456
77 154.00 616.46924 2636.29155 1816.81056 2675.21614
78 156.00 864.06034 1278.06231 1906.34287 271.15608
79 158.00 1038.98799 808.22539 2437.49376 2163.17908
80 160.00 2766.75193 1908.77258 2790.88331 1143.68823
81 162.00 2219.02059 1538.39872 2675.81885 1834.24243
82 164.00 1531.56748 1598.22270 2207.12173 1968.38708
83 166.00 1181.25816 2397.17822 267.08974 368.21442
84 168.00 2880.07997 2465.03978 1381.04982 1747.70384
85 170.00 1808.02726 2634.59090 445.56017 2477.99518
86 172.00 480.57160 724.25037 243.93241 987.97105
87 174.00 1458.13717 411.01000 6.92749 2070.39365
88 176.00 2499.69062 1557.30980 1032.10207 2270.00545
89 178.00 1286.75636 1273.85496 2067.20038 2097.91180
90 180.00 2873.92033 783.61698 568.43866 2373.47214
91 182.00 1490.41516 2125.17662 565.88687 604.65036
92 184.00 1951.67433 697.56947 1470.22417 763.14079
93 186.00 2724.60573 303.69452 2687.67384 2167.28792
94 188.00 35.59628 757.89207 104.05839 1781.75580
95 190.00 2689.14915 782.71200 1108.84777 1524.55485
96 192.00 196.51666 2126.72736 862.46523 1027.13842
97 194.00 2932.60333 1987.53379 2989.12466 407.82478
98 196.00 2877.76536 2380.76409 678.67505 2609.70951
99 198.00 1922.98945 2720.94022 2590.54624 1724.03353
