3
50.0
30.0
3000.0
4500.0
0.2859
100
0 0.00 1784.67543 1628.28864 1144.68997 2535.27483
1 2.00 2065.65197 1312.48102 849.74509 1861.12947
2 4.00 2775.40679 2570.99180 2986.08966 2417.81929
3 6.00 311.43612 1948.87376 1848.78111 1233.83899
4 8.00 1489.21479 2255.18028 2781.68673 299.10622
5 10.00 1332.31007 1743.70075 97.90661 869.71338
6 12.00 1261.92257 668.63811 1363.88964 1143.23949
7 14.00 586.68071 1408.72273 373.32168 2902.84831
8 16.00 2742.08796 1238.80423 2461.25393 2111.50487
9 18.00 2223.45917 22.81540 1123.93140 671.80980
10 20.00 850.81327 2638.82148 793.49721 2515.45252
11 22.00 2385.41463 1244.14957 724.66332 2700.56176
12 24.00 1243.66998 46.59019 460.12605 1123.21722
13 26.00 2450.12103 2460.10317 1799.83702 1005.26981
14 28.00 2877.48178 2978.48737 725.49334 2920.47097
15 30.00 577.98121 1933.30307 2485.64970 2403.99494
16 32.00 1733.56085 386.61139 1908.82047 2932.06690
17 34.00 521.15181 2712.51412 1551.83123 1312.20476
18 36.00 298.73377 2403.51592 1512.77114 1894.32321
19 38.00 2352.84388 2529.09218 1881.95514 780.69037
20 40.00 1658.71653 2846.10091 611.28773 279.79622
21 42.00 1312.26312 1886.68238 1779.86458 83.45500
22 44.00 2122.72774 2761.78318 236.31751 1147.21455
23 46.00 2227.01887 391.64405 1361.11879 1894.50538
24 48.00 1074.36406 719.16565 2693.72772 890.76752
25 50.00 1606.25166 735.76325 2340.08686 2358.14460
26 52.00 2311.17476 1977.77309 824.89447 2804.92768
27 54.00 1882.31403 1915.15971 1738.06373 310.25769
28 56.00 1377.38317 1787.68333 321.22996 847.38912
29 58.00 2683.81437 278.33142 1482.73515 1084.19195
30 60.00 2514.94765 1172.40063 1473.11087 65.87091
31 62.00 220.72791 2877.65152 228.93806 2062.00923
32 64.00 1125.76311 940.75481 2724.90720 2425.64717
33 66.00 539.41931 30.42087 536.03122 1701.88155
34 68.00 1819.96458 94.35142 2927.74762 2981.21873
35 70.00 1451.73298 1842.01499 1639.44832 475.16481
36 72.00 2225.09049 2779.74954 578.53578 88.66573
37 74.00 69.11453 1535.23416 457.03805 2600.62277
38 76.00 344.36537 650.87336 982.61918 659.28333
39 78.00 2183.23170 2819.54431 802.77160 1444.72462
40 80.00 2859.68808 1045.66014 1654.49134 882.96263
41 82.00 2235.58337 1487.40512 1537.96964 1199.82645
42 84.00 579.16272 518.87855 2061.17237 2661.94467
43 86.00 843.24829 1178.47777 1750.94477 2299.34660
44 88.00 934.75539 2382.29858 2861.28622 1463.49537
45 90.00 2648.57200 1271.21197 2241.23781 2447.67660
46 92.00 1868.73289 1821.88695 1287.93893 1701.42610
47 94.00 1121.88146 1898.09540 192.79876 501.74716
48 96.00 101.28003 1534.07043 1760.60773 880.42064
49 98.00 2480.05926 1935.29391 2895.43575 1056.76001
50 100.00 89.81985 539.71271 968.04349 2372.68912
51 102.00 1073.23355 217.92099 1970.86383 1115.89285
52 104.00 2338.54366 366.91082 955.76742 32.70307
53 106.00 986.60817 1396.12988 2385.71826 2696.23192
54 108.00 1684.92175 1156.77265 1805.40573 1581.78708
55 110.00 308.76058 834.14541 1823.71312 2650.08037
56 112.00 2579.73792 224.47259 2677.99206 1265.25042
57 114.00 2268.60361 953.34988 960.36423 591.36976
58 116.00 2408.17558 1495.95291 2970.77915 1263.71174
59 118.00 372.27804 513.41919 980.62428 1148.57255
60 120.00 1729.24145 855.11074 1930.99983 2568.30920
61 122.00 2963.86430 2734.92943 853.09746 2524.92859
62 124.00 1208.43237 2687.48858 2754.10345 117.36073
63 126.00 1934.32700 208.36234 285.35945 2407.53985
64 128.00 2169.76101 824.02064 2261.07684 1201.03303
65 130.00 1669.35060 939.52398 1836.96194 1179.98248
66 132.00 2089.37082 1363.74522 2546.01694 2901.45758
67 134.00 364.23884 1121.71825 1853.93100 87.86455
68 136.00 143.50272 31.18808 315.40708 968.57712
69 138.00 2062.79674 1307.04739 510.57436 573.47908
70 140.00 2706.82945 1106.63860 2708.64175 2968.69509
71 142.00 2802.33107 2604.04462 779.06307 2354.83211
72 144.00 332.41079 2841.43458 225.12653 987.98692
73 146.00 1838.25190 2437.45658 809.73616 511.01589
74 148.00 413.28998 1382.08129 378.86612 2585.68470
75 150.00 2259.10448 2663.39524 2897.50879 1239.88175
76 152.00 1340.33922 367.11993 1582.76678 1733.65417
77 154.00 1983.80693 2929.04836 965.73409 2192.59374
78 156.00 677.49156 791.43610 888.70256 248.38282
79 158.00 1675.54570 2618.61700 1978.44233 2205.80484
80 160.00 617.67370 234.05019 2915.29563 180.80079
81 162.00 39.38432 648.40640 2455.53433 563.75229
82 164.00 313.60415 625.98437 1771.56930 1582.93391
83 166.00 2575.37650 2281.46388 935.47629 1362.06590
84 168.00 461.99678 1513.53423 2742.37579 656.35449
85 170.00 1090.93135 2925.19405 2603.57636 1540.39213
86 172.00 2340.06318 563.86042 833.51530 492.58897
87 174.00 921.44034 2609.49414 1945.14889 441.86920
88 176.00 2628.58871 2235.07798 721.68738 2682.29416
89 178.00 561.08930 85.75875 1985.65651 1357.92275
90 180.00 796.73618 2780.78316 252.20030 1294.42091
91 182.00 451.86014 1506.57118 1523.78047 159.47122
92 184.00 817.76660 293.43809 1945.86524 2196.00483
93 186.00 1267.76512 882.01768 1208.07631 1782.14750
94 188.00 1588.68826 1480.84868 1300.69603 2043.48157
95 190.00 1939.03457 2876.91515 658.73929 159.41331
96 192.00 107.06387 798.53473 197.54216 303.09597
97 194.00 679.39505 1860.66222 2147.46995 1175.72427
98 196.00 303.91282 2201.77312 2638.58301 804.80085
99 198.00 617.11613 2357.18295 1042.89934 863.97765
