3
50.0
30.0
3000.0
4500.0
0.5283
100
0 0.00 489.02812 1198.02210 559.41217 357.91462
1 2.00 1781.99880 1209.83365 885.80585 1364.46552
2 4.00 2051.23252 2963.36554 440.22017 940.61834
3 6.00 1801.85909 1411.15122 21.03128 1432.22116
4 8.00 817.91046 2133.50440 888.79764 2179.22850
5 10.00 2875.73993 170.11546 1595.46775 2675.13748
6 12.00 2317.72674 2755.60162 2686.20001 239.78478
7 14.00 2252.14508 867.82637 2237.69353 2468.62280
8 16.00 1716.88481 2187.58400 1729.73727 1263.67365
9 18.00 2378.01651 2411.71949 2993.40651 396.81156
10 20.00 1222.33554 744.59153 2109.36903 1728.65406
11 22.00 2768.54727 1089.90625 2928.66911 413.60369
12 24.00 1153.10191 2219.58939 903.62059 389.21963
13 26.00 1458.48544 1666.57204 1345.27306 648.24548
14 28.00 1164.78484 1203.85431 991.93230 2437.80264
15 30.00 1180.11218 124.58987 1187.42922 1301.91815
16 32.00 25.09105 132.05038 2192.80211 2661.29828
17 34.00 263.19008 1899.86214 797.94567 24.04287
18 36.00 1635.05599 362.04909 2578.74332 1759.92499
19 38.00 1777.09557 2965.30985 176.10678 2222.33979
20 40.00 1917.28362 429.48718 405.76684 1824.93014
21 42.00 1016.89925 2065.67869 2302.17775 1380.20411
22 44.00 1113.08231 1402.47271 1792.36743 693.79565
23 46.00 336.34171 1947.80179 560.01880 1177.26946
24 48.00 148.61697 2149.82348 1291.14899 399.14383
25 50.00 2901.02424 1046.45064 2444.18268 1478.99005
26 52.00 885.82728 965.04218 2433.96076 2944.44733
27 54.00 1771.60755 411.18660 957.06831 2241.49985
28 56.00 2887.93292 844.54766 855.93988 988.13300
29 58.00 1541.38414 373.06717 48.86995 1683.17941
30 60.00 2155.09879 1785.72890 1043.58232 1051.17295
31 62.00 634.08412 2658.94507 2535.80473 2286.26718
32 64.00 1194.41074 1218.43330 2600.86748 1791.35390
33 66.00 2057.48624 448.22417 1479.97035 1485.12469
34 68.00 944.69198 1222.20367 36.21483 2908.52241
35 70.00 1225.16641 2432.58021 2521.06937 928.79077
36 72.00 1269.17157 1342.93485 888.99807 2591.07823
37 74.00 462.79010 1264.79812 2764.51672 48.10629
38 76.00 590.22100 2399.33098 188.66348 1511.90363
39 78.00 81.51942 1123.37648 597.14334 13.10409
40 80.00 1323.65723 2038.17222 1904.42515 270.49840
41 82.00 1491.15128 281.66823 1269.74023 1040.58300
42 84.00 1320.11313 185.51513 386.84564 766.98018
43 86.00 225.15994 735.88487 979.19177 1327.01291
44 88.00 796.04486 2128.96557 2905.88751 2195.76877
45 90.00 1096.10059 291.22146 2434.95146 2083.18982
46 92.00 2962.54192 1402.61475 163.24271 2168.04578
47 94.00 369.32473 2800.72749 239.85575 1928.95735
48 96.00 1574.13853 1726.73635 1193.57889 2893.27148
49 98.00 2810.18823 2542.83720 1213.84720 644.42424
50 100.00 990.29317 2655.52412 1661.18693 584.42487
51 102.00 966.80742 1821.81965 791.52946 2011.65794
52 104.00 1380.01821 1640.81586 20.74672 2059.99434
53 106.00 147.52808 557.20626 728.66216 2238.27610
54 108.00 1434.80609 1422.14340 2193.10970 1626.18265
55 110.00 733.08196 17.93751 1927.16711 1690.98585
56 112.00 491.82721 1810.40998 1297.45995 725.68652
57 114.00 568.96117 2452.13914 2070.60970 1811.11317
58 116.00 1437.17395 2358.40194 399.78426 1696.56723
59 118.00 2581.83294 867.28746 119.75438 2605.73154
60 120.00 2764.67814 966.48004 2289.25970 2446.43145
61 122.00 2804.31396 2687.30856 1380.56799 1851.93454
62 124.00 1781.21796 560.49499 496.01370 1420.19328
63 126.00 710.27127 2799.15614 478.36096 2162.79015
64 128.00 2602.39857 1955.11669 140.20229 714.89542
65 130.00 547.08266 1725.69495 754.08656 2974.72592
66 132.00 195.77599 1850.54201 683.85958 2395.12875
67 134.00 1548.79708 880.00524 637.25345 890.76730
68 136.00 1979.52873 1813.94987 1575.81371 2668.37397
69 138.00 27.27837 2018.00355 994.19827 963.24636
70 140.00 252.31112 2528.22338 2070.13067 380.51319
71 142.00 1167.01207 2744.51624 1327.69671 1309.25253
72 144.00 2069.17856 1867.00720 605.21853 2878.19490
73 146.00 372.95131 11.34053 2497.01483 2365.80726
74 148.00 2954.04398 640.33227 464.17639 2320.37045
75 150.00 1297.48790 1876.25044 2337.24786 2740.83288
76 152.00 1478.28941 1402.31825 655.03179 2817.70034
77 154.00 1242.50241 2177.92970 2099.53029 101.30974
78 156.00 1195.27728 2785.73936 2190.33977 84.83145
79 158.00 2407.96502 10.34703 1675.53508 157.07984
80 160.00 1135.35643 103.65961 1843.08802 508.39715
81 162.00 1510.27008 912.70647 1890.52349 254.44304
82 164.00 2472.27475 1920.93955 2373.25621 892.53352
83 166.00 160.93724 2693.42057 810.74591 2026.19252
84 168.00 2605.62646 1419.72850 2275.83230 1519.01865
85 170.00 1284.08290 1260.74399 1113.75081 2778.01117
86 172.00 2525.57207 1289.09978 479.70309 2528.30889
87 174.00 735.33079 1214.51390 2414.55076 1987.07921
88 176.00 1070.49053 2540.84855 2428.71784 1210.62000
89 178.00 2865.59859 787.11645 1234.86913 212.92131
90 180.00 1721.02979 801.79737 1785.03783 1937.06662
91 182.00 626.59733 1568.15587 652.76802 1761.22377
92 184.00 2310.22396 2038.17340 2245.68483 2515.92856
93 186.00 2124.20239 2526.34064 1794.47076 232.16042
94 188.00 1796.22629 2118.19711 1281.74798 1767.83193
95 190.00 1860.66256 944.98220 940.74809 2600.32623
96 192.00 1791.64617 2401.30709 622.61144 2470.63817
97 194.00 2325.23265 1309.55581 649.43473 395.36422
98 196.00 667.29520 1771.43281 2679.56488 304.28781
99 198.00 302.53291 2155.80311 1757.17149 2803.68110
