3
50.0
30.0
3000.0
4500.0
0.6010
100
0 0.00 49.20335 2102.38865 1372.72824 2560.05761
1 2.00 1927.43332 2616.54775 2599.61061 1299.69081
2 4.00 154.47077 2538.83800 1863.67644 2724.55502
3 6.00 242.38072 2890.12187 644.67841 1570.79841
4 8.00 2388.35319 2853.27391 2797.02651 1344.09265
5 10.00 1010.16704 1441.30336 1075.48976 1296.40535
6 12.00 977.37712 1957.85771 229.72075 2183.91398
7 14.00 1267.13249 60.00841 287.76576 1474.18436
8 16.00 877.59352 1688.92537 2169.61352 542.10596
9 18.00 852.25979 622.46152 2896.65291 1832.08879
10 20.00 1918.98373 1304.81200 1551.36874 55.93963
11 22.00 2929.21472 2779.05505 972.61541 2727.99327
12 24.00 1937.13903 2344.61951 1225.58547 2122.22849
13 26.00 2372.96343 687.97844 1029.46705 136.68343
14 28.00 2474.47203 2248.16986 792.88052 533.84303
15 30.00 1682.97023 216.30298 2494.31633 1611.17818
16 32.00 503.45590 993.39929 1337.10782 901.98816
17 34.00 99.87757 390.15920 167.09109 2586.61302
18 36.00 2577.79529 1616.75187 2613.87987 2996.97587
19 38.00 1283.49772 517.28899 1129.17622 2492.76438
20 40.00 1542.48673 2368.75655 1887.55503 2281.77344
21 42.00 748.10447 1940.47510 1718.91071 2276.22279
22 44.00 1221.61169 1677.86302 155.31201 1156.08784
23 46.00 969.22882 1052.38188 56.83600 2519.69545
24 48.00 65.20700 238.39914 2292.38159 1317.82485
25 50.00 1734.31680 1803.24654 252.17749 2419.53753
26 52.00 1945.56644 4.60137 881.83763 2761.98203
27 54.00 2578.96315 442.28922 2604.68036 2124.33912
28 56.00 1378.99937 1572.54259 2276.96006 146.31796
29 58.00 648.70466 982.64371 440.04297 2836.06343
30 60.00 2242.07377 646.89585 912.13376 843.77674
31 62.00 1886.60408 774.49493 1526.01011 1793.24818
32 64.00 2241.62529 2156.19247 697.88745 1611.65089
33 66.00 2022.79571 451.61764 667.05095 1319.23328
34 68.00 1265.03679 1430.33337 2526.63655 2706.52907
35 70.00 1345.47961 659.52254 372.09563 1339.50180
36 72.00 839.82130 1071.98414 1384.65245 1284.02292
37 74.00 2025.60613 2670.57657 1164.37253 2829.60287
38 76.00 1333.48857 939.48516 123.42045 1842.75962
39 78.00 2728.46929 2744.49035 1816.36055 2441.15197
40 80.00 794.89834 1487.38579 2320.14975 1123.00134
41 82.00 817.84499 860.56297 718.28102 855.77917
42 84.00 1507.30622 1002.84686 1762.29949 2545.32494
43 86.00 1338.37538 1379.08740 761.24974 2477.48174
44 88.00 82.48910 2259.71227 720.07840 1167.88020
45 90.00 1259.67471 1425.95939 75.06656 2616.35797
46 92.00 67.58217 2599.72915 1263.75129 1064.07445
47 94.00 924.37614 1335.45648 599.16375 264.80064
48 96.00 951.27017 1413.55365 623.09145 2330.86718
49 98.00 178.18493 1765.08167 2366.29906 1930.04918
50 100.00 139.53389 2553.31741 2215.42449 2388.92625
51 102.00 1117.80197 1071.20503 1518.72191 726.50447
52 104.00 871.51421 790.17467 732.49849 2949.57286
53 106.00 2401.47061 1964.08239 1267.99930 738.00541
54 108.00 2861.49330 2741.36429 2594.75757 390.40104
55 110.00 1234.85350 2951.56000 1893.89347 2746.26484
56 112.00 2013.32064 40.43629 2873.93372 780.68520
57 114.00 86.70947 2998.61926 2210.58753 210.41874
58 116.00 2206.83685 2444.79825 1754.74294 2260.39297
59 118.00 1085.01935 1264.24570 235.99326 2068.30463
60 120.00 1793.56229 1703.08988 2206.79483 2500.64421
61 122.00 2980.85531 260.29092 305.40695 2660.19439
62 124.00 1507.14726 2246.62730 1343.46603 2787.44706
63 126.00 1205.37906 229.50235 2190.49871 1411.15150
64 128.00 1275.15066 279.02823 1928.50861 1943.72934
65 130.00 1533.36519 2006.78873 841.99241 1384.67482
66 132.00 1750.65112 1199.68586 1952.69552 2345.92024
67 134.00 1150.19972 2656.31441 2124.50938 47.46814
68 136.00 1118.59184 399.50170 1212.34820 2933.85229
69 138.00 1758.50070 50.32760 1925.71160 203.39822
70 140.00 2154.98720 2104.15091 2074.96629 10.82669
71 142.00 541.44197 2113.11505 1489.13878 2724.80442
72 144.00 2566.09621 946.63722 2514.52771 2041.22732
73 146.00 1869.42520 1266.99309 2743.87732 201.25601
74 148.00 164.38545 201.69814 2627.01179 1595.80237
75 150.00 1128.28931 924.98098 922.58498 2602.84458
76 152.00 639.64209 1772.34234 270.86603 1361.34885
77 154.00 2221.94860 1018.75259 783.45046 897.69684
78 156.00 907.33670 384.60682 563.93280 1817.12290
79 158.00 846.07796 50.06104 2691.57428 2621.28395
80 160.00 499.45036 2166.02109 2349.27315 1442.55251
81 162.00 676.98097 1072.04635 246.26017 2747.33005
82 164.00 2045.87580 2264.34657 1218.86177 930.28139
83 166.00 2601.19224 1490.70173 907.33901 611.36093
84 168.00 2908.12355 2756.01975 229.06460 2022.94802
85 170.00 25.98804 1066.02449 1121.66414 802.60724
86 172.00 2834.02917 1255.22433 954.83913 2444.14428
87 174.00 1047.78535 2852.59879 2806.99498 2327.46060
88 176.00 1094.03972 503.36260 356.78213 1651.13203
89 178.00 983.60506 2630.47306 2420.19348 173.65754
90 180.00 1732.00906 910.76568 2658.57812 2380.95944
91 182.00 227.92869 512.42740 2993.87733 2937.61835
92 184.00 990.87624 2422.95321 2518.50964 2919.00386
93 186.00 331.80625 1382.14663 2273.69518 533.44357
94 188.00 1614.11081 2827.39214 291.30264 661.01775
95 190.00 1597.48043 2863.78173 275.09957 2674.58581
96 192.00 2296.28811 2197.01877 2978.25759 2881.55201
97 194.00 195.09197 774.60281 1155.53845 777.34714
98 196.00 2110.73228 2946.08880 519.14818 2744.18369
99 198.00 308.38903 1824.79850 1109.92629 1389.93085
