3
50.0
30.0
3000.0
4500.0
0.1404
100
0 0.00 429.78130 1980.63727 663.12822 901.50286
1 2.00 182.87291 2845.56077 2639.14167 2734.73300
2 4.00 1877.97941 1281.60175 1486.86236 2916.87071
3 6.00 2824.75923 2014.02757 2357.41379 956.20337
4 8.00 1248.97390 447.65282 1129.38057 2263.24829
5 10.00 1420.55646 2548.02280 902.20926 2122.73039
6 12.00 2417.32848 2744.22352 1687.15785 2903.35857
7 14.00 1671.86027 402.27825 728.57555 610.01020
8 16.00 1940.11755 2766.67831 2541.40016 277.39199
9 18.00 2173.75414 571.44486 805.38476 2021.01576
10 20.00 1808.76613 2620.86138 564.48988 2285.08925
11 22.00 2172.91572 1676.55143 1438.18262 2608.42155
12 24.00 998.89293 2871.05928 46.00112 2811.47929
13 26.00 2886.23267 351.94860 2998.71602 1436.76263
14 28.00 727.77955 1813.20460 613.53943 2745.37938
15 30.00 1656.23788 2326.54165 1141.98523 1600.95038
16 32.00 1077.77867 784.68488 1538.44962 1491.83188
17 34.00 295.82469 2943.95537 1408.47127 2519.19354
18 36.00 2742.99150 1112.11476 1241.79051 1687.57418
19 38.00 663.82229 437.76814 782.32233 2804.27475
20 40.00 1737.42878 1252.73422 457.23423 989.59586
21 42.00 1139.51932 2500.08815 1497.90445 1963.82390
22 44.00 2054.53984 771.98027 2464.77582 2899.52480
23 46.00 1925.08336 1471.78675 504.70094 2384.92654
24 48.00 507.79713 2160.94059 1464.94896 2750.69817
25 50.00 1626.41057 1925.42839 176.19615 101.47127
26 52.00 2540.09215 2835.56433 2004.64663 2293.01653
27 54.00 1237.17667 2527.63415 694.30018 2121.50869
28 56.00 27.42439 1517.19876 1119.60208 1853.50571
29 58.00 2000.26419 1849.55808 1449.61246 1463.56315
30 60.00 19.83707 1654.93068 35.55290 1588.25294
31 62.00 824.22221 2932.43804 51.42779 2439.47166
32 64.00 2022.09886 2418.50310 2729.32010 321.04929
33 66.00 288.94167 446.69246 575.79617 1579.36796
34 68.00 2445.64317 801.97421 1190.68927 1119.15475
35 70.00 1218.08223 1695.00655 2970.69909 677.57176
36 72.00 2052.12488 2543.60131 1961.20716 2574.65748
37 74.00 2278.75755 280.50152 1137.79207 1658.10432
38 76.00 168.34482 28.35052 514.15073 1499.57518
39 78.00 1301.72896 2353.12893 1697.56988 2573.88094
40 80.00 286.08551 1584.47756 127.65527 634.25117
41 82.00 2604.35067 2662.66292 1426.50086 139.68591
42 84.00 223.04418 2776.75443 2697.93495 1690.52959
43 86.00 98.70534 2786.29908 943.45408 2884.40757
44 88.00 1761.10831 2256.76341 2138.13420 1194.88806
45 90.00 230.81247 487.35075 721.41658 2503.95168
46 92.00 1167.46982 2689.57730 995.18952 2266.82779
47 94.00 419.85178 2965.43387 2172.49071 1502.37855
48 96.00 2922.96998 161.08930 1311.26476 2516.02397
49 98.00 1021.77824 2307.01696 2864.57519 1190.10915
50 100.00 2320.66475 88.87698 819.98109 2977.75764
51 102.00 1471.81037 1067.43359 2823.42853 1295.54384
52 104.00 2039.08457 1982.01572 257.08235 1855.84767
53 106.00 2394.16552 2139.32560 246.11403 462.66289
54 108.00 2135.03146 1901.70265 2218.96587 950.03469
55 110.00 319.65275 15.58567 924.80237 1079.75249
56 112.00 809.29933 397.52101 562.17535 1346.53103
57 114.00 1664.22000 1224.13253 78.78571 1061.74286
58 116.00 279.19278 1794.13139 973.29099 1155.71375
59 118.00 875.54205 1163.39868 254.09855 2703.40813
60 120.00 2715.62272 2934.51919 1715.88129 508.74877
61 122.00 1142.19607 416.52018 903.39380 1479.37183
62 124.00 189.80145 1304.02881 1263.30702 1452.69394
63 126.00 230.76408 755.09921 739.77021 1875.10106
64 128.00 1781.41919 586.64467 320.91710 913.97399
65 130.00 2846.47039 996.65165 1860.57656 2412.22939
66 132.00 988.62515 1004.20867 2446.42641 2578.52540
67 134.00 2922.67613 408.37341 961.99547 2841.83677
68 136.00 602.55447 942.54984 2893.72387 2906.17567
69 138.00 874.34445 2084.87330 1473.02194 1727.63784
70 140.00 727.27289 1128.16591 2449.48355 1178.80539
71 142.00 341.66347 1691.55153 1776.68110 1636.88726
72 144.00 2045.13790 1650.29747 2859.01383 1384.86667
73 146.00 2125.10115 1315.36486 873.99362 2078.50584
74 148.00 2456.89670 2386.97051 1227.42477 1497.90965
75 150.00 1900.00812 726.06350 1975.98891 2145.70917
76 152.00 2367.23029 221.89541 2972.10184 1437.70410
77 154.00 1202.41529 1519.83793 2761.17655 2075.12660
78 156.00 1630.93561 2372.16275 1078.58848 2686.50455
79 158.00 1610.71796 1914.54110 254.94580 2306.86214
80 160.00 1972.80493 1065.02646 1940.99954 132.89008
81 162.00 2950.82462 2032.41569 1198.85324 2258.04833
82 164.00 2897.15033 1291.36663 31.64332 776.21511
83 166.00 1532.02872 1556.39330 1741.55489 1725.70619
84 168.00 1337.33565 1173.40251 2317.02670 1765.76987
85 170.00 1501.39734 1034.90216 73.68796 313.64807
86 172.00 1247.92629 2885.18360 348.20801 2822.02847
87 174.00 425.02553 935.67103 1365.99791 620.60198
88 176.00 1448.77800 1428.48759 1314.49781 2090.28980
89 178.00 956.72842 900.79225 2430.55781 345.25580
90 180.00 2547.54002 1943.90975 2031.41800 493.06228
91 182.00 2951.70141 731.73884 523.35970 480.40713
92 184.00 1679.54686 2875.38787 695.56664 1215.14231
93 186.00 553.35533 1921.43663 1296.40336 87.57682
94 188.00 1842.32081 591.97331 1776.60948 1166.50734
95 190.00 2114.20685 617.35344 2256.97649 2426.18937
96 192.00 187.69125 305.25615 2615.93799 560.87951
97 194.00 977.95473 1372.65127 787.06019 2587.90964
98 196.00 1583.14506 1917.32576 1790.91249 1833.92526
99 198.00 1761.01414 1043.77391 2536.55341 1852.08804
