3
50.0
30.0
3000.0
4500.0
0.5687
100
0 0.00 2503.26824 2017.92366 942.04610 2254.11280
1 2.00 1840.78517 2932.28349 780.53314 1323.86046
2 4.00 880.51552 1277.58146 494.06018 2442.43774
3 6.00 1733.26895 2124.47339 2491.38292 65.04067
4 8.00 1220.38802 414.26938 17.44071 1239.82717
5 10.00 388.84161 1702.44787 980.97312 1601.49564
6 12.00 1001.40852 329.57134 2455.27030 162.70986
7 14.00 1265.10427 379.12002 1341.93022 1253.67186
8 16.00 1476.57004 1791.83113 694.24514 958.73006
9 18.00 65.35472 1322.54898 2332.87850 772.20189
10 20.00 2632.00714 2599.41823 218.84767 1726.58408
11 22.00 903.48533 2606.02958 1970.22951 2703.10304
12 24.00 558.13938 2362.26630 878.12224 1480.28309
13 26.00 1650.31160 2571.09229 2804.75443 2097.70428
14 28.00 2189.76639 18.75712 2732.12346 2917.39723
15 30.00 2169.11867 1390.92316 2631.66187 1120.74092
16 32.00 2592.05681 873.92015 1966.31775 1376.86640
17 34.00 610.83538 1949.19018 1589.09934 280.82170
18 36.00 1358.35065 2041.90289 2840.50266 2955.13261
19 38.00 432.05483 729.04643 1334.12213 2193.40977
20 40.00 468.18002 168.30086 1702.15809 2109.48060
21 42.00 949.96843 2153.30321 1184.12254 1200.60313
22 44.00 2189.53157 35.25215 591.39109 1890.42052
23 46.00 2012.70705 2546.10709 2351.46998 2424.03579
24 48.00 1279.01553 13.03288 202.09084 414.95488
25 50.00 2381.32602 454.64605 2465.11817 2523.03464
26 52.00 2674.02394 2160.12424 1553.97707 1510.13937
27 54.00 805.26531 1163.09476 759.38183 2894.06899
28 56.00 1629.41114 613.77829 2258.21420 1268.57882
29 58.00 1354.07658 1728.77161 68.82289 2369.95070
30 60.00 499.15684 2931.93992 1620.77204 1216.41504
31 62.00 2171.34497 1914.41236 2091.93559 1143.57177
32 64.00 2555.46396 1920.34497 759.58373 2752.06353
33 66.00 2671.95762 2630.12425 1798.18189 72.08051
34 68.00 2956.11502 2751.68065 839.79521 2145.57686
35 70.00 155.99571 2601.26087 436.71401 1864.89490
36 72.00 2290.79327 280.74514 1691.77624 645.44692
37 74.00 149.75548 1959.25163 2669.99683 2.74325
38 76.00 324.84361 995.40689 1174.51331 1425.58033
39 78.00 2361.24949 1591.78899 2072.76935 2125.44507
40 80.00 180.04311 2633.32518 650.21141 1571.76799
41 82.00 1528.71324 1916.76700 2184.75937 107.16695
42 84.00 765.84268 204.41316 845.53658 815.81777
43 86.00 191.62314 1217.00065 2680.87445 1019.79138
44 88.00 2061.31074 2500.91353 572.79654 1902.91622
45 90.00 309.08347 1545.15478 651.72445 930.88289
46 92.00 959.15634 1517.05751 591.25498 1873.39621
47 94.00 36.06675 2766.52319 1548.95887 953.28347
48 96.00 845.49671 329.96957 2522.38480 1352.40891
49 98.00 786.79211 273.63145 2781.42421 111.60529
50 100.00 2665.73177 2370.92947 1971.17387 1214.39534
51 102.00 1818.92803 2081.74455 1937.51413 612.61780
52 104.00 2105.18021 1307.79436 320.10927 1547.87068
53 106.00 1167.78667 2942.85786 1552.07728 1267.18540
54 108.00 255.56236 1713.85875 2479.80523 1156.14032
55 110.00 1068.74354 2207.52947 1563.94878 1991.98676
56 112.00 479.49409 197.01866 2609.35539 2158.25147
57 114.00 2594.51256 998.51838 2937.12233 622.13810
58 116.00 568.77394 1069.61121 1617.35556 1764.18736
59 118.00 1265.94605 1319.19492 449.85351 1108.85255
60 120.00 1094.23810 718.24631 742.39535 1968.40079
61 122.00 2311.39118 1527.53958 846.86599 1163.68895
62 124.00 1978.37446 282.79304 2716.26462 2101.19725
63 126.00 1005.45326 129.94306 2043.95834 1618.27757
64 128.00 803.05394 1275.96723 1644.15902 1814.25704
65 130.00 624.05247 2444.36176 2329.10344 19.38022
66 132.00 2366.07933 1022.91716 472.77090 2477.19543
67 134.00 536.30853 2261.84936 1289.99250 1680.52686
68 136.00 1942.04698 765.13880 208.89711 1112.92596
69 138.00 2215.95708 183.69002 959.80559 2624.36343
70 140.00 1111.85007 899.47266 319.48603 715.65950
71 142.00 2411.37541 1401.34721 571.33026 2745.79860
72 144.00 1605.51262 1692.90872 1415.70410 2658.00326
73 146.00 2527.11032 1916.72571 2296.57718 671.28084
74 148.00 2595.08753 2533.83335 2850.39314 2380.07441
75 150.00 1407.42813 2759.56157 2850.37929 347.86088
76 152.00 2636.45920 1503.78805 420.62566 384.81500
77 154.00 2197.46329 1957.41967 2764.62513 595.25860
78 156.00 2340.69829 184.43555 1327.75613 248.83256
79 158.00 219.55007 2481.84099 2148.98396 835.97419
80 160.00 580.38634 2025.40705 1466.57946 2665.34393
81 162.00 2892.93592 1046.39627 1975.94052 2546.29886
82 164.00 2075.21867 1341.10578 1408.95318 2272.17381
83 166.00 2502.65597 2351.10973 2709.87317 2804.02673
84 168.00 2033.56716 1747.69265 1424.21025 1128.59464
85 170.00 2129.33005 1303.50748 2315.64220 1207.90763
86 172.00 1365.77686 887.98689 1821.76697 2170.28825
87 174.00 1132.88300 2564.08322 584.31410 2336.93606
88 176.00 48.23332 1844.97979 1099.93648 484.43064
89 178.00 2472.36020 844.64680 415.22900 2023.39260
90 180.00 2046.45231 1093.58785 2340.99397 1872.42900
91 182.00 2871.56391 546.89690 2513.36573 1738.36624
92 184.00 2280.71716 731.63174 1871.30087 39.85558
93 186.00 63.75359 2079.83834 1434.72227 729.73999
94 188.00 150.20654 342.05298 1478.52531 1921.61926
95 190.00 342.86819 2723.61870 986.25901 2235.66488
96 192.00 288.54818 207.72840 2126.51755 2728.59136
97 194.00 1257.17703 92.19002 98.09011 1203.97714
98 196.00 1681.57515 2153.30342 2008.27392 2534.08647
99 198.00 2729.20519 1793.62009 2590.55113 2755.54154
