3
50.0
30.0
3000.0
4500.0
0.2374
100
0 0.00 2678.63159 1251.41237 1420.01391 1484.36640
1 2.00 2816.89343 1040.29234 2092.54332 62.42077
2 4.00 864.03234 576.60389 1031.54217 696.30934
3 6.00 659.10704 2727.21046 1017.45900 1806.30040
4 8.00 2527.40140 1970.87441 393.47570 880.18213
5 10.00 2134.15556 2879.41010 2499.24224 2019.32188
6 12.00 2203.75390 2387.91799 2399.26518 2533.59385
7 14.00 1865.52714 847.37165 2247.76291 2001.16936
8 16.00 387.28966 598.45267 1817.24702 302.71118
9 18.00 1247.95309 2981.30171 910.95568 628.29882
10 20.00 141.14801 54.39179 2642.71832 1071.13162
11 22.00 475.81640 2483.84607 2683.37241 95.91002
12 24.00 190.99676 1291.86139 1852.68876 362.06410
13 26.00 672.28692 773.46642 1020.97264 1065.72293
14 28.00 140.02908 2633.14094 802.47371 453.53512
15 30.00 2070.40675 1546.16233 2008.45767 2119.21475
16 32.00 2779.89630 1313.48012 1371.40692 2524.79092
17 34.00 332.79253 317.67558 1831.71763 2346.46877
18 36.00 2842.15048 2470.83068 125.90831 316.23325
19 38.00 1889.77835 2612.60842 2732.95731 471.09764
20 40.00 876.36896 1324.55373 1517.68985 2197.65568
21 42.00 297.88272 1941.27891 1003.82258 413.31739
22 44.00 2545.78528 1317.32538 1247.24952 2307.09949
23 46.00 735.94819 2427.43565 1023.96021 1515.06818
24 48.00 255.70159 1117.30907 2264.53564 1081.93022
25 50.00 1994.98576 454.83364 2260.52151 1265.16663
26 52.00 684.54601 2405.30604 1240.22826 1227.92796
27 54.00 1376.25919 2557.17144 2383.82204 1085.32311
28 56.00 89.28878 436.75292 29.84614 2418.74060
29 58.00 2830.92852 254.33464 944.41372 2945.83477
30 60.00 492.97405 184.40499 2277.57716 1980.52852
31 62.00 1924.39726 2707.53339 173.42949 1894.82269
32 64.00 2140.10855 1981.08490 1559.33509 887.17327
33 66.00 1206.00845 2042.61197 1660.83128 912.96907
34 68.00 2228.09251 2727.69256 23.70670 839.34223
35 70.00 1583.37521 2761.35177 2100.88519 1338.56715
36 72.00 615.40071 1633.27587 2365.02474 1956.11126
37 74.00 2092.41290 2663.02469 2344.68928 1213.51712
38 76.00 591.88726 904.59424 110.91052 1003.47877
39 78.00 2175.29605 2220.15667 378.01694 2975.77191
40 80.00 851.78358 278.45870 1655.35755 1564.00760
41 82.00 2271.13897 480.08202 83.67368 2389.79610
42 84.00 1777.51081 724.01934 2322.47336 2179.52774
43 86.00 2960.86410 331.32572 179.83722 1118.93660
44 88.00 1880.96860 1063.42004 143.19862 1952.88726
45 90.00 374.24942 893.88334 2210.57609 1359.44148
46 92.00 2948.85169 2416.16269 2967.00024 1696.79168
47 94.00 2683.01669 1883.23306 1599.86597 1786.64674
48 96.00 1051.01141 853.60648 2354.36779 2144.56340
49 98.00 2017.30141 2143.05294 1558.99994 742.89999
50 100.00 983.54089 1747.10714 2468.52817 1083.80260
51 102.00 293.96350 2134.92126 2485.31289 245.84149
52 104.00 186.58102 2665.52789 1428.75921 1338.49226
53 106.00 1107.88265 1578.76681 1764.71837 1556.83500
54 108.00 1184.34743 791.08113 1496.48192 1270.26658
55 110.00 1320.23986 2793.10682 1468.62320 2919.81745
56 112.00 2471.43549 433.03854 381.37193 2133.45170
57 114.00 388.15556 2113.57405 2589.81497 354.17447
58 116.00 637.92762 1420.06669 2239.48892 2832.20868
59 118.00 1107.99618 2855.46526 1804.80064 1225.85958
60 120.00 362.59928 1715.29426 120.84642 459.91353
61 122.00 1114.40206 2973.06030 909.78025 1457.77662
62 124.00 2373.61110 426.41942 1768.87273 145.95314
63 126.00 2682.75879 2667.17162 646.74437 2457.37521
64 128.00 1466.38097 366.98372 1045.94683 2611.27961
65 130.00 1252.72546 1719.17728 1697.29193 2700.86186
66 132.00 2344.04805 1425.68265 2160.10049 1817.12913
67 134.00 2285.85369 1514.29158 1382.80849 1349.78817
68 136.00 1347.22422 2599.03666 975.64886 2399.43486
69 138.00 1993.50694 1228.88498 698.46685 1186.19139
70 140.00 1622.98335 2874.23848 2670.12950 2207.73838
71 142.00 1937.74959 2597.86072 2121.62588 1715.98438
72 144.00 2388.47634 2122.19655 1683.13307 371.34483
73 146.00 1678.05847 577.28020 1856.11216 1730.56675
74 148.00 158.62316 1710.73315 568.18762 1427.50708
75 150.00 2690.59284 360.84953 2808.54543 539.23020
76 152.00 56.92075 2360.27114 735.86008 2116.85311
77 154.00 2662.96749 1332.68841 2420.76307 1820.56446
78 156.00 1205.39360 134.95093 2585.92301 69.78975
79 158.00 1311.05226 1244.80927 2578.94523 952.14731
80 160.00 771.53338 343.93387 298.00090 504.46798
81 162.00 432.10276 766.66358 268.88569 920.38266
82 164.00 1221.82930 507.57314 1843.42629 975.87209
83 166.00 81.51358 175.50535 1169.81913 960.12439
84 168.00 1238.46844 972.65337 1126.53947 2483.22420
85 170.00 362.89879 607.67837 2256.40122 1758.08723
86 172.00 1478.93832 2257.16994 1155.14604 345.24412
87 174.00 181.89593 1394.47060 1221.22939 1452.51453
88 176.00 1222.48137 701.22137 2658.46769 807.47922
89 178.00 2890.42406 2025.29229 738.94829 1664.12235
90 180.00 2355.64256 913.83853 1220.23776 251.72507
91 182.00 1907.39698 610.37072 2903.73454 1119.91566
92 184.00 2955.92615 2346.07099 1612.60689 1271.25737
93 186.00 2734.47820 1355.22600 3.00318 1393.95616
94 188.00 2488.11535 867.74836 2916.24541 1.62880
95 190.00 2800.52045 1446.55878 1793.60325 2518.46316
96 192.00 1140.46054 1054.25376 1896.62082 1755.47750
97 194.00 1530.98526 136.45419 2217.54884 1689.24473
98 196.00 901.91505 1185.91470 368.93089 418.95080
99 198.00 1669.43724 838.37490 1295.88730 1831.33593
