3
50.0
30.0
3000.0
4500.0
0.8838
100
0 0.00 2948.47655 1247.78534 626.14827 1143.80404
1 2.00 809.77135 2077.38424 1279.06827 1208.57996
2 4.00 513.21251 1950.98417 2565.51773 2927.54877
3 6.00 812.53640 1024.17448 2165.60148 2503.61843
4 8.00 2486.01279 250.38122 2490.15090 2133.66068
5 10.00 92.81543 2358.52859 2870.56275 1016.88541
6 12.00 248.71661 947.49250 727.27002 210.15874
7 14.00 337.51663 2831.18439 1833.74121 2733.93675
8 16.00 2886.26922 2438.09949 1219.33354 2491.58527
9 18.00 453.30663 1218.70357 2341.37750 2396.51269
10 20.00 2108.34858 822.09033 2780.81962 2269.78352
11 22.00 2990.06974 1820.85461 1251.41776 2542.03910
12 24.00 770.00552 1507.27513 2672.85390 1128.07194
13 26.00 950.47276 1049.81259 2512.17805 507.42297
14 28.00 928.84586 2594.74254 2271.36536 1160.37006
15 30.00 2630.18208 1988.77447 2076.74594 1245.09340
16 32.00 328.88764 2186.72581 1476.07955 2558.20104
17 34.00 2639.42991 2216.19028 478.08054 2331.52667
18 36.00 328.11060 347.42679 1685.27076 2482.01192
19 38.00 291.41194 166.54994 2893.52874 63.18377
20 40.00 226.91592 1497.64834 2357.02496 990.95650
21 42.00 2731.46455 126.11578 511.21170 1475.71364
22 44.00 1645.20586 2550.83350 978.29713 139.91503
23 46.00 812.49524 869.07625 2706.92562 2718.41079
24 48.00 836.97934 412.19669 2918.76621 781.73071
25 50.00 434.85170 1213.21369 2372.92150 56.34694
26 52.00 1616.45499 2099.93314 2544.14705 194.39264
27 54.00 2457.41824 681.99191 2007.24496 1973.77832
28 56.00 2938.34741 2645.95905 1232.12111 756.19932
29 58.00 1852.27154 2981.85585 129.00114 428.93865
30 60.00 188.30532 2176.85734 1995.85145 349.19380
31 62.00 449.60285 2719.51300 16.73386 2927.55200
32 64.00 1978.39629 235.78847 1960.14369 132.27391
33 66.00 1604.62426 2705.02143 659.88948 1079.84183
34 68.00 1417.22337 2015.08029 676.89381 2244.71432
35 70.00 2360.43109 1174.30172 2211.59604 2049.51131
36 72.00 938.66692 364.49676 1376.96977 250.62137
37 74.00 113.27610 2389.60128 1297.25877 240.98351
38 76.00 2495.13866 1371.46328 2273.31863 332.64581
39 78.00 2227.76519 2641.73310 16.33293 1346.33298
40 80.00 1419.75643 751.26397 1520.71129 2921.75593
41 82.00 1087.76878 1310.40254 1588.42239 1283.68268
42 84.00 1449.57850 2397.44054 1300.40586 1464.31209
43 86.00 2064.17656 1812.33664 477.96593 2482.75705
44 88.00 1659.70116 697.66948 1758.58399 351.96081
45 90.00 615.90493 2852.04065 1775.61003 453.13476
46 92.00 1087.14100 1357.42523 530.11699 1090.63117
47 94.00 1455.83027 666.14389 1268.47400 2486.25792
48 96.00 2734.77557 841.16446 2064.34914 2685.92165
49 98.00 2033.61088 306.77433 2060.92214 134.81653
50 100.00 1779.02579 2425.22590 2424.40037 2064.22132
51 102.00 1884.15026 2319.75841 1772.69238 2542.09997
52 104.00 2966.88900 1618.49850 271.81243 2013.51904
53 106.00 495.51595 2266.02594 2392.79191 182.48439
54 108.00 648.53553 288.10963 43.67244 1678.05772
55 110.00 114.90535 1073.02852 2471.40756 115.45456
56 112.00 209.59051 1210.29532 1946.79597 2153.05051
57 114.00 2205.67311 1194.65140 722.87327 186.80618
58 116.00 2704.58578 2781.23417 1857.16493 2654.99494
59 118.00 1868.24434 954.11913 1174.27512 2697.03225
60 120.00 2259.83115 1306.77891 1240.05057 2947.69050
61 122.00 1217.60827 2415.59411 1041.65984 2578.95553
62 124.00 2771.07589 2238.63077 1157.28116 2960.62513
63 126.00 398.26112 1079.23540 2942.45208 1127.14994
64 128.00 1464.53003 2778.38682 2428.15429 1856.48818
65 130.00 533.36675 2619.27530 1078.76046 2415.21667
66 132.00 2982.51007 2741.12356 1161.63099 804.69581
67 134.00 1837.59571 1677.44884 2794.34530 2458.14173
68 136.00 2467.07059 2718.03228 2586.28013 1494.05321
69 138.00 290.70257 2520.43036 2744.30274 1907.99790
70 140.00 862.52361 351.79024 167.78111 152.68099
71 142.00 13.39746 1168.52976 1619.73844 1545.82251
72 144.00 2976.90475 2902.97674 722.54122 2134.51089
73 146.00 2426.88305 1690.69586 2863.96654 2269.40259
74 148.00 829.95968 185.93290 2104.68851 939.54053
75 150.00 1950.32074 1242.26627 2126.76089 1827.66106
76 152.00 2557.76904 1886.14796 2662.75241 1151.43914
77 154.00 1695.69734 2547.36003 734.92843 1118.88903
78 156.00 2390.40658 853.88391 1402.43552 1831.80334
79 158.00 152.81664 2491.02567 944.64314 1663.35225
80 160.00 727.74321 788.41398 44.26861 1465.72011
81 162.00 1589.30325 70.80243 2546.28688 1276.35851
82 164.00 1104.98518 2993.36227 13.14917 2832.14995
83 166.00 143.29524 2763.39681 2385.22397 2691.31665
84 168.00 354.80524 1869.55191 2782.83045 983.31680
85 170.00 1472.82657 896.34679 629.25285 1626.34777
86 172.00 2324.39601 1625.81776 539.84889 922.37060
87 174.00 1148.42677 1531.56364 1504.12062 2352.17131
88 176.00 1333.23670 1033.42309 671.08722 39.44296
89 178.00 2080.40484 2886.16856 1082.18526 958.80863
90 180.00 1109.38212 168.25801 565.59130 471.00326
91 182.00 1404.34510 275.61313 1313.14195 1530.43428
92 184.00 2017.46050 2940.88713 1036.57942 2158.66174
93 186.00 366.25446 2950.15787 1867.08585 2074.88211
94 188.00 2631.72176 1905.30924 263.37977 73.53860
95 190.00 2245.97260 2465.15456 305.48557 66.19728
96 192.00 2139.55477 2474.44506 1477.84020 1895.85091
97 194.00 125.14394 824.54529 2932.24669 203.23646
98 196.00 1283.46188 1811.12196 2513.57586 648.80834
99 198.00 2315.06103 1418.46573 2100.47218 436.19772
