3
50.0
30.0
3000.0
4500.0
0.9000
100
0 0.00 1221.43704 528.43108 2936.23700 2981.84382
1 2.00 2724.46735 771.70545 930.33445 1725.92536
2 4.00 919.81677 2014.41567 1015.29466 2752.84093
3 6.00 2021.11257 2743.62095 182.61672 959.64237
4 8.00 577.39109 1497.26229 1471.03419 2549.31766
5 10.00 238.59575 2987.90533 44.62146 1525.03695
6 12.00 2103.35750 2631.64981 576.73774 2515.45887
7 14.00 2709.65588 1648.30288 2163.53335 1030.08537
8 16.00 1798.51689 2700.78531 1480.63125 949.28244
9 18.00 2795.98047 561.88461 780.98827 209.25785
10 20.00 1032.79502 969.44286 2886.78199 2893.28477
11 22.00 2213.26573 2521.57643 494.06763 685.24169
12 24.00 2417.47056 296.90973 2770.89473 821.33920
13 26.00 692.97579 2730.86882 738.29307 2898.59527
14 28.00 401.69687 2878.65216 1373.95374 837.75214
15 30.00 1930.10301 861.79886 683.70392 2152.68268
16 32.00 436.43934 2106.67040 1035.15288 1369.64758
17 34.00 1285.76159 2756.79912 1496.65872 1930.65988
18 36.00 847.10812 2122.10371 884.80510 2570.30497
19 38.00 1417.34370 1363.25658 785.48428 1909.37293
20 40.00 1180.03325 821.84312 1861.06801 451.01941
21 42.00 2603.55656 2216.23990 1529.80353 1984.48904
22 44.00 887.45731 1688.76130 30.51756 1352.04679
23 46.00 2693.67007 1977.31641 223.43034 96.57471
24 48.00 1716.91727 1677.10911 874.70162 521.22428
25 50.00 1523.58605 1736.82038 742.89143 1137.81080
26 52.00 779.02019 363.30553 1508.28895 1271.01305
27 54.00 1517.76153 2881.21966 1409.50144 2324.45052
28 56.00 2902.53393 2599.89427 539.80342 1547.15430
29 58.00 214.31659 1027.16204 1091.18270 1691.26105
30 60.00 1703.62763 1084.98202 2545.85724 1586.37463
31 62.00 783.12687 793.49731 2963.90349 2676.71358
32 64.00 1050.83422 350.92918 442.16093 2311.74850
33 66.00 860.46435 2757.37513 825.69873 2150.16518
34 68.00 1402.19438 80.47904 2316.51733 1243.21192
35 70.00 1956.93823 213.34697 2201.24489 1772.76359
36 72.00 1831.05358 877.37845 968.03433 1349.39992
37 74.00 2248.55422 1967.46647 808.44676 978.43969
38 76.00 61.64938 1417.75199 2990.44543 2184.70390
39 78.00 370.53616 1569.14134 219.97278 302.26289
40 80.00 214.11590 1180.34933 1912.16188 283.98326
41 82.00 1980.02094 236.18548 768.08256 2304.50174
42 84.00 2924.03192 1515.66060 652.22818 1393.19865
43 86.00 2914.76314 155.54804 174.71890 2567.20166
44 88.00 1331.84543 1865.14810 2841.00584 2164.59929
45 90.00 1915.38268 2797.92828 1154.48999 651.93862
46 92.00 1331.35428 537.91612 766.11202 1970.31538
47 94.00 2288.95164 2964.44927 390.00572 1004.13064
48 96.00 458.76780 2873.34508 1488.09704 1575.82759
49 98.00 766.00301 1473.26591 1443.79039 1864.53561
50 100.00 2373.43505 2543.13951 724.85157 1812.79749
51 102.00 1551.33919 1483.89590 986.43492 2101.10649
52 104.00 1955.30291 1860.94982 1865.14662 2507.40827
53 106.00 585.49311 1697.13711 326.50948 1557.53630
54 108.00 1085.84590 803.11796 2599.09712 2419.49645
55 110.00 1636.04208 673.59276 1520.82532 1086.96624
56 112.00 2919.28191 2670.88566 460.83611 496.73544
57 114.00 2425.72023 2227.09936 53.56430 1258.22878
58 116.00 2753.81754 313.97953 1809.83199 1731.86853
59 118.00 497.84080 2785.55527 1338.99948 2402.87035
60 120.00 2493.52325 2981.69568 2873.22515 1083.35181
61 122.00 994.47834 671.64313 2883.55434 212.03104
62 124.00 1942.79772 1722.39596 2322.18893 213.69872
63 126.00 1995.42623 1923.43885 2451.84750 988.40365
64 128.00 1148.76848 190.71757 2495.53859 2248.32036
65 130.00 2578.11117 1138.37963 1891.34328 427.49378
66 132.00 2407.88410 2405.31356 2357.68732 514.58961
67 134.00 1585.03173 923.07626 1832.41787 1689.15341
68 136.00 2663.41479 2465.05408 2010.97559 2266.01468
69 138.00 2633.66317 169.20337 14.99595 361.87373
70 140.00 375.70944 976.76182 1538.20771 1955.53824
71 142.00 2623.76144 2356.72450 579.84317 1842.19946
72 144.00 8.38929 2701.01756 2661.36808 2504.05490
73 146.00 1149.22911 1794.24692 511.81371 1668.86588
74 148.00 1901.09091 2720.59071 2050.99297 2126.75243
75 150.00 2776.57076 1493.81825 2026.56942 2380.33892
76 152.00 2324.12368 536.95785 2732.48386 2028.97262
77 154.00 1427.18749 583.30440 230.13279 2645.31410
78 156.00 490.55613 780.44226 2379.62531 1617.17786
79 158.00 401.99317 1968.98914 1333.41896 1338.19808
80 160.00 578.44566 291.07722 2583.34609 899.35884
81 162.00 1962.41850 802.96656 2348.99588 345.12555
82 164.00 2119.44204 1126.82495 810.49779 2907.21878
83 166.00 1724.06676 2916.61038 2288.60125 1153.09232
84 168.00 1898.98483 2007.39529 1658.59152 19.02710
85 170.00 1724.09814 2796.57145 2486.03614 2300.74776
86 172.00 1340.26696 1994.49988 2531.38926 1351.40063
87 174.00 2770.36644 1997.29131 1242.08655 994.23974
88 176.00 1941.17033 176.37628 2021.71887 2687.09755
89 178.00 468.16453 266.01969 2723.64378 2370.92257
90 180.00 2813.09684 268.94122 1593.75962 1358.79325
91 182.00 2991.65236 1430.58598 1737.15621 821.66637
92 184.00 2486.01461 1119.85549 1288.90255 2735.47384
93 186.00 1857.72178 2418.06010 2184.59416 2058.89069
94 188.00 2388.60212 2905.88911 2159.76138 163.77664
95 190.00 810.95193 816.33228 4.40999 243.52931
96 192.00 2961.72551 1176.63410 1116.11816 1360.80554
97 194.00 2083.15673 1384.31374 1257.75966 1927.19455
98 196.00 2309.26501 2784.35543 1088.26035 1373.94458
99 198.00 577.74113 417.80324 1928.65242 1439.08265
