3
50.0
30.0
3000.0
4500.0
0.6657
100
0 0.00 1692.70133 1123.57423 1011.47610 70.09134
1 2.00 312.55029 2319.77679 111.37865 1929.94496
2 4.00 2748.02389 71.27096 2163.90634 2868.55717
3 6.00 2034.64571 517.93036 167.45081 1752.05585
4 8.00 626.35533 928.01615 99.49380 1309.27095
5 10.00 1426.86990 490.76935 343.51564 546.96457
6 12.00 221.65712 1947.16028 2057.60124 2264.72758
7 14.00 2453.69275 1764.49859 1905.57930 2517.23870
8 16.00 2221.89784 472.65390 2759.59440 2349.58990
9 18.00 1828.20078 337.42471 2550.30257 672.99396
10 20.00 1441.15182 478.84624 2758.93281 126.37118
11 22.00 166.95991 1677.67681 2653.38166 1532.72356
12 24.00 1957.10330 1333.41432 839.18482 1362.08999
13 26.00 162.42316 858.21575 1678.97939 1472.98666
14 28.00 1624.42114 2667.41521 2367.85790 2671.99236
15 30.00 2800.59701 186.41852 580.54705 476.33828
16 32.00 1980.70140 2491.78437 2241.87198 77.37632
17 34.00 237.45085 2990.48681 1264.16534 1730.76440
18 36.00 159.04775 873.40880 1247.87181 1257.25871
19 38.00 1509.80829 972.13190 2221.95493 812.25520
20 40.00 1225.05563 2533.92753 1250.86791 2077.83119
21 42.00 58.35746 1279.76086 2490.94467 795.80821
22 44.00 466.89449 1882.88154 2750.44760 2997.97139
23 46.00 530.65211 1383.09581 1359.14571 1397.32921
24 48.00 751.82528 1484.45413 2718.42061 782.61367
25 50.00 1324.55651 2431.39052 2097.22425 817.75384
26 52.00 954.24120 1404.30816 2326.30851 158.57325
27 54.00 1301.92899 426.83760 1844.46505 1500.36949
28 56.00 1361.28082 2763.83917 1637.26764 465.18962
29 58.00 1567.35803 2386.69627 408.99256 2389.94674
30 60.00 439.88288 1203.16113 2158.65921 2122.33129
31 62.00 2267.66835 771.47252 1312.64053 3.92942
32 64.00 587.62541 1478.07480 1936.42132 2824.51836
33 66.00 99.82617 1161.57768 2151.70601 1628.24624
34 68.00 31.72340 603.79431 2069.92111 2891.08539
35 70.00 1204.25790 916.84315 1415.85014 2609.83545
36 72.00 2514.34112 1907.93225 433.03570 1747.89992
37 74.00 572.72449 369.63205 522.60055 2285.25605
38 76.00 787.52578 1669.93318 1082.89116 2948.94483
39 78.00 2016.75400 810.17087 2515.36474 2375.40977
40 80.00 254.22247 1811.79080 2931.31235 1669.10069
41 82.00 785.07372 59.16163 1319.97623 2792.88600
42 84.00 355.49961 3.52404 1543.30929 2171.79203
43 86.00 1201.15852 2616.66780 308.31517 511.65010
44 88.00 1438.61527 1946.59272 2173.59343 164.44227
45 90.00 2481.03067 174.64547 678.26658 1273.94646
46 92.00 1643.91550 1118.97028 1327.90374 1137.92131
47 94.00 2098.16377 1944.35012 881.01253 249.71249
48 96.00 161.12571 2923.33668 274.77229 2779.11872
49 98.00 1711.94974 1.51134 2028.85675 152.98884
50 100.00 318.40576 1665.80206 1086.36198 2179.53828
51 102.00 35.46194 144.19572 1044.04674 867.17964
52 104.00 1420.66607 2058.23269 2790.87066 688.93059
53 106.00 2048.03318 526.87555 245.72517 2969.27173
54 108.00 516.44584 2703.66056 1412.00388 2713.40144
55 110.00 2371.66758 1420.11305 1945.26669 2023.31670
56 112.00 1961.85841 2580.28672 1001.28817 690.20448
57 114.00 1797.43830 963.87333 2601.20437 2963.29228
58 116.00 2244.49828 763.21477 2280.25192 1039.64590
59 118.00 1150.73355 2034.60397 1846.59028 2225.98755
60 120.00 2006.84717 497.29049 843.84196 1213.39062
61 122.00 339.01739 2335.68093 633.56751 875.16218
62 124.00 2823.47331 2360.71396 2552.36228 278.74698
63 126.00 2694.21396 562.96260 1375.75786 2342.93007
64 128.00 1837.82956 689.30838 1332.41567 1271.24610
65 130.00 2254.78268 2224.67580 2314.33915 2060.18111
66 132.00 1341.86602 1600.71961 2230.62698 2701.52880
67 134.00 2301.36745 14.39548 1590.58355 1030.51513
68 136.00 2300.46532 2425.00349 1373.41525 1796.13505
69 138.00 139.27942 1089.51027 894.82399 2170.76203
70 140.00 1548.63347 236.52236 818.61047 1836.82340
71 142.00 1546.52417 634.31666 2458.46197 1012.22758
72 144.00 1202.30326 849.72439 135.39828 1066.45427
73 146.00 766.47539 992.10305 1694.81227 1732.67644
74 148.00 1310.18908 547.97204 1121.65611 730.45956
75 150.00 436.07140 1324.11577 1773.48735 291.51363
76 152.00 349.67999 2074.42333 170.26124 2103.40363
77 154.00 1115.83442 2078.94455 212.46095 1602.69638
78 156.00 1231.07541 1272.87266 1535.03579 1661.70903
79 158.00 2986.39695 964.52110 667.11750 497.83451
80 160.00 728.28860 2480.25838 1236.14965 1500.24030
81 162.00 628.93400 2456.20277 1361.87935 2083.34001
82 164.00 1952.50317 2079.53992 2554.26424 24.94237
83 166.00 2278.07873 2654.24922 443.39013 2575.27820
84 168.00 794.09168 1038.49616 2903.41692 1486.02025
85 170.00 2797.28247 25.95570 2554.68659 889.52012
86 172.00 2478.70309 2467.90788 1551.12496 2653.11230
87 174.00 1452.80903 2375.05457 2593.38934 2154.78492
88 176.00 422.71896 192.71316 2276.08850 845.74730
89 178.00 2915.22842 766.15438 2186.53175 840.12257
90 180.00 915.14129 14.75960 523.51478 743.71983
91 182.00 1367.00164 311.08096 2163.17458 2756.55272
92 184.00 2046.57878 2959.99994 2638.73705 241.81219
93 186.00 1289.34022 1374.03361 1497.10948 1606.00604
94 188.00 2426.01653 1032.41132 432.17054 2496.53926
95 190.00 542.78758 1338.04270 2828.21868 1283.57250
96 192.00 2758.44865 1555.40996 1855.97801 1769.04085
97 194.00 1625.27453 1383.07254 1411.91139 879.58217
98 196.00 988.16826 773.94730 1355.75725 884.73295
99 198.00 207.81363 832.90476 346.64002 1831.12999
