3
50.0
30.0
3000.0
4500.0
0.3505
100
0 0.00 1710.32500 325.47616 358.20212 2468.63244
1 2.00 2652.07968 2850.62722 1664.24996 1493.90164
2 4.00 381.34509 2986.67539 1406.87096 328.03168
3 6.00 685.93524 2499.28420 553.43498 2287.62423
4 8.00 2419.22734 725.25554 1845.96248 1314.32568
5 10.00 428.27612 1791.00443 123.15572 2800.84677
6 12.00 2300.37054 566.90827 631.29407 953.76393
7 14.00 1706.40405 2845.76825 1024.04248 2851.24320
8 16.00 2765.51932 1050.35165 601.94789 1932.40551
9 18.00 1173.93559 459.29255 875.41680 190.94814
10 20.00 551.88949 583.01727 1974.03665 1316.61478
11 22.00 2614.01194 208.14865 737.32836 1585.66981
12 24.00 1670.55939 430.09035 2892.52961 170.13938
13 26.00 2054.28849 1229.77250 1602.82130 1855.75868
14 28.00 509.74573 2798.40169 1111.11644 430.45943
15 30.00 311.37779 700.98589 1143.64017 1688.13497
16 32.00 2441.11820 2306.08630 358.92628 673.55422
17 34.00 1884.85978 1690.91627 221.77204 1946.58789
18 36.00 2732.43437 2811.63281 1934.37046 847.40535
19 38.00 1848.14727 1349.01362 2244.20822 2048.64352
20 40.00 1837.82551 1035.43876 2963.93244 1364.95284
21 42.00 2758.27957 459.41375 1609.36403 1080.40544
22 44.00 433.22220 1911.27964 523.05948 2902.11002
23 46.00 2997.42144 2645.81247 1104.23429 62.81138
24 48.00 2416.35144 431.95132 1379.79621 2132.05748
25 50.00 1624.49558 680.95683 1206.69285 2520.40604
26 52.00 1058.82412 2825.64328 1263.42197 1253.17688
27 54.00 2200.34787 1331.67867 1165.32857 1090.68079
28 56.00 978.03295 1196.64918 2169.92313 617.74524
29 58.00 650.87793 572.89523 583.80581 2620.81841
30 60.00 1977.97793 1856.62875 2701.06299 1644.61655
31 62.00 2291.92974 1224.62427 1932.00014 640.54105
32 64.00 423.99447 325.95055 1956.71232 900.96082
33 66.00 2498.66369 2323.73298 1870.78827 152.65713
34 68.00 651.53442 1655.07922 470.15804 1152.87150
35 70.00 1552.50257 540.94570 1328.94103 2081.90883
36 72.00 1157.91201 2000.98061 819.95995 2237.91510
37 74.00 1690.09201 467.56705 1205.62945 2345.57674
38 76.00 593.42925 1233.86919 1405.73929 2604.09030
39 78.00 391.66525 2793.75740 948.64381 2799.06065
40 80.00 1836.97469 2205.95287 2627.74971 2028.56823
41 82.00 2360.88677 257.25018 26.00605 2586.74781
42 84.00 158.25812 2557.80278 939.88164 2705.41127
43 86.00 609.02121 451.80881 639.03557 2522.03554
44 88.00 1088.82019 2727.73682 1750.34556 2484.76353
45 90.00 1425.26200 2110.80965 869.22315 304.49847
46 92.00 1685.66267 2702.45117 456.05068 1245.55761
47 94.00 1596.91554 1854.86668 474.84126 1656.96362
48 96.00 1408.70303 2949.90906 2069.89114 2710.95484
49 98.00 2928.37418 1991.60727 439.93887 1334.71167
50 100.00 2267.02054 406.79622 1142.84743 1138.10926
51 102.00 511.37387 59.86236 2064.36449 2453.85511
52 104.00 2792.82654 1754.67361 545.50100 2681.96413
53 106.00 2910.89012 2839.81223 1700.34902 2656.81159
54 108.00 2963.44590 2659.47212 206.66998 404.83020
55 110.00 900.31362 1180.84726 448.45800 2978.69041
56 112.00 2372.90262 2006.71160 2884.72533 962.09575
57 114.00 2134.22454 2846.28532 249.21808 1808.43767
58 116.00 2397.95301 47.86660 2673.14309 1253.21598
59 118.00 507.18048 2553.75848 576.06944 840.73752
60 120.00 1561.29482 2747.77517 1468.82715 2717.44996
61 122.00 156.03321 716.41179 919.90836 1346.79320
62 124.00 1298.84902 121.36721 2249.99287 2279.29519
63 126.00 1374.26257 240.73256 1653.82234 391.94957
64 128.00 2934.74599 1872.50897 2203.92380 57.63648
65 130.00 1142.01335 2713.60446 1140.05080 107.94947
66 132.00 2015.71175 2090.56828 1006.90474 2409.43809
67 134.00 2560.87998 2352.36106 1221.58511 1026.38606
68 136.00 2828.71877 2157.35132 1657.14795 1466.49126
69 138.00 800.01759 2740.07205 2756.32834 254.38591
70 140.00 1998.66778 955.84177 1526.37385 340.57581
71 142.00 2432.26525 2418.67996 321.14883 223.24388
72 144.00 1120.16487 462.01838 2404.37117 2336.63003
73 146.00 2591.07120 28.93573 40.34167 2420.95874
74 148.00 2610.47879 1852.38201 468.73137 1878.37914
75 150.00 2614.04814 1382.28899 2620.20431 2358.39490
76 152.00 317.49821 365.93519 2112.44289 598.56393
77 154.00 2238.19224 243.46680 275.11165 2854.17576
78 156.00 11.52341 2374.77819 699.22724 149.99589
79 158.00 238.23587 961.21485 1588.00044 1428.13233
80 160.00 591.89926 2963.78874 1816.37348 558.19464
81 162.00 864.19048 2028.47800 2595.02468 183.79903
82 164.00 554.78354 18.94017 527.55274 593.16150
83 166.00 431.67831 1625.99531 2918.17115 2099.90106
84 168.00 2108.60428 227.33928 561.14416 964.21634
85 170.00 2975.94124 487.27073 1905.89077 1776.92461
86 172.00 1804.66189 1519.96336 856.20904 1279.56992
87 174.00 2473.40571 2206.32946 1591.65254 1964.52650
88 176.00 2904.41713 755.00452 2262.89128 193.96001
89 178.00 188.34893 1032.66976 2198.74254 1859.53617
90 180.00 2453.11053 239.85484 2293.30142 2148.32913
91 182.00 35.99683 2232.80609 264.69506 1764.41587
92 184.00 2749.00015 1084.43936 2043.24245 2034.58665
93 186.00 197.63644 787.31191 2519.17553 1352.36085
94 188.00 2226.57794 1441.34642 1499.08479 2290.23744
95 190.00 940.42402 2997.29228 570.85515 1761.68738
96 192.00 128.09845 1058.68489 1394.83445 1384.92066
97 194.00 2770.33806 2539.44482 2916.82819 1390.87157
98 196.00 2697.26871 1356.52922 426.24867 2251.65625
99 198.00 1258.79149 73.43946 418.29608 950.17050
