3
50.0
30.0
3000.0
4500.0
0.2535
100
0 0.00 69.71952 2356.07343 2766.43257 461.07372
1 2.00 2857.91264 990.75158 1889.51792 1809.00836
2 4.00 1823.51181 2600.83427 2940.51635 612.61386
3 6.00 1171.90844 1603.47174 565.01603 325.91507
4 8.00 1708.54504 1354.60598 2684.23138 279.72452
5 10.00 312.93953 1658.72033 96.17746 2067.07365
6 12.00 1465.83997 560.07632 208.47311 2888.98367
7 14.00 851.45286 699.11828 1978.70968 209.93830
8 16.00 172.35954 1555.59504 515.47715 2579.12204
9 18.00 1232.58370 471.10637 332.23184 1609.35906
10 20.00 1434.75343 206.28897 2865.29030 2597.09848
11 22.00 389.79685 617.03101 1296.60203 2129.01484
12 24.00 1424.34007 1811.12835 2817.46276 1762.47586
13 26.00 1507.42506 2054.50779 826.32293 22.32993
14 28.00 428.07596 191.91013 1197.71074 2422.69750
15 30.00 1577.56951 2730.90762 2637.71817 1380.61368
16 32.00 1728.39826 2211.87213 863.73535 2642.98222
17 34.00 1368.91987 2100.94962 2134.94380 892.34618
18 36.00 1839.08254 2429.95429 525.37886 747.40445
19 38.00 2699.89386 2199.73186 1373.48446 2732.49929
20 40.00 550.33296 1705.84580 1180.65395 2837.06208
21 42.00 719.08577 2611.61878 821.32883 1884.24961
22 44.00 875.66877 2748.88900 2094.13198 2167.22817
23 46.00 651.76461 1480.46273 2977.16917 1658.47168
24 48.00 2985.94914 229.60091 315.67368 2299.61724
25 50.00 978.03941 1352.80795 758.29985 1518.19372
26 52.00 1386.50246 219.58648 2083.45714 2249.20842
27 54.00 1143.46670 2237.87231 2567.31943 1190.02298
28 56.00 32.21208 344.04815 2751.41093 981.33109
29 58.00 2246.02808 1454.27771 204.71151 1645.28562
30 60.00 726.88083 2850.05527 420.76728 2461.28007
31 62.00 2524.68760 511.76729 54.19838 301.54536
32 64.00 882.43396 1603.96150 1172.54851 232.75590
33 66.00 2290.76714 2032.14943 460.48943 1074.26097
34 68.00 650.01730 103.33454 2025.13239 648.49950
35 70.00 2090.22709 2509.50342 2434.53548 1923.03657
36 72.00 2149.23130 2691.02964 1171.85517 924.97275
37 74.00 157.24577 13.99720 2317.22909 2301.34272
38 76.00 2786.46166 1123.93411 715.62097 274.15929
39 78.00 1265.04819 2967.87187 1011.34993 576.45546
40 80.00 2006.84837 661.70356 2646.85817 2390.77250
41 82.00 2491.35200 503.64866 501.14177 1247.04003
42 84.00 323.05149 981.42440 1686.16235 568.64261
43 86.00 621.35795 1625.10796 2816.76968 362.41188
44 88.00 641.33996 1069.72898 520.86467 1206.41847
45 90.00 948.72066 1167.55998 1376.32780 198.04885
46 92.00 2445.25467 1949.83499 1106.93988 201.99381
47 94.00 655.68257 904.60275 1796.60729 2949.30748
48 96.00 305.44077 1608.54459 2971.59386 2551.39510
49 98.00 514.37733 2877.10411 1799.60144 2944.24768
50 100.00 2088.94610 2033.70157 2917.10056 2081.16223
51 102.00 996.13964 1906.06036 2651.90110 953.90093
52 104.00 2554.66264 1446.39114 1005.31565 1825.59997
53 106.00 1755.11074 1147.11420 1921.77586 697.27643
54 108.00 1762.40564 2965.14259 697.81771 1849.04602
55 110.00 2690.33828 926.54589 2213.73985 2271.73723
56 112.00 1859.29869 179.76905 1123.57089 889.84419
57 114.00 455.01176 613.15599 113.72015 2770.22742
58 116.00 1794.22557 2837.62949 2217.76691 986.06956
59 118.00 834.37933 1930.80621 2281.48165 1562.61858
60 120.00 2932.70251 1944.13928 865.36531 71.08000
61 122.00 2540.80454 993.81082 726.74695 1617.93526
62 124.00 2719.89617 1995.01806 745.01415 2062.04952
63 126.00 2158.50666 1824.18959 1144.45776 964.91097
64 128.00 1327.08267 18.12798 2609.60022 209.95476
65 130.00 577.39634 1903.10088 424.59603 612.66004
66 132.00 275.27818 1777.89195 2493.66264 2795.43807
67 134.00 708.93038 234.49354 2174.96731 934.38891
68 136.00 2165.02130 734.77487 529.30651 746.90829
69 138.00 856.05867 1344.81358 1906.81132 815.58235
70 140.00 2343.86678 240.04792 2917.66560 1194.73342
71 142.00 503.29811 1324.12821 1515.87766 2204.78431
72 144.00 2280.97339 2458.81142 2380.67580 59.43323
73 146.00 1144.25794 2562.12663 2276.57497 2764.59750
74 148.00 1785.55008 458.39613 2179.94471 771.87517
75 150.00 1390.95370 1360.80932 1125.44065 1818.07607
76 152.00 215.81895 409.96905 1407.77544 464.17337
77 154.00 568.87744 38.50282 1502.09943 2176.03613
78 156.00 1474.36115 2777.07321 2820.85496 2911.47791
79 158.00 1119.43469 1468.65334 1923.14617 1764.92702
80 160.00 1226.36275 116.48069 2764.80975 1154.47803
81 162.00 1696.82578 582.68460 1308.89384 765.77525
82 164.00 2739.25799 2166.73588 1528.82509 1465.86553
83 166.00 2065.46819 2089.36624 1952.71900 2779.55627
84 168.00 2206.99262 727.05861 103.52272 2439.37923
85 170.00 1892.85814 2029.27680 2092.41427 1936.00061
86 172.00 783.99210 1366.41231 2043.19945 762.86410
87 174.00 1806.44798 2855.33474 2524.54770 37.01216
88 176.00 2312.91656 1933.19217 2750.64856 1193.00076
89 178.00 1758.48129 2702.98695 1555.61113 566.46976
90 180.00 1268.83458 2489.24870 758.61371 906.65870
91 182.00 2903.05029 1975.45818 1148.36583 923.93660
92 184.00 1234.82698 2629.20141 2182.95624 266.62032
93 186.00 1908.54075 2330.07334 1033.17844 428.14045
94 188.00 2246.19022 2790.05060 1193.91066 924.30103
95 190.00 2961.07648 2449.16813 4.73573 209.52448
96 192.00 2088.95012 1574.88597 1963.56358 2199.12671
97 194.00 511.90277 1123.95417 2112.14159 594.06159
98 196.00 545.95299 2845.44993 1351.98235 2443.11136
99 198.00 556.91413 176.94619 548.18820 2277.49405
