3
50.0
30.0
3000.0
4500.0
0.6980
100
0 0.00 2419.99534 1403.22849 612.07170 2014.44291
1 2.00 664.34199 2228.71513 503.23448 2207.49115
2 4.00 1970.43520 1383.61288 2159.44927 2480.48904
3 6.00 510.03557 2189.14155 855.24308 1514.97639
4 8.00 803.70515 641.48123 2939.06558 1278.25357
5 10.00 1174.31092 2390.84483 1740.78092 100.15582
6 12.00 31.12957 1646.14658 1292.37417 2159.99242
7 14.00 2181.77091 2243.36966 623.61813 2576.57307
8 16.00 462.75576 928.62536 2771.92425 1341.82215
9 18.00 2306.38121 2659.70451 1883.84925 593.10686
10 20.00 1407.08572 1072.21179 1089.20189 2818.33535
11 22.00 274.09714 2975.15902 2384.87826 2360.67605
12 24.00 1849.08018 69.62667 593.48257 290.18247
13 26.00 1244.50093 2745.87469 2313.49081 1970.79828
14 28.00 1097.24094 2848.76118 322.32698 856.69238
15 30.00 2253.68143 2443.82897 2147.31729 1255.40070
16 32.00 2884.09825 2506.17479 764.82479 1481.27268
17 34.00 640.22413 2881.20449 701.42780 1321.43984
18 36.00 1647.30694 170.87817 2312.97871 2675.58074
19 38.00 2134.61833 392.30384 2830.15433 89.98332
20 40.00 995.26509 1310.22950 2755.17254 263.62718
21 42.00 574.14746 1626.96095 2681.78700 2220.45027
22 44.00 1327.62786 1780.24506 2767.08926 1619.23764
23 46.00 709.16842 1335.18173 736.53477 792.06894
24 48.00 130.18818 2458.23346 1524.33370 1856.90893
25 50.00 1510.09175 1185.21410 2240.71934 173.27352
26 52.00 719.23095 1534.51198 1711.94529 1775.07799
27 54.00 2019.19901 841.25636 2406.64524 2856.90562
28 56.00 496.19868 2791.01670 894.51080 2624.59622
29 58.00 1074.98123 1585.16911 1784.59390 530.41233
30 60.00 336.29394 2460.74320 2058.08775 1166.62768
31 62.00 2467.63364 1513.21170 190.49312 1563.33901
32 64.00 135.02060 990.35243 931.02408 1865.69332
33 66.00 1145.28243 2.07531 898.96483 2407.14292
34 68.00 635.81267 1207.08360 1323.88831 1378.66758
35 70.00 2203.96592 1748.51675 1971.22029 2644.02236
36 72.00 1278.08773 558.78807 347.37707 1014.08764
37 74.00 2955.03888 713.21924 1723.65870 2041.73841
38 76.00 2096.25757 2937.10321 1653.74741 1226.32598
39 78.00 1508.12534 2778.58250 210.38963 1689.08693
40 80.00 1916.49152 127.21547 2485.64338 367.86962
41 82.00 1563.40138 664.83269 650.02505 393.06644
42 84.00 1631.42414 2143.94634 1984.52298 3.80838
43 86.00 2444.76741 1546.87476 946.96028 0.97113
44 88.00 2587.82061 502.05082 1016.20794 2563.75074
45 90.00 579.06863 1555.97482 317.78406 2627.91359
46 92.00 93.49982 553.07836 882.90998 1061.46240
47 94.00 1397.09323 2889.32538 277.92775 1124.34739
48 96.00 164.39705 2243.02082 1962.22682 271.84918
49 98.00 885.61085 1704.61307 1735.19518 569.07829
50 100.00 1203.51565 2353.23087 1121.03174 2631.26156
51 102.00 1008.12882 1726.76039 2015.52886 2219.08503
52 104.00 1779.34687 2499.94258 1729.16497 1596.76437
53 106.00 244.45176 1299.29848 1980.79288 230.40874
54 108.00 23.36047 34.40440 933.56660 2843.76171
55 110.00 1792.33693 612.02240 488.80854 2506.73242
56 112.00 2874.76084 1675.49890 2146.16530 2344.23988
57 114.00 2807.28739 1096.92096 1471.18711 2735.33510
58 116.00 304.23956 1267.69334 461.09473 1772.97467
59 118.00 622.60714 421.49154 2287.21852 838.34561
60 120.00 1059.04314 2885.16147 126.27376 2614.60065
61 122.00 2578.81466 2425.10594 124.04572 156.48638
62 124.00 2976.07874 639.59217 2618.34630 219.12530
63 126.00 2786.74866 1488.08011 1566.45089 1046.26969
64 128.00 463.49856 1346.89753 1622.70389 1165.97956
65 130.00 318.65039 2071.51785 2688.88894 2944.92446
66 132.00 2715.34624 2366.97967 2221.96938 2162.44441
67 134.00 1948.99963 2750.55009 2984.03199 1775.72700
68 136.00 2490.50140 2829.57756 1287.97869 1471.15990
69 138.00 279.90720 330.50227 1663.10192 144.19886
70 140.00 1929.66038 1626.12724 2697.65219 2001.67628
71 142.00 395.27904 2004.52398 1935.20937 690.06702
72 144.00 2038.64161 2531.26879 2778.49547 587.00118
73 146.00 546.32892 1071.53170 2624.44992 1523.90534
74 148.00 1485.96406 2161.92989 406.97412 1287.57311
75 150.00 451.93025 345.06632 853.46681 1988.24987
76 152.00 1800.09870 1664.91452 2062.57194 2103.34161
77 154.00 2989.32856 2446.37523 2537.45538 2644.41945
78 156.00 2111.67815 1899.79758 1712.16163 1213.68404
79 158.00 1642.71880 2900.65957 1077.93061 1031.33977
80 160.00 267.16121 422.94529 146.85957 651.45707
81 162.00 1266.57759 1556.60029 1214.84463 822.25560
82 164.00 309.65587 2067.10987 1670.39240 39.98727
83 166.00 765.32634 2388.73931 1221.20938 127.50343
84 168.00 1623.34605 226.13017 1833.55438 2721.11015
85 170.00 769.96310 2413.32703 1655.43256 708.25735
86 172.00 1274.55628 977.04985 841.46835 2625.84468
87 174.00 89.51135 1211.82022 1771.86769 2434.66510
88 176.00 2220.60727 2485.90312 2735.16645 104.19453
89 178.00 2483.08732 2076.93247 1370.20058 1021.44084
90 180.00 1296.59518 1672.50556 2052.77102 1913.03443
91 182.00 2743.65768 1045.16167 1961.58372 1461.33471
92 184.00 424.97875 2948.40604 234.52210 429.22552
93 186.00 1855.98829 48.22861 1860.89409 1362.90266
94 188.00 2578.18410 1951.62735 2723.10317 537.42477
95 190.00 2543.91600 2023.44877 1881.30226 862.96431
96 192.00 1218.70916 1171.60324 256.72591 1801.71067
97 194.00 1036.18947 134.68869 1172.23835 2570.04172
98 196.00 857.07324 416.95184 2941.23009 1202.56267
99 198.00 1408.23966 880.47936 2136.59941 2670.41102
