3
50.0
30.0
3000.0
4500.0
0.7869
100
0 0.00 2031.10491 392.61227 719.23861 232.32238
1 2.00 2199.12814 1248.92384 1361.92143 498.06489
2 4.00 2913.64503 1419.96347 1000.47094 2941.87373
3 6.00 677.24307 704.02293 935.21353 8.91892
4 8.00 1171.28719 474.11274 2556.29900 1233.03423
5 10.00 583.29504 810.50911 177.30193 785.40967
6 12.00 2632.58207 275.59859 1195.07275 588.73552
7 14.00 2646.71648 2954.84757 531.15801 2620.99992
8 16.00 635.34143 513.98183 2606.22692 1669.81428
9 18.00 545.84216 651.44787 1093.31132 96.46357
10 20.00 827.81402 1091.41886 2397.63785 351.58000
11 22.00 2723.28038 1957.21578 919.44820 812.68539
12 24.00 871.47148 441.89452 232.48849 1401.56580
13 26.00 795.41333 1727.59078 879.08343 1702.88724
14 28.00 1434.15377 866.45671 2295.92773 243.15985
15 30.00 1662.64058 2155.77859 538.89548 1876.37983
16 32.00 900.76452 712.91112 328.98196 1101.26245
17 34.00 484.26004 333.73042 2936.10748 1223.61126
18 36.00 2257.29329 1925.04407 520.91248 755.02601
19 38.00 1162.18553 534.10025 1788.69563 1503.32464
20 40.00 1326.47834 759.55817 2185.31985 969.62594
21 42.00 1955.44249 1865.31284 1584.93650 1487.52727
22 44.00 2294.02079 1709.75846 354.76549 719.59642
23 46.00 6.30031 1394.15316 2428.56313 783.27172
24 48.00 2944.71665 1952.74280 2390.81248 660.72372
25 50.00 833.87736 2650.32992 532.26650 2062.09241
26 52.00 703.82492 1018.81304 1396.61273 2665.95223
27 54.00 514.54888 972.84556 589.70960 228.65903
28 56.00 2172.65429 275.37022 752.98218 2939.07678
29 58.00 2712.26712 715.83587 1435.20256 1919.85694
30 60.00 2477.67667 1151.78311 503.97336 616.76430
31 62.00 142.33750 2453.91019 213.03438 805.95338
32 64.00 1247.28810 1277.32116 2209.14396 1771.01403
33 66.00 342.69565 79.45486 2427.00780 1784.79882
34 68.00 1239.66104 2249.85459 2739.40407 1821.40777
35 70.00 2642.85602 441.10543 2574.90225 191.58450
36 72.00 2738.58492 1793.16386 2100.16060 110.92225
37 74.00 1014.49610 1274.22191 2548.51287 798.78036
38 76.00 250.57378 1743.92494 307.12574 2701.17572
39 78.00 955.26331 416.37944 2972.81271 244.18995
40 80.00 132.29978 2729.32240 2284.61961 561.73923
41 82.00 2948.53432 495.17245 2785.06761 1862.95207
42 84.00 1246.87184 2985.09105 2580.15484 2885.77221
43 86.00 1916.61510 338.46026 517.95620 1662.55256
44 88.00 2665.69231 792.82048 2106.04867 1643.98785
45 90.00 423.02977 110.05890 1386.28007 1185.08852
46 92.00 1142.18012 1813.53264 1909.95074 2894.69396
47 94.00 1515.76488 783.80560 97.26085 184.96267
48 96.00 202.34648 254.33194 2514.44284 409.24484
49 98.00 1176.76976 1924.91574 668.51393 1465.01282
50 100.00 740.07280 2531.82222 2752.06892 203.18913
51 102.00 2939.26679 1736.44572 508.97159 2113.89211
52 104.00 2529.17067 2219.60283 2126.06308 1798.86716
53 106.00 1370.87191 971.00563 1411.61396 1310.45046
54 108.00 2686.17331 2693.00863 2106.98291 1826.41296
55 110.00 511.30952 688.86620 1020.04266 1496.73748
56 112.00 1724.34449 1980.23224 1802.45529 1603.92648
57 114.00 2495.44909 1169.85806 1303.64545 1407.13932
58 116.00 2159.67242 299.11501 1106.91544 655.25449
59 118.00 817.78288 2017.95829 310.13063 13.32570
60 120.00 842.22424 2540.92616 1709.40158 2925.72224
61 122.00 1023.00042 2425.46521 2226.22383 2623.71797
62 124.00 1592.21697 2302.49603 1898.02014 1856.91667
63 126.00 2891.49068 1276.60471 45.23505 1852.20483
64 128.00 634.43712 921.76249 1404.00890 2751.74762
65 130.00 51.27335 1458.50885 2535.78153 2391.59549
66 132.00 261.21770 265.80793 872.89122 1168.25968
67 134.00 1989.85689 1139.06877 2515.38102 857.13675
68 136.00 311.34929 70.01815 2355.16464 2563.81614
69 138.00 1035.69727 880.18359 1505.12785 2948.00267
70 140.00 1819.63113 702.39875 1215.83903 721.20817
71 142.00 472.43271 829.25945 732.51617 2318.64742
72 144.00 2291.35478 2835.64086 992.55567 2468.87057
73 146.00 2168.20769 1252.06896 2045.41162 1087.56454
74 148.00 2322.20458 1376.24220 670.52705 2626.45038
75 150.00 756.02175 2437.25350 2396.70827 1057.85936
76 152.00 2761.45447 464.12914 228.14560 511.59746
77 154.00 992.87333 2453.30603 1652.42803 871.31941
78 156.00 1373.89556 1777.72846 1920.66769 246.87301
79 158.00 1475.32162 973.86241 509.69231 473.39536
80 160.00 1440.88408 2254.54113 2723.33663 1863.49670
81 162.00 1687.82365 2282.35598 2976.19578 983.26597
82 164.00 486.32556 2359.61448 1192.22549 764.38577
83 166.00 2620.27441 2850.62637 1691.21878 158.20606
84 168.00 180.66164 672.21159 1551.02097 807.61486
85 170.00 1312.96995 176.54989 786.68459 269.02872
86 172.00 1711.05006 246.44445 386.70847 430.50649
87 174.00 1692.69563 959.63648 2666.82734 664.12852
88 176.00 2084.18724 1022.12618 2121.49774 605.14902
89 178.00 2824.76549 2612.24083 1125.34819 742.97329
90 180.00 483.07484 852.96067 210.96931 392.52298
91 182.00 1303.15849 502.73692 813.35870 1533.36611
92 184.00 422.21195 1193.61721 738.20354 790.38394
93 186.00 1222.85041 206.84348 1796.45496 1576.73110
94 188.00 566.56633 431.76908 538.67435 1147.19244
95 190.00 1047.98504 1809.69693 2491.10759 1977.03506
96 192.00 2074.63073 123.20055 307.22889 2863.34540
97 194.00 197.87015 255.08666 2652.93194 1153.77588
98 196.00 2977.14899 606.99724 2484.81611 2410.12653
99 198.00 694.22141 1513.81018 1121.11400 844.11418
