3
50.0
30.0
3000.0
4500.0
0.5848
100
0 0.00 397.96578 2091.60578 14.59670 2977.37151
1 2.00 69.47891 554.97426 1686.98093 934.95564
2 4.00 1030.25305 2654.15505 417.80752 1391.98565
3 6.00 794.46977 2051.34026 2017.00693 697.62110
4 8.00 671.39075 1474.41248 2575.41749 2275.29733
5 10.00 564.27211 2392.46173 2174.65031 301.71110
6 12.00 426.70870 1970.46108 1728.31336 824.31369
7 14.00 2606.81179 1203.31501 553.95173 1382.15728
8 16.00 792.57726 1654.08199 2521.47833 1140.91252
9 18.00 549.53594 2003.51378 333.02850 153.33768
10 20.00 1090.43213 670.33335 577.31656 2144.73712
11 22.00 1050.29202 877.66683 2863.67979 778.63219
12 24.00 2269.79695 2930.39741 2394.55899 2471.39147
13 26.00 1877.42890 1753.80095 972.53680 235.17742
14 28.00 1996.68664 2769.47858 1032.06009 1072.43741
15 30.00 2267.39664 659.75859 1361.26642 93.75190
16 32.00 2294.60640 407.13737 559.43094 2535.60318
17 34.00 1247.19940 599.38903 1326.78556 1155.81373
18 36.00 2993.06249 421.19166 260.60686 952.38154
19 38.00 1426.88310 2889.96811 2157.42538 2287.48946
20 40.00 2241.49072 2283.15164 771.98437 304.51093
21 42.00 2259.77233 86.24206 772.61571 355.58486
22 44.00 2927.12053 1965.00817 1176.76494 42.34682
23 46.00 1864.30876 177.63230 1713.05980 251.50881
24 48.00 2496.77424 721.49681 2370.29884 704.61412
25 50.00 1855.39937 1008.08139 221.26093 2234.19489
26 52.00 2823.07474 932.29400 97.45833 989.79042
27 54.00 1846.63584 1770.51901 428.51601 2462.66697
28 56.00 2743.13860 2111.69645 1256.31902 682.69206
29 58.00 2411.48705 2842.92853 2856.80479 645.93913
30 60.00 2344.93387 2483.35397 1593.04728 1668.16030
31 62.00 2871.80919 925.72941 1032.46890 2807.27993
32 64.00 1972.71208 1950.63868 171.55293 1107.89201
33 66.00 2447.73046 1202.21358 1098.80333 2577.06304
34 68.00 434.25821 527.11270 2167.05537 321.20091
35 70.00 766.05510 1414.14196 2301.32598 1324.69025
36 72.00 1399.67479 1819.13559 191.77012 2155.00662
37 74.00 878.41379 72.84859 855.71271 776.28239
38 76.00 2685.90036 1564.01185 2121.74388 1940.69026
39 78.00 746.19478 2648.79722 1117.53647 2746.05453
40 80.00 253.66929 114.40425 1959.52181 470.34944
41 82.00 2943.96706 1451.42695 356.10700 1927.55047
42 84.00 962.07974 1224.00070 2049.95981 344.07688
43 86.00 2019.43982 1403.09842 379.52116 2709.74993
44 88.00 2879.83383 2426.69356 2729.10591 640.88840
45 90.00 485.17110 334.62815 1282.08214 2055.92503
46 92.00 250.14368 160.72558 1510.25919 685.76404
47 94.00 1855.65935 470.19270 1781.11181 738.55681
48 96.00 1701.60033 226.54804 966.78902 653.49358
49 98.00 1381.52822 2334.04214 341.72505 80.71505
50 100.00 410.72701 1541.53431 1353.66267 2.93647
51 102.00 1930.40796 1038.77129 1784.57057 1856.25127
52 104.00 2186.98700 1119.48032 589.49024 762.88661
53 106.00 953.38807 31.05685 2964.57542 17.63519
54 108.00 2328.34119 1131.85118 2420.74984 732.10744
55 110.00 1483.10176 1838.75343 2661.16307 2234.32830
56 112.00 929.03577 1038.66034 165.87065 1783.33601
57 114.00 1508.99676 1357.76728 1189.80246 713.21913
58 116.00 2337.33422 816.60184 1813.76094 2156.47977
59 118.00 617.14633 1224.26084 2069.32109 2038.25997
60 120.00 892.79233 206.42221 2132.95014 438.58696
61 122.00 2366.42304 1625.11060 288.77480 226.55093
62 124.00 730.76078 1648.38165 396.48739 517.56947
63 126.00 145.40456 2251.02767 300.38607 733.70156
64 128.00 1125.89085 301.65013 931.51313 446.69176
65 130.00 295.62019 1606.25159 1640.71472 1084.98615
66 132.00 708.13772 94.57884 1650.51975 590.96058
67 134.00 2193.61223 2644.45153 2016.35513 1568.91563
68 136.00 2170.99448 1911.52470 666.79087 2523.28833
69 138.00 712.67707 1696.02086 2002.69324 257.86111
70 140.00 2815.23466 1436.65235 736.59903 1141.12684
71 142.00 37.89109 2247.25853 1777.53290 918.76963
72 144.00 1458.27583 1446.42820 138.51893 69.40429
73 146.00 388.20465 770.93750 2151.81414 2341.62998
74 148.00 2899.57080 2739.97421 1370.25603 1301.10482
75 150.00 806.98276 1095.55155 2382.83115 2383.36756
76 152.00 2013.87556 2513.84961 961.92301 540.91008
77 154.00 1376.33340 1587.25897 242.78093 330.38755
78 156.00 2343.24214 2260.42456 1866.64734 2395.64260
79 158.00 911.79658 778.62514 1090.10588 1816.52376
80 160.00 425.30429 1186.28366 1015.29460 2468.10776
81 162.00 1800.11946 1360.55858 1495.54890 708.98213
82 164.00 1338.44169 2053.06600 348.98706 2265.74621
83 166.00 1503.07747 1245.82106 424.09922 1276.97115
84 168.00 1753.96293 1202.37601 403.41603 1205.17502
85 170.00 2487.54343 2770.99983 1321.85795 656.27606
86 172.00 75.77822 1090.36925 622.41969 295.33674
87 174.00 1633.41182 2556.21760 1433.48210 859.48656
88 176.00 2978.25898 497.61979 419.36958 2062.17173
89 178.00 2782.88798 2284.27445 866.06930 1142.34227
90 180.00 206.54262 891.35811 1172.94692 1143.78973
91 182.00 1482.71722 614.38058 655.23704 890.57059
92 184.00 2039.93022 214.85513 1371.23641 2337.40586
93 186.00 2052.59342 522.34737 2012.82697 1123.77978
94 188.00 886.56477 680.29265 1802.89646 2971.04992
95 190.00 2211.36590 621.62684 2769.24543 785.79563
96 192.00 81.63947 750.75579 939.58118 1615.94349
97 194.00 1696.12975 1779.46572 2707.18218 2780.91797
98 196.00 649.35184 1653.61944 2338.22910 693.97981
99 198.00 84.92044 1623.85110 1459.26406 1810.05417
