3
50.0
30.0
3000.0
4500.0
0.3990
100
0 0.00 1168.02201 1385.13938 1502.05052 1221.59249
1 2.00 1657.64947 2592.04762 2675.47169 32.01583
2 4.00 554.48644 2461.04658 2991.78933 88.19467
3 6.00 320.23737 2335.89905 336.04388 383.72104
4 8.00 1791.58999 2772.97944 733.15751 1131.87337
5 10.00 1416.81904 2108.51581 791.66145 850.94755
6 12.00 2937.00523 359.10284 2174.33291 1246.53272
7 14.00 9.22233 1863.17431 641.10530 1103.71454
8 16.00 2376.24761 401.77890 173.83513 933.68357
9 18.00 212.73806 369.52094 1577.88426 2315.60224
10 20.00 860.50851 1617.68798 677.53226 1191.00640
11 22.00 1432.04065 2514.19569 1759.67125 2269.56356
12 24.00 1221.83707 511.80207 2168.86215 2824.80041
13 26.00 1819.70500 1517.55777 220.50465 1353.87581
14 28.00 1005.57380 1254.80694 276.67422 2801.33363
15 30.00 2086.25125 2571.83184 881.84515 1559.04073
16 32.00 1221.74379 2241.43595 2488.74922 1891.43387
17 34.00 2334.05533 1012.47544 1477.12659 1186.48965
18 36.00 1306.11375 2372.19574 139.07521 2081.05899
19 38.00 349.53794 386.35934 2340.92029 53.90650
20 40.00 126.47556 578.81572 2970.77479 1560.76969
21 42.00 609.54662 1171.76922 2653.61880 265.13924
22 44.00 2613.70559 81.80857 461.97545 1366.88626
23 46.00 961.13464 2235.48389 299.83724 526.52446
24 48.00 655.81222 2692.48088 1067.38602 2452.19304
25 50.00 1527.22745 550.21169 1716.12451 1456.15837
26 52.00 2542.29515 1273.42068 1684.11259 2707.25359
27 54.00 1863.53600 2951.75963 2494.17461 871.20247
28 56.00 2889.38718 347.48570 912.01859 1663.59215
29 58.00 2381.43411 2955.44070 2340.72979 1027.82784
30 60.00 712.27702 2588.50105 2738.17283 2209.97435
31 62.00 1585.82387 1222.37174 635.88225 1935.40673
32 64.00 1843.52563 372.41138 307.42422 1111.68847
33 66.00 2073.32333 54.16253 2466.77059 1522.19842
34 68.00 2979.57150 1742.53088 194.51978 868.04881
35 70.00 1722.26248 2804.88478 2143.95831 1359.32381
36 72.00 765.73204 2421.97455 1208.56520 1793.55110
37 74.00 1718.36214 2827.77285 1262.21376 1873.45171
38 76.00 2424.21018 2608.73997 1970.31360 2490.84656
39 78.00 1925.24796 2278.48393 2238.05703 2027.72585
40 80.00 2283.25320 2562.60649 268.96405 1566.63725
41 82.00 435.54315 2350.59228 1737.83875 1910.33102
42 84.00 1706.28360 440.79556 1696.01961 883.22251
43 86.00 2316.89851 2662.01523 1708.44460 2376.89567
44 88.00 2570.50391 2859.86545 2671.61903 325.06460
45 90.00 2517.55913 2421.23224 669.08373 2341.58434
46 92.00 2328.80634 1289.62378 1691.74541 2881.88410
47 94.00 164.31756 1866.65361 68.88201 1673.72564
48 96.00 465.00245 1920.71841 1371.54449 1253.11097
49 98.00 2674.82248 1925.80787 521.74387 647.72056
50 100.00 1684.97897 2984.07563 684.33106 1820.19322
51 102.00 977.33426 1987.62997 2723.58004 1950.56876
52 104.00 2695.56570 1560.62557 1971.77754 1683.45987
53 106.00 52.49782 2456.31896 854.10428 9.21672
54 108.00 1034.04866 1222.41653 1990.74865 2944.79415
55 110.00 2706.74552 1698.80351 1302.44463 89.81968
56 112.00 2413.75579 2352.22815 1218.69279 2289.31581
57 114.00 1633.50127 439.83680 1982.75583 280.49218
58 116.00 1651.84185 1718.73983 1034.15227 1891.05850
59 118.00 2770.38426 649.89632 1685.38218 2426.22642
60 120.00 294.75833 2491.84255 2646.86063 2299.47301
61 122.00 2421.69740 941.08405 1010.55747 2771.47798
62 124.00 360.55781 2529.92352 2331.65584 1196.01147
63 126.00 446.85612 1762.83364 2319.43455 2549.29062
64 128.00 815.70437 2696.98171 2563.91077 2497.58989
65 130.00 492.73638 2256.99854 2.93454 2003.14901
66 132.00 1541.69582 1801.17732 2722.01706 1167.85886
67 134.00 2995.33048 350.35184 2938.95164 1161.56230
68 136.00 606.17602 243.64232 579.99868 1835.66959
69 138.00 2470.68163 2469.97435 76.45599 2836.03055
70 140.00 1125.57432 167.95876 1944.85559 240.31331
71 142.00 1889.58607 219.48840 2213.19105 162.97061
72 144.00 1223.37314 531.56762 1888.61171 587.69855
73 146.00 1747.38731 1329.94085 1233.40489 430.94435
74 148.00 2189.92914 661.53231 839.40067 50.45371
75 150.00 1485.80639 1328.08483 844.50286 486.93685
76 152.00 2142.94611 1347.07526 419.19151 1209.65769
77 154.00 2589.04891 2014.18028 1788.93603 1033.65145
78 156.00 1666.39347 276.20856 2617.34503 2174.96450
79 158.00 2478.01809 2768.48670 2769.27017 2945.94737
80 160.00 1696.26411 2797.45550 200.38233 2333.21963
81 162.00 68.20521 2809.72343 2023.89726 788.39723
82 164.00 2910.89092 595.31775 1361.59932 267.56054
83 166.00 397.99701 2794.15987 1073.63681 2791.83314
84 168.00 607.85572 2747.45815 1203.93690 1401.57836
85 170.00 2781.50042 1392.76511 614.75113 2988.33259
86 172.00 2722.91375 2034.09809 235.78375 490.14844
87 174.00 1139.48865 656.61321 1265.69868 2475.50211
88 176.00 2938.63264 953.26782 1403.18313 1638.33836
89 178.00 2929.29933 1127.94332 571.16160 1342.46805
90 180.00 2674.20163 1635.56638 921.29475 1777.66507
91 182.00 2177.95993 506.08074 1736.41957 143.35688
92 184.00 2592.36848 882.04952 129.00377 2452.38396
93 186.00 1293.47923 854.28187 158.70037 1355.21593
94 188.00 2046.14622 2496.00126 1195.07873 1602.54546
95 190.00 2783.05185 2715.12838 2222.74938 1498.97492
96 192.00 1540.17236 2745.51159 225.53569 2501.87358
97 194.00 1917.18739 2634.54445 2682.79869 1766.97923
98 196.00 2481.96835 307.01388 580.15618 1558.27347
99 198.00 2921.03517 514.85886 1638.37522 2203.64391
