3
50.0
30.0
3000.0
4500.0
0.8354
100
0 0.00 2024.05119 1515.54467 2345.81321 1137.21862
1 2.00 2491.89608 876.17915 2879.81027 2830.96546
2 4.00 2633.57640 2036.89904 1710.57695 2124.00016
3 6.00 1661.86578 1894.98836 2430.27234 2382.89322
4 8.00 60.97582 1650.42192 1934.41332 69.72402
5 10.00 90.47482 2227.06477 533.71727 2450.99172
6 12.00 2003.41461 1788.45180 1185.33723 959.21043
7 14.00 965.43452 970.08908 1020.58438 760.07435
8 16.00 1748.07310 2264.26673 128.23379 2097.85438
9 18.00 1335.91450 1897.39957 2353.50715 2972.67323
10 20.00 42.06061 1533.75980 4.69471 795.50727
11 22.00 2820.21292 1544.53313 1451.24240 550.17818
12 24.00 469.87976 523.48639 2573.42431 2699.42188
13 26.00 878.99456 2927.86473 2076.79317 2875.81366
14 28.00 1270.61747 2111.31130 385.52594 892.23300
15 30.00 1548.82296 2560.44249 2849.55221 1035.99358
16 32.00 1369.91465 1758.97118 465.86555 995.66218
17 34.00 540.12418 651.43002 2730.25653 617.01585
18 36.00 2829.02230 982.63993 2833.64051 1389.88728
19 38.00 2026.53966 2039.53666 1493.11905 638.02764
20 40.00 2709.60169 2361.04852 390.24269 2397.49829
21 42.00 2307.11915 1596.09738 1446.31944 144.26452
22 44.00 1996.84739 27.22526 2126.57812 1770.86693
23 46.00 1797.79653 770.28222 1410.93714 1432.14921
24 48.00 1888.64451 2057.16986 546.98395 1530.01394
25 50.00 2866.71334 1238.80716 2821.11210 2973.85355
26 52.00 1788.98981 1444.10779 792.60135 1182.98416
27 54.00 2662.16868 2938.04196 1812.74315 1492.60836
28 56.00 2005.51824 1423.70193 2380.96413 2693.77034
29 58.00 2249.94079 1378.39041 2252.09599 510.83487
30 60.00 2304.13957 1104.75693 1269.58619 1969.30070
31 62.00 734.93964 2968.70809 151.25362 460.91834
32 64.00 2271.50529 1160.57208 2966.76519 2751.46156
33 66.00 1115.14473 433.22389 1087.22100 1596.05673
34 68.00 2182.94061 2668.36085 1468.86072 960.52779
35 70.00 31.56002 2908.75578 2277.81131 2238.35300
36 72.00 1983.55902 527.57267 2065.71870 1957.37584
37 74.00 892.60456 1383.75509 1158.02102 2841.86191
38 76.00 1245.59658 2035.28684 2818.84564 550.24192
39 78.00 1136.63252 780.92427 2093.00779 2366.02525
40 80.00 613.82871 1214.65117 2796.10675 321.95017
41 82.00 1719.33188 528.16412 2886.21325 1324.19209
42 84.00 1183.38831 894.33951 668.89547 2602.46546
43 86.00 114.74956 955.08995 1888.64173 2510.51863
44 88.00 1179.74612 2976.37893 653.13622 49.52963
45 90.00 1955.83687 602.55446 435.27936 2776.74240
46 92.00 2377.62659 161.45073 2036.46811 1166.52241
47 94.00 169.45923 1531.25289 2610.38095 2895.16278
48 96.00 2429.44563 2540.56790 166.41900 901.37989
49 98.00 2728.49428 324.28256 613.44511 1962.10774
50 100.00 2295.44335 2675.98541 586.23406 2796.56629
51 102.00 2188.41005 2245.87411 2980.80675 1892.99481
52 104.00 1813.05611 1094.67137 480.27470 2765.74077
53 106.00 2660.51545 2296.26502 1787.09105 1742.23483
54 108.00 1632.37592 1322.00026 1406.43965 183.56751
55 110.00 1081.62614 1550.48688 1754.31127 2310.89620
56 112.00 1422.61000 2957.07398 2080.18523 2759.80075
57 114.00 1152.54190 2296.73590 2791.34421 976.97412
58 116.00 2111.40940 549.24220 2466.27713 1434.77442
59 118.00 148.87795 381.87746 741.86142 2327.79098
60 120.00 2476.12495 636.43438 386.07226 1527.94349
61 122.00 585.10741 2446.11242 1262.07740 469.81202
62 124.00 749.14123 2273.53394 2532.91917 861.38240
63 126.00 1079.11839 1446.08876 2079.56578 2225.54880
64 128.00 2972.47721 1578.90226 518.34493 1876.21195
65 130.00 1123.23021 2167.29944 1059.58054 1241.02842
66 132.00 254.92035 1307.19979 2963.09539 1093.76233
67 134.00 1673.92502 469.53298 660.34360 1105.80442
68 136.00 2648.72980 2072.41006 969.49050 1470.73857
69 138.00 77.49606 2964.95855 1311.53761 17.22610
70 140.00 2000.69552 2303.33631 1640.81393 2609.30735
71 142.00 532.00757 2785.15895 2392.13460 1070.44349
72 144.00 431.15876 2561.58521 1581.46588 1493.55897
73 146.00 1123.69289 2681.31837 1052.24935 2716.35067
74 148.00 1946.75491 900.96227 2829.66248 1231.61552
75 150.00 1992.56623 2551.47774 1496.51045 1237.08040
76 152.00 2027.66455 962.87649 1364.56033 452.67170
77 154.00 1559.76242 308.12517 29.42345 2894.71476
78 156.00 2996.13171 2847.56895 2177.92316 147.84082
79 158.00 1638.99272 2803.88994 1440.54922 1209.36387
80 160.00 931.49721 2806.65142 1051.85962 76.68511
81 162.00 2032.94752 1628.80978 1951.53089 960.18146
82 164.00 31.61227 4.52521 2713.43953 1668.17636
83 166.00 2041.29854 1261.40152 1783.62227 2411.14694
84 168.00 779.98435 1498.64482 238.13804 636.43626
85 170.00 1594.17173 2315.84487 1644.15988 1280.30570
86 172.00 581.58429 1152.29152 1901.99966 1165.98605
87 174.00 991.48275 2808.06774 701.91086 2451.71567
88 176.00 1328.05747 2231.25951 1225.27157 686.61248
89 178.00 2858.01853 1731.47131 2581.85786 468.65093
90 180.00 2595.92727 2077.18376 2759.63209 510.80564
91 182.00 343.33001 2774.60949 1034.78437 543.95456
92 184.00 1454.76983 620.20805 2658.20520 1496.21000
93 186.00 864.89817 939.66778 969.39694 493.76817
94 188.00 1800.85937 26.01947 2724.85135 11.71455
95 190.00 1419.71427 2254.64649 79.26188 1434.60276
96 192.00 2727.42417 1691.01779 491.53650 228.10561
97 194.00 1066.20846 1762.49460 1352.69052 2929.52002
98 196.00 1229.06936 48.22416 1597.89962 2224.44896
99 198.00 951.25118 344.55455 1669.94959 1317.25115
