3
50.0
30.0
3000.0
4500.0
0.3747
100
0 0.00 1801.30691 1409.13907 72.82794 2805.79659
1 2.00 732.21869 2092.74274 1356.73742 2400.30192
2 4.00 1166.60964 1035.55245 1142.91280 1472.87242
3 6.00 2172.53547 2727.56411 268.38272 764.77719
4 8.00 685.67051 1099.78426 2991.29724 1435.59225
5 10.00 505.62497 2560.94084 1935.02684 1797.31566
6 12.00 2430.42646 2537.70764 2937.48449 1093.71552
7 14.00 2282.13072 269.91750 2747.54975 277.13034
8 16.00 2085.93838 150.19522 237.76608 2796.03028
9 18.00 1359.30249 879.45843 2575.50076 835.54038
10 20.00 2747.88863 687.26600 934.79504 1561.52391
11 22.00 695.44691 276.81295 156.43961 1963.86574
12 24.00 2352.78886 2861.51665 2824.52635 527.83178
13 26.00 1643.81565 2826.04832 2684.76601 708.73567
14 28.00 2423.18619 586.15502 2137.58719 202.14631
15 30.00 304.53091 2451.86928 536.19179 372.41184
16 32.00 1387.61139 2282.58085 2169.62549 458.15582
17 34.00 2796.45031 736.93963 26.23948 2566.22199
18 36.00 2299.04889 1539.73773 62.15388 1513.52924
19 38.00 170.55021 404.84731 145.03340 467.72823
20 40.00 396.87295 2585.06487 2502.83976 1721.59351
21 42.00 837.83116 737.36676 525.43502 329.62855
22 44.00 744.64439 1920.40836 2263.54084 201.22209
23 46.00 1132.27529 1.72017 1382.31811 2396.51416
24 48.00 2032.57624 1185.05076 1624.40686 1211.69539
25 50.00 1575.15236 2886.31470 2829.85603 1061.80646
26 52.00 1816.55148 2155.06757 2248.02990 2254.89379
27 54.00 1570.41125 1223.03488 1509.45764 1499.18010
28 56.00 2414.51617 620.67904 1799.39465 1102.50380
29 58.00 895.32654 1813.18726 1237.23901 1127.83267
30 60.00 1120.87025 943.63554 596.10854 48.12462
31 62.00 1306.61261 1915.36103 441.51050 2595.59154
32 64.00 2371.57291 2247.67594 1947.21396 905.91642
33 66.00 733.47534 49.13413 681.21446 1317.07811
34 68.00 1460.32750 1399.04714 1395.61411 2647.15031
35 70.00 1389.89792 1247.40008 154.03876 2843.17629
36 72.00 2691.11660 2768.24018 886.25426 159.35802
37 74.00 1395.26825 1159.67054 1960.29605 1300.14700
38 76.00 1794.70940 1064.32315 1537.68451 1431.32430
39 78.00 2801.93154 2605.88711 1438.37553 1057.44730
40 80.00 580.43791 2765.95586 497.83619 2976.29868
41 82.00 437.81708 2133.31507 808.82583 74.05053
42 84.00 656.08139 1563.27310 72.41954 1210.23616
43 86.00 2395.53352 1380.87291 1865.31802 854.78151
44 88.00 152.74905 1550.99256 369.89338 1315.19354
45 90.00 1462.55047 2290.91894 108.46777 2337.92363
46 92.00 2185.99332 1699.05173 201.86754 2904.38837
47 94.00 2798.84275 1133.77497 1981.84878 1319.58438
48 96.00 2167.63056 801.31755 426.63373 2744.98444
49 98.00 279.56881 1151.66861 1183.19822 125.67495
50 100.00 908.73087 2860.67898 583.48034 1707.88464
51 102.00 1252.76716 2477.76637 454.93936 1641.16791
52 104.00 765.44365 2748.21378 1.70094 198.68479
53 106.00 2576.52196 796.52307 1447.99373 198.26722
54 108.00 1404.91985 2943.59181 2774.46535 1480.44670
55 110.00 239.90859 1378.81884 2698.21593 1850.39506
56 112.00 2938.37440 2551.78149 2867.00528 774.25009
57 114.00 1675.70576 2667.51091 2443.14128 991.79959
58 116.00 1994.82450 1580.12747 2003.25558 2506.07596
59 118.00 1769.33875 2047.80429 2418.56688 2334.88834
60 120.00 735.88962 2444.79556 1301.62010 816.56560
61 122.00 2819.82014 901.70685 2918.28343 2973.93871
62 124.00 153.85971 1775.07853 2405.02140 772.92683
63 126.00 2472.20698 1665.04225 2533.46458 656.85767
64 128.00 2868.53039 1393.04273 459.77477 295.79170
65 130.00 1626.62781 1088.97872 2227.57071 1257.87459
66 132.00 993.63940 243.38761 487.33643 1443.52101
67 134.00 2785.22955 198.96179 941.87102 2667.91950
68 136.00 1306.87028 2445.18250 462.13783 1419.52242
69 138.00 91.78654 2812.78206 354.67921 707.04696
70 140.00 2637.31753 1475.58233 2874.82279 1765.26967
71 142.00 1215.95309 2548.35018 859.40277 1831.71817
72 144.00 494.68328 477.57600 981.42870 1130.54294
73 146.00 248.63512 246.28459 2388.58289 25.46959
74 148.00 1621.11136 1477.94542 276.94514 2910.18064
75 150.00 2424.29548 1943.90928 2975.51181 6.26178
76 152.00 532.71921 400.44990 2951.10319 1100.30096
77 154.00 2056.98511 2480.27213 1071.75151 1715.99177
78 156.00 121.28950 2678.63918 990.42522 116.82674
79 158.00 1748.59051 2964.55401 1843.09003 2464.28934
80 160.00 576.74445 509.80317 1172.59249 2980.44338
81 162.00 322.61541 1780.11047 1846.30525 1578.26248
82 164.00 2495.40665 853.33456 194.82756 1818.50320
83 166.00 779.94667 1930.39208 2099.82818 288.36057
84 168.00 1819.45076 2067.09608 96.10121 2556.46930
85 170.00 1995.02573 2084.72631 2430.81237 1076.25577
86 172.00 1526.62764 880.95981 2116.97229 1203.28209
87 174.00 2420.89759 705.37526 2953.79602 927.97828
88 176.00 979.82895 722.04384 446.16275 465.65724
89 178.00 238.35938 1763.04929 353.15442 323.02348
90 180.00 1346.76057 447.98046 220.32647 2311.10013
91 182.00 2063.17742 1737.81092 2155.92144 1306.00450
92 184.00 367.85551 1932.93307 2827.73619 1656.36071
93 186.00 1763.01239 2812.30860 629.31563 1419.68484
94 188.00 101.50839 469.59287 574.46581 198.16605
95 190.00 94.13854 2559.20275 756.54587 559.68748
96 192.00 1492.85078 1974.98835 1192.46891 2127.42519
97 194.00 970.73875 398.70976 980.72455 2900.09135
98 196.00 1267.04520 944.36514 2746.47972 1699.70622
99 198.00 2099.56574 22.31611 2349.62004 2862.86872
