3
50.0
30.0
3000.0
4500.0
0.4556
100
0 0.00 2080.47822 2683.20585 2494.78996 2345.57610
1 2.00 676.50553 679.91152 1280.46444 1521.82771
2 4.00 2915.97862 1408.62730 274.91411 146.86479
3 6.00 2928.36952 136.68503 562.31266 1821.40288
4 8.00 2363.73659 362.37951 1516.99917 475.18477
5 10.00 2560.62044 1143.39895 296.01087 1474.17659
6 12.00 467.91276 299.33004 1934.41848 2856.45061
7 14.00 2941.45217 666.78413 2888.23755 2033.31273
8 16.00 1896.36004 548.65501 268.92169 2577.09044
9 18.00 1998.66192 2525.44355 1304.22541 2122.35441
10 20.00 786.41511 2578.58787 2338.05210 1435.42911
11 22.00 972.93554 2261.25496 393.07239 629.46057
12 24.00 2909.59371 650.07283 2072.55502 458.29880
13 26.00 2856.85212 2758.92794 1525.07481 1904.22131
14 28.00 2263.14396 876.11077 2991.41483 1038.31835
15 30.00 2971.16859 2574.19301 1698.22057 2152.06472
16 32.00 1995.01216 2055.98424 2580.69711 535.91463
17 34.00 2875.06294 1215.08213 1131.08082 2463.15866
18 36.00 1853.79729 2979.17424 633.19061 1968.26915
19 38.00 2700.65453 726.72951 2691.26651 2371.06738
20 40.00 1436.36537 2396.21410 200.00729 1943.26287
21 42.00 1594.71792 814.66807 2051.02262 1475.32891
22 44.00 313.62417 708.94428 1456.70049 945.76593
23 46.00 2570.31556 2849.33369 2316.51063 1959.60348
24 48.00 971.87660 40.65616 1979.97402 659.25463
25 50.00 1156.10035 1203.87790 171.99577 2353.63524
26 52.00 1991.91059 687.71581 2484.51581 1420.57976
27 54.00 1096.12505 189.77264 2191.49271 2372.26247
28 56.00 135.09879 955.26133 1706.03091 2397.84649
29 58.00 2810.35047 1979.06470 1104.86231 1284.35719
30 60.00 2161.13965 216.06264 1698.67931 2754.93599
31 62.00 1026.66274 1284.79563 50.72097 2800.03566
32 64.00 273.97195 2162.68957 1777.27521 634.55988
33 66.00 963.12166 1641.36526 1073.25811 554.58829
34 68.00 1431.48113 1.58382 411.26358 760.86282
35 70.00 1303.79038 474.88713 44.72680 1868.24807
36 72.00 1956.08692 288.28195 2186.89242 269.41616
37 74.00 922.44300 2822.40230 1714.72087 2255.69330
38 76.00 1289.98940 2839.90475 1210.60101 1595.94091
39 78.00 1941.79884 1217.95032 1699.18408 1569.65953
40 80.00 646.85831 494.92106 1471.64849 1451.61818
41 82.00 239.70877 1805.82637 2311.47371 395.55483
42 84.00 1956.10295 2024.85025 84.95511 2877.43148
43 86.00 2086.35862 2891.50419 1604.29548 1425.46297
44 88.00 1634.08987 1057.25062 2521.98021 2807.90815
45 90.00 2822.11386 2054.81338 2700.32767 2094.85076
46 92.00 926.30216 345.86441 275.08654 2309.89018
47 94.00 986.44701 565.12830 2861.43877 2016.34047
48 96.00 2356.91313 1910.80258 545.06701 374.06765
49 98.00 137.04206 363.15415 207.75925 2526.49471
50 100.00 2323.78722 1458.86986 1134.40779 2979.56195
51 102.00 1689.12107 1368.28442 2764.98246 1439.81382
52 104.00 2132.89934 3.57183 1262.59468 1683.78721
53 106.00 1186.92966 927.56048 1996.14384 1305.77531
54 108.00 1202.74109 1717.18757 1779.25758 2770.07173
55 110.00 2654.44055 267.08066 2448.64722 1156.97077
56 112.00 1042.67620 2071.87863 101.32416 2573.70285
57 114.00 99.07875 1220.11813 1059.00998 2097.09478
58 116.00 1410.77932 112.90517 2217.34434 2925.15448
59 118.00 1695.13892 1849.37610 2888.65816 1324.13829
60 120.00 329.72987 1904.96921 1950.22158 412.05956
61 122.00 2087.83631 668.22048 617.66596 2084.16448
62 124.00 1780.69336 2157.04753 537.73877 1049.29371
63 126.00 484.53600 483.30683 1240.57640 619.11020
64 128.00 899.12899 2962.34442 2559.97611 1842.24456
65 130.00 2748.49542 1862.29477 1678.77334 1709.75033
66 132.00 1006.19758 1180.41277 2767.80973 1241.84252
67 134.00 1303.87360 895.61132 991.22274 785.17567
68 136.00 2703.37971 2770.03729 2235.98712 922.17466
69 138.00 772.19360 218.98180 2690.06356 1835.96014
70 140.00 1186.56578 2784.00910 1767.26479 2258.94449
71 142.00 727.37418 2117.06161 2573.17454 827.36384
72 144.00 1352.67120 679.24486 2642.75259 2631.22028
73 146.00 791.38307 1577.47361 2028.06490 1972.14799
74 148.00 1684.07172 438.31243 143.23270 984.56402
75 150.00 1260.38473 1816.31626 1431.08412 2805.53777
76 152.00 2964.98152 2007.02358 1599.53581 2311.61108
77 154.00 1567.15488 2574.40077 808.82617 747.53166
78 156.00 310.83403 23.92830 2682.64867 1713.02085
79 158.00 387.26628 2073.81584 345.43059 1436.21159
80 160.00 130.05518 980.47045 2697.71334 1555.71635
81 162.00 578.14918 1890.89177 2353.10703 1111.63208
82 164.00 1417.85290 1756.81535 2577.43053 376.98282
83 166.00 733.30155 128.73220 834.41300 1298.51192
84 168.00 913.16001 2786.70117 445.14510 1832.81525
85 170.00 1699.72059 2468.88153 424.30544 2211.89014
86 172.00 1067.31449 409.08126 344.39622 2201.51659
87 174.00 1384.41280 2575.41504 2592.95745 1586.29504
88 176.00 1784.71679 570.94376 1747.05084 1884.01333
89 178.00 2518.74866 2891.52709 1666.13171 1290.73235
90 180.00 2418.49329 2768.09363 1828.45183 2833.14550
91 182.00 783.27438 1081.48864 895.03391 778.12472
92 184.00 981.76824 1163.65888 253.92620 668.46686
93 186.00 1626.11927 1112.95983 2655.05402 889.87022
94 188.00 550.70153 2486.44071 472.71399 2012.24552
95 190.00 407.19558 2573.92578 584.70841 1372.55789
96 192.00 549.33479 1219.73241 1968.06984 56.14971
97 194.00 695.97210 1352.28674 1738.33670 1513.30409
98 196.00 2079.43930 2402.98875 1188.73518 2464.66321
99 198.00 2493.58533 98.00862 2374.40919 2965.72975
