3
50.0
30.0
3000.0
4500.0
0.2051
100
0 0.00 2352.94193 1306.06112 2361.98031 1633.58064
1 2.00 708.46296 1987.83677 233.68321 2792.58978
2 4.00 1722.56487 1459.89092 1776.48941 1388.72530
3 6.00 1665.26310 2466.06916 528.52201 2867.65034
4 8.00 208.82290 326.23390 2442.20016 2314.03014
5 10.00 1136.73304 1482.88544 1980.49428 271.59901
6 12.00 2451.10077 2661.78461 2709.76801 1908.39846
7 14.00 0.55302 440.17606 447.64930 1593.76746
8 16.00 1169.94798 1733.79424 586.99986 2044.55036
9 18.00 949.79315 1710.82922 2739.61280 913.65040
10 20.00 2829.99989 1304.18110 2947.74091 1032.79388
11 22.00 267.86221 24.35776 2959.26495 1212.59225
12 24.00 382.66709 882.55399 1107.66868 1646.65541
13 26.00 159.38193 2110.06237 2462.25985 1077.73389
14 28.00 2583.74352 2597.03891 705.72351 2106.66565
15 30.00 1182.80497 954.38193 1148.36884 1144.69514
16 32.00 1635.35636 1987.46268 1424.61424 564.68051
17 34.00 1153.78517 2773.44613 2519.88806 462.80187
18 36.00 2992.36813 2010.19825 402.83234 215.23799
19 38.00 47.12340 2164.01770 1460.10401 1310.20535
20 40.00 2970.65293 253.99033 1926.72870 1247.56640
21 42.00 1368.08596 2366.78527 1813.28854 1277.11251
22 44.00 539.39213 1528.24474 1656.15009 1350.13730
23 46.00 1065.92169 557.37310 1813.71977 1733.81550
24 48.00 2540.41166 710.24990 1505.18641 1232.51344
25 50.00 1638.49878 1100.91008 2934.70035 1704.44873
26 52.00 2114.64763 339.49311 1444.59873 2071.49179
27 54.00 426.26244 2193.87955 2950.73729 2951.00513
28 56.00 2336.60945 1394.80898 234.70381 2669.74643
29 58.00 265.33905 1417.35472 2225.05833 2881.23314
30 60.00 234.24576 1901.06299 2394.29472 937.49916
31 62.00 158.32282 1030.63851 2335.58140 1406.60643
32 64.00 1537.98933 1407.69718 2201.44364 1263.04832
33 66.00 2881.74391 2394.66967 867.62533 105.97872
34 68.00 2768.59355 2248.27584 2180.91514 1691.11882
35 70.00 184.25329 1419.48160 507.23772 154.85965
36 72.00 2971.09449 2426.68734 1872.95102 860.44696
37 74.00 247.53050 1516.78833 2554.33577 833.54639
38 76.00 397.61629 842.91579 2573.57515 42.60903
39 78.00 334.64821 523.84154 1775.31038 453.40684
40 80.00 1339.95950 2423.52207 783.75776 2102.32462
41 82.00 1454.75554 2398.11602 2586.04328 1028.54399
42 84.00 253.20440 435.21076 2801.82556 462.45090
43 86.00 1487.84483 2980.75672 2311.10337 713.84232
44 88.00 1320.55503 1912.72400 632.57024 2203.08333
45 90.00 1035.22716 1926.78329 2266.45179 347.98309
46 92.00 502.80119 1196.23441 904.10139 2238.45164
47 94.00 2257.28356 1597.56250 1139.40238 2116.82341
48 96.00 1423.76874 435.44949 2610.83321 35.58912
49 98.00 2781.66758 1346.46187 2035.48022 2885.28817
50 100.00 2048.62893 123.05285 2753.13642 1912.27245
51 102.00 2868.55097 1295.35764 2754.12605 2575.06702
52 104.00 1004.90222 801.26345 294.83037 1963.02984
53 106.00 1173.46129 2319.45305 2247.27274 2202.94037
54 108.00 1766.17287 584.77705 1012.21981 2070.83499
55 110.00 539.74996 1642.83767 2018.40558 2495.06850
56 112.00 35.88423 293.09628 311.72185 1337.82661
57 114.00 658.24898 849.89106 579.23859 71.10142
58 116.00 275.82385 2815.51640 1969.81656 2506.37741
59 118.00 2851.46688 1914.24866 2124.22532 359.93133
60 120.00 2569.32247 389.72176 1969.18389 2699.69165
61 122.00 1698.20641 2901.49653 2688.00489 2086.96090
62 124.00 760.00722 1400.86673 2808.54618 1916.34152
63 126.00 2768.08617 829.15069 1280.95020 2710.17448
64 128.00 2309.64153 970.21238 485.89809 221.99118
65 130.00 2331.31785 1148.39701 997.96421 180.17594
66 132.00 2866.81710 793.99456 1321.72450 1475.16536
67 134.00 2785.75889 1830.90565 535.32651 1476.17188
68 136.00 431.61780 2306.12197 655.15949 1930.01450
69 138.00 2737.82767 2146.20095 309.86135 218.75851
70 140.00 1714.03368 751.78905 1337.64616 2689.53718
71 142.00 446.56283 1921.00581 2798.68117 1993.81751
72 144.00 799.30944 2100.16560 2713.85263 1723.92076
73 146.00 1546.14901 2819.73322 1472.03836 1308.17300
74 148.00 2532.14746 2342.81111 2356.14512 1620.38615
75 150.00 9.92208 2862.46604 2453.92998 1446.19902
76 152.00 1701.73166 2805.12656 1076.75498 2045.50721
77 154.00 1201.84440 1896.81758 2876.47166 272.00092
78 156.00 1603.87889 2882.77657 241.37035 1378.91806
79 158.00 2299.52427 1943.37772 529.85491 117.99355
80 160.00 1152.49103 573.00948 2087.64684 2689.38209
81 162.00 1891.85117 1077.78336 254.58745 1898.37381
82 164.00 2205.97255 419.82886 579.27816 2159.21710
83 166.00 1778.83629 1467.69765 188.97789 1621.65614
84 168.00 923.19264 1601.82014 2502.75088 1347.92183
85 170.00 2987.50088 111.12804 168.16336 2363.33560
86 172.00 128.44360 354.56133 2421.31112 2001.94925
87 174.00 1375.11109 2034.23347 2622.76618 446.86089
88 176.00 1738.03714 2774.44744 110.63300 424.77142
89 178.00 1961.49458 1413.65891 2754.05723 137.40508
90 180.00 2103.89043 391.61320 516.74703 149.87399
91 182.00 922.01200 2381.09131 1368.55378 512.06816
92 184.00 1773.12747 2453.40053 318.99360 1491.43049
93 186.00 2397.52567 661.71757 2413.36059 1278.63439
94 188.00 2434.56309 2946.57826 2035.19351 972.70482
95 190.00 2927.55981 1727.90103 411.98821 2509.28128
96 192.00 2379.30501 2292.68365 1779.25576 1006.51118
97 194.00 362.23647 423.71041 1245.46297 2088.88736
98 196.00 1660.22319 1315.98364 2777.02659 122.09668
99 198.00 299.90355 2542.10013 1837.32452 2332.98491
