3
50.0
30.0
3000.0
4500.0
0.2778
100
0 0.00 2736.50089 72.00261 1281.40630 442.12953
1 2.00 1966.09379 677.65318 2636.97031 1154.23142
2 4.00 2652.67174 2468.35461 337.22601 508.67718
3 6.00 330.40696 305.20876 2867.54721 1071.92371
4 8.00 1847.09030 355.05291 2769.95882 2759.62081
5 10.00 2686.75947 1813.51915 534.20333 1591.44192
6 12.00 1798.83445 2038.29994 450.66011 2001.82015
7 14.00 904.69130 2452.68763 1045.15705 311.76769
8 16.00 2748.70307 1985.19515 2798.64550 2432.15824
9 18.00 2133.92005 229.10848 6.53629 2799.28485
10 20.00 445.92884 1967.56237 960.76801 1171.79872
11 22.00 2164.03039 2356.63828 1435.29604 201.94090
12 24.00 1733.52864 2878.75594 835.42843 271.34106
13 26.00 2984.31505 545.61701 1155.05219 957.94734
14 28.00 1271.49621 2080.26250 1241.83304 2380.50477
15 30.00 1000.39544 2406.42279 1961.86267 737.72436
16 32.00 1255.97889 1491.30688 1601.31194 1597.42330
17 34.00 2464.21259 1153.88176 1742.89181 1265.52228
18 36.00 1733.62932 2080.49686 2244.85050 2109.27994
19 38.00 705.57921 8.59832 2981.71594 51.46395
20 40.00 1675.12340 2872.84731 2762.71230 178.73217
21 42.00 1048.04260 2546.25450 2600.31753 2457.03136
22 44.00 884.09186 432.42073 2559.93662 2915.45880
23 46.00 2738.86173 727.49223 2483.46542 167.59700
24 48.00 413.40394 2886.15596 2111.88857 1132.38235
25 50.00 79.04065 2894.73958 1115.05269 2104.20529
26 52.00 1988.24196 221.31089 2512.31158 2611.43093
27 54.00 90.55719 1095.73265 236.97988 231.19589
28 56.00 1707.54946 2441.13378 449.15167 547.27353
29 58.00 2230.67382 2244.32137 2095.69178 898.52309
30 60.00 1234.56745 1012.01097 2344.19072 2085.74107
31 62.00 860.30721 467.66201 2643.47143 96.35732
32 64.00 2253.39879 1509.88627 32.60273 2498.04028
33 66.00 2039.71063 2627.92954 1662.46776 2488.55469
34 68.00 2757.45069 1505.61731 2128.05845 1271.01078
35 70.00 470.40191 2919.36699 1564.50313 2933.77885
36 72.00 375.40007 635.59273 1857.13128 656.71924
37 74.00 551.08132 2237.98721 1677.88286 2525.13897
38 76.00 2449.67651 1405.30829 939.56898 1925.67250
39 78.00 2481.76104 494.47308 2410.01778 1939.94159
40 80.00 584.19177 325.20265 233.42573 1809.57050
41 82.00 2539.82782 84.14658 846.62079 1624.70374
42 84.00 195.95750 1791.33227 2269.56432 927.36034
43 86.00 1655.07413 1915.16688 97.10038 807.50404
44 88.00 2929.98944 1694.39044 1691.21797 2370.67711
45 90.00 137.04184 943.74088 2830.52742 25.43619
46 92.00 1069.94743 847.20654 1194.40917 584.65112
47 94.00 2255.52681 2177.06437 2921.55223 2107.97043
48 96.00 292.13951 1221.85968 2224.35403 303.00865
49 98.00 2422.48300 450.55997 1761.52653 1146.33520
50 100.00 1759.07461 2556.08129 870.35814 454.61343
51 102.00 1389.31867 2655.61162 279.87260 2155.38812
52 104.00 2653.20620 2422.42810 1962.66045 2306.47715
53 106.00 483.14108 2891.00208 1548.90239 2186.16192
54 108.00 1954.18475 2790.68161 1024.24587 2356.05558
55 110.00 1017.06213 1080.94907 2567.85766 1292.70434
56 112.00 2672.03979 2322.52500 1162.90282 626.46192
57 114.00 1831.16170 224.99487 457.20422 1883.36894
58 116.00 1492.56847 2414.17933 427.86756 2611.37244
59 118.00 1641.40816 2906.84136 2344.33655 261.50305
60 120.00 282.34198 941.15610 2802.16791 484.41745
61 122.00 840.35197 1089.98480 267.68772 537.55876
62 124.00 2315.82153 773.83230 1419.78286 768.07891
63 126.00 2629.97361 1950.87625 421.34173 371.89867
64 128.00 1706.20035 118.77792 2577.00977 1202.81764
65 130.00 2571.00288 2751.42035 386.95272 1100.19680
66 132.00 2534.50693 2856.13488 1121.04929 2046.60269
67 134.00 1517.82729 788.48230 2626.60937 2047.66676
68 136.00 1861.84117 1931.60036 2223.12768 734.45036
69 138.00 2463.70511 23.82884 2559.17935 871.98180
70 140.00 474.61741 1197.84126 218.93603 1164.66900
71 142.00 1386.83572 280.50936 1397.63279 1927.45345
72 144.00 2700.37955 1394.55899 257.46764 2195.33437
73 146.00 2752.38106 2767.47225 2304.64995 598.41300
74 148.00 986.16191 951.85459 2989.31470 1458.88505
75 150.00 2106.87252 1428.65841 835.12519 114.84702
76 152.00 467.22335 1409.90264 1920.64915 960.55986
77 154.00 93.96976 1803.23224 1140.85447 2809.37900
78 156.00 1084.47828 1290.32922 1420.22892 162.23255
79 158.00 2604.06181 2857.93503 2051.01432 809.54433
80 160.00 1907.06188 250.77385 207.77715 1215.20544
81 162.00 895.01041 2136.62011 2613.86739 1574.33383
82 164.00 2008.93320 778.34168 2491.64727 277.32378
83 166.00 2704.92521 1026.05744 2259.52815 493.59984
84 168.00 1047.82878 1257.30323 1426.49825 2066.49148
85 170.00 482.06748 2090.07026 1064.07713 2078.70431
86 172.00 1167.41390 29.79453 2349.21712 1791.38592
87 174.00 233.42614 2003.88747 1849.53712 971.19772
88 176.00 2959.10384 2816.90718 2228.50904 2210.15786
89 178.00 949.54587 451.51884 1375.97720 442.45976
90 180.00 2592.90405 340.82063 2909.92837 1219.15991
91 182.00 1562.07509 11.03067 1351.67690 2497.53248
92 184.00 377.15162 1347.98595 2908.37253 292.33816
93 186.00 655.86832 2937.09597 1260.52833 1638.25868
94 188.00 498.30308 1132.66971 1044.25666 2857.13064
95 190.00 2915.23352 1730.50929 43.11305 2441.33805
96 192.00 48.57381 2689.96474 1506.25560 2603.27445
97 194.00 2097.95144 1946.73503 1367.99246 1231.16043
98 196.00 1056.63366 1627.40105 1569.50947 2295.24342
99 198.00 340.14000 527.44142 1285.15084 530.68548
