3
50.0
30.0
3000.0
4500.0
0.4475
100
0 0.00 1019.00813 708.99954 1604.93400 2424.88751
1 2.00 1811.62166 647.84168 1642.46669 1126.31313
2 4.00 2827.81452 1525.56096 1745.65339 2697.64406
3 6.00 2411.11747 828.33292 2884.33479 932.97522
4 8.00 160.26133 287.92345 1541.74090 504.36407
5 10.00 2261.97826 487.54073 161.92302 1653.59952
6 12.00 1845.12572 1609.96373 1875.81617 2516.04798
7 14.00 685.91539 1987.45608 466.46118 755.88606
8 16.00 832.27292 1461.82407 836.28337 634.26755
9 18.00 395.03728 2247.91822 1574.70188 329.11872
10 20.00 1264.38054 2860.45895 1079.70463 1807.33041
11 22.00 588.84925 30.62364 379.59898 1881.90834
12 24.00 39.13730 108.34704 623.57294 152.12301
13 26.00 2811.31385 2087.63565 657.05256 393.60164
14 28.00 2150.81856 1494.08107 2551.45946 381.57635
15 30.00 2627.43156 731.09777 2153.55700 124.28650
16 32.00 2330.53828 391.92833 280.61115 1006.39544
17 34.00 141.10450 760.39697 591.12436 2046.54580
18 36.00 2474.63536 1033.30305 2379.14158 692.42737
19 38.00 2484.53042 1370.75417 1067.57677 2709.28009
20 40.00 287.86141 1611.80722 396.05750 213.11299
21 42.00 68.75328 485.69738 1794.64486 1247.13172
22 44.00 2650.38118 2057.36317 2226.88906 1409.02938
23 46.00 1134.36033 1824.35538 2581.80182 477.36406
24 48.00 2247.22255 1592.65779 357.99491 2355.47458
25 50.00 791.01194 2526.44057 2225.62215 2463.53388
26 52.00 200.64250 1161.29812 486.60708 1702.46726
27 54.00 2404.37532 609.07218 355.54633 1460.54363
28 56.00 1503.26163 1100.67747 1671.54014 1105.72321
29 58.00 2523.71568 2524.30382 2722.23353 1381.51373
30 60.00 2259.42877 2672.77421 1149.49414 2101.27863
31 62.00 2789.58466 252.33801 1536.43497 1181.14917
32 64.00 1085.01151 909.59009 860.81917 2289.20120
33 66.00 764.20715 1968.08126 1322.92581 1294.45554
34 68.00 2939.08970 2054.57343 1813.97748 565.69354
35 70.00 674.15919 1250.49679 25.60842 1941.66969
36 72.00 1130.78645 1360.84602 388.42731 506.82991
37 74.00 404.06890 2646.19260 352.41343 886.55314
38 76.00 440.57416 649.32643 1232.80698 412.33630
39 78.00 2486.24595 1030.56800 1963.63808 2086.27902
40 80.00 799.66516 453.91674 2037.53341 2550.45107
41 82.00 1908.69666 2864.87934 1601.40283 1478.97693
42 84.00 2958.98604 2851.11303 1853.09775 2219.71588
43 86.00 2790.91547 442.55672 720.30624 933.40471
44 88.00 2461.98183 253.90617 1802.35540 2048.09485
45 90.00 791.00915 603.03959 1016.50643 718.26582
46 92.00 401.93371 2897.08127 2967.97170 2841.70410
47 94.00 2922.32495 559.97698 1096.89990 172.80957
48 96.00 1594.88626 674.73854 782.22614 606.92064
49 98.00 2445.70957 2426.75044 722.65689 236.05674
50 100.00 2503.36149 2545.01846 1587.00600 1217.00337
51 102.00 1121.58615 2156.30392 1109.38480 1400.71345
52 104.00 2183.29262 2748.41281 1691.14646 805.68897
53 106.00 992.47551 1360.59423 1760.47955 2684.74347
54 108.00 2392.46289 804.75349 2316.26605 2704.46335
55 110.00 1907.18350 2840.96832 1081.47783 719.78750
56 112.00 1112.15648 1416.56441 2571.73905 1179.08239
57 114.00 2793.57992 1783.94170 1508.36926 2886.82539
58 116.00 190.74642 625.86522 841.07159 237.23596
59 118.00 1029.77265 1109.81727 1606.45928 2724.77619
60 120.00 1718.05958 2775.87910 2810.53950 2751.19509
61 122.00 919.04849 262.61508 1025.07147 2281.25347
62 124.00 1787.83364 969.28951 2819.85416 1727.14974
63 126.00 1191.22466 2532.71850 545.17157 2560.34569
64 128.00 718.58738 1359.60100 2942.51222 410.12659
65 130.00 1103.82818 2152.21340 2961.89739 797.08527
66 132.00 1154.41789 2799.37554 857.74568 2993.08874
67 134.00 2860.97083 1951.99546 1750.56363 743.43712
68 136.00 2691.78187 2822.87591 2449.73405 902.99228
69 138.00 950.20466 926.83881 2155.18297 167.50962
70 140.00 1699.71374 660.03215 2310.95967 678.01642
71 142.00 2883.15166 2042.00886 54.21592 1602.47372
72 144.00 2058.77532 365.94577 2820.44004 2465.85491
73 146.00 2759.25764 426.26624 360.74176 1105.08102
74 148.00 1646.94838 277.13426 2797.59601 842.55397
75 150.00 469.25524 1088.24432 2908.38304 838.08045
76 152.00 2688.78349 1298.83671 2717.53068 2392.53144
77 154.00 779.28477 2532.42460 1951.46055 2036.13783
78 156.00 145.82829 1491.66026 1928.44744 490.80193
79 158.00 1944.31425 2447.60365 75.94522 1587.11029
80 160.00 2389.89791 2625.93624 2461.06737 667.69320
81 162.00 1334.12872 1358.89904 1731.91415 1200.91500
82 164.00 971.74140 564.90083 1404.09174 334.42536
83 166.00 2733.08022 1937.11649 139.92403 2289.57637
84 168.00 2100.79788 2445.87328 2441.01420 2797.28708
85 170.00 188.64542 2782.71472 1102.46292 1947.23148
86 172.00 1974.85589 136.89085 75.95173 455.94919
87 174.00 2569.00459 534.54420 384.07070 927.56631
88 176.00 959.36583 1987.70421 2836.08912 359.74528
89 178.00 79.40927 903.37176 2902.97866 2076.89914
90 180.00 370.25369 2755.41911 2289.19149 1587.25979
91 182.00 1882.63957 260.53379 2980.36380 2725.29935
92 184.00 595.37845 594.34681 1867.30312 1053.19328
93 186.00 462.52409 2326.69635 528.03077 2162.53752
94 188.00 1802.79915 559.46109 2178.76305 2567.83559
95 190.00 2352.27909 1031.90819 2157.40948 2899.08063
96 192.00 1056.74667 2679.75394 1977.82165 639.62596
97 194.00 703.89386 506.92787 1919.80989 2312.57347
98 196.00 1328.08183 2097.93155 570.31233 1566.63740
99 198.00 1823.77115 4.27252 1090.77172 1421.04425
