3
50.0
30.0
3000.0
4500.0
0.2455
100
0 0.00 2872.25152 954.91183 2046.30299 1027.90577
1 2.00 784.08160 2258.08200 1358.15424 737.78485
2 4.00 2949.06584 1024.88941 1379.39802 1798.54100
3 6.00 47.62385 2075.53518 1939.32988 6.14254
4 8.00 1429.58685 2704.33498 2018.11921 1239.48910
5 10.00 2685.80453 2109.89903 2287.39572 1614.39436
6 12.00 2361.91570 1947.29183 232.56935 92.84256
7 14.00 2496.25159 2014.83923 2016.73774 1058.98420
8 16.00 2438.34374 2482.40051 1073.89722 531.55991
9 18.00 2303.89753 2091.09040 25.29413 1388.07760
10 20.00 2808.74355 1333.73297 664.56229 59.34501
11 22.00 843.40345 2764.19607 1073.46306 269.89956
12 24.00 1840.32813 909.53560 2153.42859 702.77383
13 26.00 1481.42601 1088.99754 842.26907 2713.52277
14 28.00 2120.90402 627.25896 588.26038 2463.37041
15 30.00 1188.25854 2609.74870 1707.30669 1482.03396
16 32.00 1655.35556 1979.51526 1697.12114 2047.15080
17 34.00 1695.42070 196.08188 384.73918 195.14796
18 36.00 778.87344 1709.70987 683.89553 1569.23988
19 38.00 2346.75813 575.55464 2033.93615 2975.85406
20 40.00 2078.95745 1598.82455 758.76322 1680.34793
21 42.00 1361.77837 2813.67111 1922.89886 2829.22267
22 44.00 155.58839 2816.27799 1297.64451 2985.31943
23 46.00 822.10679 2040.52043 1399.76018 1084.41553
24 48.00 2277.06514 2651.40732 673.64462 833.79909
25 50.00 1260.18621 1346.58449 15.47785 583.82442
26 52.00 245.42670 1715.45885 76.11582 2212.33254
27 54.00 2934.28683 1271.46077 223.32110 749.95248
28 56.00 493.44473 932.41757 1877.98406 290.17829
29 58.00 1439.89926 2424.17722 1777.59231 1878.89133
30 60.00 1002.90761 751.22841 323.52196 715.07764
31 62.00 1022.40590 163.29858 1000.76537 2382.33336
32 64.00 2830.64273 2327.24842 1858.69967 2292.29571
33 66.00 1876.04627 1736.80341 256.60410 182.06084
34 68.00 100.03103 939.83830 2543.07643 195.08466
35 70.00 382.60737 2757.34736 1325.75521 904.41322
36 72.00 1878.55564 197.37078 2032.69337 1677.77415
37 74.00 884.75031 1144.36645 287.49075 2255.89007
38 76.00 699.33595 1798.72756 1979.17209 31.81964
39 78.00 1151.76007 2385.49403 2639.81450 1857.69166
40 80.00 1018.84942 2812.75456 2348.78741 1362.23029
41 82.00 984.58101 577.44395 308.06896 1785.52532
42 84.00 202.63342 2368.24927 580.84363 1719.63640
43 86.00 1912.09121 768.85831 1263.02101 2173.86911
44 88.00 1333.87294 729.45743 2391.07675 181.47355
45 90.00 935.00057 1307.54438 2879.22405 2263.12091
46 92.00 933.56472 2655.66573 2326.48699 442.22719
47 94.00 926.02324 1028.70095 1106.48999 24.24553
48 96.00 1759.31974 2034.90112 171.95294 1521.32360
49 98.00 2505.52479 2576.10662 1266.18342 586.22139
50 100.00 601.11571 2725.50066 2355.79142 1024.65577
51 102.00 2003.58042 2084.34473 2945.76977 1799.28691
52 104.00 993.43630 1735.23225 2889.19467 1848.30941
53 106.00 1256.08587 486.83996 1362.90628 2367.57416
54 108.00 126.57645 658.21764 11.09122 669.07527
55 110.00 690.82203 1871.76005 717.05712 2203.75853
56 112.00 2857.76469 994.54533 2220.24416 615.94908
57 114.00 552.73354 2969.63413 1088.45144 221.19347
58 116.00 90.05277 345.56788 871.72865 583.21033
59 118.00 1757.05918 2296.59820 131.71448 89.05672
60 120.00 593.47498 522.43983 2656.14669 2156.51002
61 122.00 1019.45248 1663.51487 535.62429 64.47608
62 124.00 2528.64426 2731.94685 62.98128 2032.35714
63 126.00 1136.76827 2362.24224 332.90703 2808.34231
64 128.00 915.21713 720.44980 2428.46331 1982.72615
65 130.00 2823.48527 2931.30554 2993.08474 2644.99139
66 132.00 2635.16351 196.13256 433.29674 2772.46640
67 134.00 2384.69435 575.04388 1134.58659 1122.76591
68 136.00 1798.64749 2930.94462 733.64892 138.58558
69 138.00 1848.08402 567.30649 1606.40503 2368.76337
70 140.00 983.04181 159.77693 2386.83576 2618.55448
71 142.00 2554.50792 2905.15292 2657.50286 627.71272
72 144.00 244.22311 1412.00188 1990.50660 194.61912
73 146.00 1525.84142 2253.92411 1935.21469 1527.47555
74 148.00 1495.76333 1392.80183 965.46940 1121.63616
75 150.00 2083.52902 2146.94962 1484.37608 805.00638
76 152.00 1202.83821 2763.55567 1751.94786 109.81346
77 154.00 658.57885 609.00149 2589.50479 1187.69993
78 156.00 917.99711 2666.12679 1714.11116 2806.49672
79 158.00 1122.32207 1651.65592 402.99095 252.08445
80 160.00 1333.51595 1054.72485 1751.88667 1395.75933
81 162.00 1863.37746 1278.30703 1402.65297 1226.85833
82 164.00 2413.51340 951.06128 1147.11278 538.69719
83 166.00 701.37120 1936.06456 1077.27881 247.25553
84 168.00 2527.81017 1538.37297 1930.96320 2357.61989
85 170.00 2779.81776 295.22733 214.04603 114.84416
86 172.00 600.91979 589.93897 987.72388 908.14675
87 174.00 2446.69434 2050.61799 823.39367 2116.92791
88 176.00 2993.98712 2995.21529 2257.15007 2219.46302
89 178.00 2737.14759 25.60164 898.42246 2466.92657
90 180.00 2349.38476 1211.43342 1217.27545 1739.86134
91 182.00 1965.92552 1416.01198 1537.94092 2283.48161
92 184.00 447.84343 1192.51586 680.77891 2247.41123
93 186.00 1423.31476 1547.47605 2357.92394 2272.86390
94 188.00 2167.53105 1384.20341 2375.74467 939.22450
95 190.00 563.53966 2310.39320 2093.82381 628.75426
96 192.00 1349.91581 1675.34045 1124.10050 1732.52535
97 194.00 385.03692 2830.06200 29.04346 2431.20415
98 196.00 2502.89664 1019.46673 1257.44195 2057.28842
99 198.00 1210.10615 2335.93021 1612.81202 978.23854
