3
50.0
30.0
3000.0
4500.0
0.1566
100
0 0.00 924.92315 795.02378 359.74067 472.84613
1 2.00 2058.16453 2479.16006 2090.63395 120.98942
2 4.00 2507.77425 983.38098 273.63871 744.65637
3 6.00 1067.22827 1540.37903 2031.55013 780.50038
4 8.00 2972.02986 93.24628 1213.17668 1356.60351
5 10.00 2244.23534 749.55788 1386.12975 2411.69026
6 12.00 419.37912 35.87077 2491.11700 2947.70171
7 14.00 392.14571 2471.02025 1116.71923 1890.89265
8 16.00 1934.05505 1746.97140 776.46196 2438.24127
9 18.00 65.40055 193.41611 2707.48825 1330.29397
10 20.00 386.37465 2715.23391 2488.06853 994.64967
11 22.00 128.08896 1382.98477 503.96763 1721.65260
12 24.00 2465.05620 1184.99606 88.44688 2049.63875
13 26.00 518.42164 644.14832 561.45334 839.56366
14 28.00 2650.27140 103.94833 1857.52965 737.35434
15 30.00 885.31549 1235.97662 1652.06600 182.93721
16 32.00 839.32796 411.70805 598.37342 2653.95755
17 34.00 1577.44217 1892.26317 2406.50425 2384.53873
18 36.00 2968.21085 2345.74730 1077.33633 1633.55342
19 38.00 1454.03846 2738.03105 1507.17977 1165.14382
20 40.00 539.44762 956.63270 657.06056 2687.29434
21 42.00 2335.61484 175.77369 2974.59397 1588.29688
22 44.00 2300.52651 2998.81724 2921.93959 300.40301
23 46.00 1970.59326 799.58100 2448.85548 2751.77845
24 48.00 167.72597 2989.17615 658.23476 2539.51527
25 50.00 2392.17206 1064.41390 2517.66676 2535.66271
26 52.00 528.30110 1777.55853 2418.63068 2092.87969
27 54.00 2741.94001 84.61971 2101.68241 2842.67621
28 56.00 1690.81946 1689.32667 564.70099 2964.01863
29 58.00 2644.87908 1476.68017 927.15922 1471.30926
30 60.00 270.77213 697.87007 656.42683 1579.34554
31 62.00 2.05049 2753.68856 604.39315 391.46864
32 64.00 2150.81290 2756.34236 2532.85226 970.76643
33 66.00 65.73869 1759.82753 2751.67244 2323.09950
34 68.00 2539.44266 2582.00840 2881.67625 1120.77234
35 70.00 2825.76964 1186.78669 303.09651 905.29546
36 72.00 409.35501 472.51166 2846.08060 2375.52757
37 74.00 2881.98630 1947.54080 522.60801 2906.22869
38 76.00 2080.68119 2786.53563 2360.97538 669.71164
39 78.00 1766.85047 526.05489 920.46969 2065.49532
40 80.00 382.04509 2186.49287 2846.36431 2846.09448
41 82.00 1174.80428 2982.84939 2895.55182 97.14823
42 84.00 1807.16600 2763.11465 2902.59506 662.68575
43 86.00 1696.65074 2810.06338 421.93010 2236.02998
44 88.00 713.98778 2947.13896 503.66225 2655.96076
45 90.00 266.17804 2126.89744 1917.30806 2659.96055
46 92.00 1339.88980 795.63732 748.62259 203.38434
47 94.00 769.97382 324.10380 3.84347 1157.81129
48 96.00 2197.75348 2907.30548 2653.65599 1479.24598
49 98.00 1136.13772 1638.07190 304.28568 1438.46775
50 100.00 2592.15216 1952.90869 2061.48121 487.96954
51 102.00 221.12817 2537.28745 884.72584 956.15072
52 104.00 2854.98639 222.60121 510.31561 1126.37365
53 106.00 2195.95526 1641.13878 2694.37252 279.31406
54 108.00 1782.09163 1840.93418 1448.21036 92.97961
55 110.00 2827.32677 494.99158 2669.25981 471.31133
56 112.00 303.77343 616.65143 569.95277 2091.59011
57 114.00 2166.11431 2189.92202 795.79431 844.56922
58 116.00 712.64485 148.90633 1715.30942 2519.56351
59 118.00 460.76980 1082.48676 1282.81787 883.64835
60 120.00 1986.06068 1800.64658 599.02440 77.20708
61 122.00 512.49658 875.43440 245.80828 2531.30722
62 124.00 925.06020 1192.40205 1467.29044 1983.12016
63 126.00 273.41063 1632.37809 554.64366 2656.47808
64 128.00 1108.20499 1337.32581 789.88790 1395.17387
65 130.00 678.72684 805.68598 184.91811 2256.70543
66 132.00 2002.40538 257.12194 1031.37416 1624.34702
67 134.00 2912.11661 1769.17933 1660.80572 2522.39150
68 136.00 2455.21564 1255.89622 1606.54324 2600.68204
69 138.00 1424.47316 2644.96161 1428.78684 236.86515
70 140.00 2708.33160 2142.91710 1506.30441 2701.36518
71 142.00 2401.35101 2032.60466 1860.81934 360.84562
72 144.00 2271.56627 518.63692 2953.10397 2916.49464
73 146.00 2425.38216 378.55800 1270.12470 2964.83981
74 148.00 1306.17974 2991.80768 1881.67864 2502.32436
75 150.00 773.65908 2732.41346 2742.52181 201.03586
76 152.00 1164.29746 1192.06498 978.38042 828.60246
77 154.00 1374.47154 2620.39876 2359.65192 1869.17379
78 156.00 1567.68603 1258.78150 1243.32720 444.59922
79 158.00 1763.80240 2275.13216 2818.94995 2774.78450
80 160.00 1688.05128 302.97133 858.27856 1606.90044
81 162.00 1031.60754 1232.67011 1149.13042 1456.75438
82 164.00 1826.88646 112.39701 826.24243 431.55801
83 166.00 1825.96579 2080.98376 116.34760 2668.72264
84 168.00 994.48223 712.73788 2237.24946 2762.50495
85 170.00 2691.09409 60.69867 2452.15778 909.16486
86 172.00 841.03996 1474.85764 2088.54853 294.65217
87 174.00 2606.70008 403.15656 2922.65827 1329.33184
88 176.00 2477.47000 808.25994 1250.31818 1936.66443
89 178.00 563.80707 634.17151 2471.90830 2222.83440
90 180.00 2278.47989 2601.56691 2463.05218 1545.80911
91 182.00 476.91733 933.36928 1520.38583 406.94946
92 184.00 2553.88602 2637.99777 86.84448 578.29034
93 186.00 2498.78980 2510.93003 748.47078 1369.34600
94 188.00 2754.09321 2113.90184 821.93250 2470.51888
95 190.00 1515.37912 1906.22943 371.61858 91.68958
96 192.00 1117.40028 1782.13078 532.75108 2611.44232
97 194.00 1760.64075 1049.27970 490.54084 2683.47576
98 196.00 2246.88340 2066.55161 855.20813 1159.69701
99 198.00 488.72222 1716.77418 2894.75283 2571.33356
