3
50.0
30.0
3000.0
4500.0
0.5040
100
0 0.00 2645.50764 1499.43436 1017.00278 764.07315
1 2.00 1309.00257 230.92332 2113.39111 82.86375
2 4.00 2493.52070 1580.90623 441.48773 542.78303
3 6.00 630.17367 1207.32361 2511.88005 1366.32500
4 8.00 618.72615 178.90890 528.19115 2831.07883
5 10.00 441.67512 309.86233 2284.73018 2507.74984
6 12.00 2490.39688 1953.74648 1470.28726 1820.24186
7 14.00 2906.13602 319.82386 493.14503 2338.31344
8 16.00 472.84387 2649.12264 1115.84674 866.85035
9 18.00 2511.44914 1212.44494 1660.37688 97.14582
10 20.00 527.16426 310.69607 1274.49370 1735.75453
11 22.00 621.99103 2569.43368 537.51357 88.76393
12 24.00 540.54853 1239.62601 2883.24331 1705.91669
13 26.00 1648.77914 286.96608 2937.89497 798.42322
14 28.00 2035.82479 805.91287 2486.47577 181.65007
15 30.00 1639.10155 2605.05460 1351.73085 2650.61422
16 32.00 2278.41964 2764.77345 2418.67029 241.15521
17 34.00 2771.55271 1336.94467 2335.59714 2664.51677
18 36.00 2055.75266 2824.08690 873.61590 594.85353
19 38.00 554.24895 2505.39220 550.61943 2750.46103
20 40.00 1130.20535 671.63027 339.39738 2425.01974
21 42.00 479.72905 835.91117 1330.80378 2936.66375
22 44.00 2747.63937 15.98812 666.87720 1688.46493
23 46.00 2224.29881 2268.69625 975.28918 182.59672
24 48.00 2642.92921 1847.34669 1838.24450 2959.92204
25 50.00 975.14997 2096.64246 656.95148 1814.13382
26 52.00 381.66168 2102.14301 2973.91945 1479.76886
27 54.00 1622.75442 261.01991 2684.42303 353.61883
28 56.00 1162.85009 1044.18503 143.27400 2924.82063
29 58.00 1689.63673 1287.71389 376.31593 1291.34125
30 60.00 1259.34390 1185.39856 993.38306 514.93642
31 62.00 2589.03791 1658.89430 911.16720 2931.69147
32 64.00 1764.33631 794.32497 2246.75570 1759.15238
33 66.00 70.18477 2168.35787 1516.99648 1638.39473
34 68.00 904.05788 8.36765 2244.55106 2981.15192
35 70.00 2260.61206 2539.46259 65.10120 133.78455
36 72.00 30.68869 2144.60523 309.84822 2879.49159
37 74.00 2533.32717 1785.06558 497.71185 2314.94169
38 76.00 2712.35506 2329.88852 2833.48943 2646.35013
39 78.00 714.58983 97.72330 777.14419 1717.26695
40 80.00 103.78436 675.51166 2696.25678 1045.48772
41 82.00 577.28553 618.86991 19.68162 503.31814
42 84.00 1072.56266 122.21101 2428.76249 2717.60460
43 86.00 2416.08196 1032.15739 2920.27632 340.56631
44 88.00 2654.20871 678.72626 1012.93387 985.68239
45 90.00 2153.74054 2692.38634 678.10897 1214.46038
46 92.00 1512.88092 1663.15200 1680.78641 2085.42781
47 94.00 624.45374 580.92313 2327.29452 578.24432
48 96.00 486.60362 2549.40565 1182.34274 489.63414
49 98.00 1280.26421 21.72739 1612.21091 1040.45886
50 100.00 2239.86321 1615.09746 1935.32843 367.34654
51 102.00 2494.95987 2365.98042 2257.97576 271.39760
52 104.00 2639.11147 172.59663 2340.22724 2254.07053
53 106.00 1178.46540 2723.02057 1835.18559 1844.36421
54 108.00 2854.13654 353.71319 728.18059 1489.23892
55 110.00 594.26375 1443.36635 926.97002 1115.08578
56 112.00 480.15934 2719.24333 1151.79234 1785.89268
57 114.00 2600.89267 1922.75170 1699.07164 2705.06113
58 116.00 1025.69348 2957.95103 293.36674 397.31726
59 118.00 1186.56965 228.04058 687.24002 1444.85274
60 120.00 696.35740 1202.34682 2832.46235 2564.91271
61 122.00 822.20843 955.50576 2003.33938 1526.08783
62 124.00 2753.42862 755.62355 308.65685 2717.11873
63 126.00 2103.65856 2671.06870 1277.17033 1345.70662
64 128.00 2299.35764 79.34911 1713.24569 475.01758
65 130.00 2225.48009 1599.13831 805.73908 2623.67978
66 132.00 811.44635 573.15559 2115.45161 188.38380
67 134.00 2073.24972 2580.17953 1063.87720 953.38516
68 136.00 812.71734 2159.38603 418.72204 1745.66007
69 138.00 315.20239 713.28835 2523.94865 1552.27417
70 140.00 1324.84980 2751.97619 1382.98646 418.97268
71 142.00 1398.41329 2921.47427 1123.08521 2223.74699
72 144.00 2579.90863 459.97627 280.27295 1635.76858
73 146.00 2124.58795 763.11702 2393.68504 964.00824
74 148.00 2795.31260 2373.65078 1772.10229 2207.86131
75 150.00 2907.38151 907.53335 1628.19463 1477.91451
76 152.00 1294.26618 1902.14206 2488.54444 594.82281
77 154.00 626.90880 703.43448 510.46659 1768.70334
78 156.00 1674.57006 1062.87045 1073.90532 1852.53366
79 158.00 171.47939 1020.87992 2149.23494 1996.53651
80 160.00 2880.10502 824.81135 2650.26123 1000.63061
81 162.00 1510.36854 2353.16391 2205.72266 1591.21442
82 164.00 2488.62699 1624.45761 2917.98157 961.91704
83 166.00 1311.72935 2381.20413 404.92705 2365.60833
84 168.00 53.96839 1523.74614 1193.69574 375.98787
85 170.00 1753.50319 504.84525 915.43069 650.11941
86 172.00 2340.41838 2624.68771 2211.34146 240.45930
87 174.00 1756.80670 506.31902 477.07194 550.70071
88 176.00 1051.08918 2264.94596 1599.85091 1058.00626
89 178.00 2387.44324 2801.47864 1217.20501 2270.79887
90 180.00 2966.57121 1341.66639 1657.41190 566.10884
91 182.00 2281.43713 2642.43566 1938.35724 271.91902
92 184.00 2837.29200 2378.75677 737.05163 820.58090
93 186.00 862.42053 1720.19302 1782.06494 2364.18302
94 188.00 1816.45361 1965.37277 1183.25698 2494.42583
95 190.00 1330.15207 403.13663 1195.50575 786.82861
96 192.00 2493.13245 1028.07343 2517.43039 2888.61916
97 194.00 1083.91952 582.61592 200.25993 2507.86161
98 196.00 1941.04772 56.28917 694.79796 224.61353
99 198.00 2211.97150 253.20658 658.81806 1112.20662
