3
50.0
30.0
3000.0
4500.0
0.4879
100
0 0.00 2875.30854 1750.17717 29.92919 1394.53902
1 2.00 1814.74559 90.07520 287.33907 730.18503
2 4.00 1000.61506 2393.82399 2897.09055 77.99059
3 6.00 1384.18461 1846.00781 268.42571 2257.90572
4 8.00 103.82187 1354.41301 480.74312 327.47124
5 10.00 1621.60760 1142.02424 123.76934 1527.94827
6 12.00 2653.79850 1965.25793 1486.84278 556.91361
7 14.00 74.85517 2470.88226 948.64006 2766.14798
8 16.00 2320.42194 2230.44454 2377.04154 2996.38084
9 18.00 332.87802 501.55162 2423.22924 2893.23912
10 20.00 1421.88298 18.86600 770.50596 734.63522
11 22.00 161.38074 2935.11232 2475.15768 2278.72881
12 24.00 879.40728 2359.55543 2707.17442 551.00138
13 26.00 432.67407 1943.83738 46.19026 1026.96366
14 28.00 644.02149 1763.13946 2265.98644 425.74822
15 30.00 2197.70515 2809.55765 2191.27610 1750.02313
16 32.00 915.27273 2469.87852 2393.50891 1423.38104
17 34.00 540.88357 1851.07222 624.73238 547.89467
18 36.00 1924.65839 1059.36673 283.12013 2768.84777
19 38.00 1410.97427 236.70842 1396.85607 2455.02355
20 40.00 2160.60029 72.31933 2912.02376 401.80958
21 42.00 2844.05579 2481.48373 1077.27089 1620.14969
22 44.00 335.84027 111.16614 317.30609 1724.91739
23 46.00 331.32032 2865.24787 1611.07221 2766.56205
24 48.00 272.75639 2416.26959 1621.47780 1213.81024
25 50.00 2272.34418 856.60732 1819.95092 1607.58188
26 52.00 1240.87164 1436.90849 1283.87964 2636.42453
27 54.00 2941.99425 2023.39354 380.70513 1390.82690
28 56.00 2997.38181 2723.56381 1500.59966 807.70284
29 58.00 1368.55954 70.90682 2247.60430 1314.96600
30 60.00 1972.04759 2929.26488 2930.16206 328.60638
31 62.00 97.58700 874.72776 2539.11233 391.88849
32 64.00 1311.54966 130.83628 1210.99177 2210.93116
33 66.00 2292.27388 2799.86990 2305.60481 2827.16297
34 68.00 604.80003 1823.78836 2191.08677 383.57265
35 70.00 592.14149 978.10607 691.38368 1620.99732
36 72.00 1529.58453 811.25706 2833.64674 117.21809
37 74.00 473.16101 672.00433 2896.39260 1230.65528
38 76.00 822.96316 562.47497 2143.24770 29.18503
39 78.00 197.75420 499.49912 2230.44095 1475.00393
40 80.00 2816.40127 445.15320 43.63445 2707.98713
41 82.00 4.47028 624.41197 653.41202 182.87851
42 84.00 54.52112 1556.99145 746.00046 875.07243
43 86.00 2142.95179 1209.91837 717.81809 333.68968
44 88.00 14.48775 1548.47392 1715.21186 2334.43477
45 90.00 2997.81697 363.95424 357.33286 2394.96365
46 92.00 69.42797 2864.83492 2551.18418 1153.44929
47 94.00 2258.90571 1883.32679 2461.19994 416.59115
48 96.00 1483.41635 2801.45642 2226.49368 1745.91681
49 98.00 1595.79762 2320.00312 2180.26707 2220.03791
50 100.00 1853.32775 1164.61375 1625.33106 2199.16578
51 102.00 900.60471 2966.97592 2852.86463 2828.40825
52 104.00 2599.80234 1642.83951 1440.08671 774.03966
53 106.00 734.83155 151.98659 2764.07807 2447.80694
54 108.00 2917.32251 1545.14997 2052.89077 747.12352
55 110.00 356.22210 290.34322 2505.09793 2859.27677
56 112.00 247.44581 288.36388 2647.14141 955.02229
57 114.00 1986.45840 1665.88789 1108.14007 777.41370
58 116.00 1503.74551 2277.68875 2888.55826 927.13776
59 118.00 2918.33521 567.33771 779.32271 2543.59327
60 120.00 36.11487 1089.05650 971.82581 717.52053
61 122.00 1238.61883 89.91398 964.95492 2830.34893
62 124.00 1821.62868 751.14857 1746.01400 2112.16090
63 126.00 2589.69056 1295.82731 444.80953 161.00554
64 128.00 175.68057 413.84454 2643.70373 2163.05320
65 130.00 2430.33994 2119.01991 1617.22460 274.80648
66 132.00 1520.98688 2761.95154 1957.85478 1540.01678
67 134.00 1789.39052 2301.17374 2904.43794 447.87544
68 136.00 2672.04875 422.21524 1592.63535 1502.39134
69 138.00 210.08338 786.23986 974.28502 407.82953
70 140.00 682.20455 2738.22812 1911.52044 577.96017
71 142.00 934.71911 2853.10491 666.80754 2987.23732
72 144.00 52.19053 883.97773 478.41108 284.10374
73 146.00 2314.76859 2851.25330 1654.98141 996.04668
74 148.00 1646.85615 2059.85591 2814.80433 1885.02536
75 150.00 2358.90534 2923.65850 1037.85471 53.69676
76 152.00 1996.67588 2676.76278 343.26678 95.12144
77 154.00 1393.94480 518.67912 166.14419 1279.41163
78 156.00 70.59489 255.75914 1684.67280 1567.11477
79 158.00 1374.84370 88.87415 2170.21885 2236.91283
80 160.00 527.34311 2950.82757 381.45681 2205.02429
81 162.00 2775.69076 1281.64709 1052.54245 375.28034
82 164.00 1964.59188 793.47588 1597.05481 1122.78378
83 166.00 1493.27547 1288.14966 2254.29029 673.16508
84 168.00 2444.69019 2673.61646 2740.33921 2261.75821
85 170.00 936.16968 2176.21829 2911.93514 916.38450
86 172.00 533.11307 432.97970 1319.41801 2962.72725
87 174.00 2556.39069 899.53727 2475.65228 75.45964
88 176.00 1866.11769 998.68888 20.53073 1497.66176
89 178.00 2230.56507 1877.76457 614.87346 2195.66699
90 180.00 1475.45427 446.70229 704.63534 1675.00281
91 182.00 1265.56724 1473.50711 1229.49693 507.23078
92 184.00 2820.60377 2270.58690 2248.35975 378.65281
93 186.00 1376.54191 2858.14217 1182.72327 2960.59690
94 188.00 1528.16383 2541.91204 2110.77712 1162.28056
95 190.00 1053.24717 2096.36992 1200.56809 457.92827
96 192.00 390.06604 2950.69523 2869.17800 1864.20348
97 194.00 1325.78938 2993.36936 2556.90371 1325.99351
98 196.00 2568.77777 808.68749 1870.63594 1419.91495
99 198.00 2489.60799 1987.17439 1734.54329 1917.33584
