3
50.0
30.0
3000.0
4500.0
0.8919
100
0 0.00 2322.90705 1685.26620 2679.86856 1751.74700
1 2.00 1344.22041 1532.78499 2512.09484 609.19444
2 4.00 1702.05317 452.56107 1108.89768 2552.31317
3 6.00 1808.19102 1126.42162 153.70207 1238.32830
4 8.00 1234.40305 136.10064 242.86091 905.00845
5 10.00 2439.05007 369.29477 1431.54496 1829.23190
6 12.00 891.23155 259.64568 1935.54138 1605.60677
7 14.00 2442.30451 1702.47666 2680.75963 1168.11359
8 16.00 861.49377 569.07956 892.44111 2903.76324
9 18.00 1049.83323 2080.02538 252.11425 918.70037
10 20.00 2217.71157 945.35189 2907.15443 2924.85295
11 22.00 839.84549 2856.97687 1655.77000 352.02224
12 24.00 95.18283 1629.14838 958.84372 326.58872
13 26.00 880.63865 2103.72104 2369.32090 2787.26039
14 28.00 323.36709 1343.23884 1651.77424 1436.76933
15 30.00 1232.55430 684.79501 2927.19288 2278.96415
16 32.00 386.18327 23.50443 466.96358 2474.07429
17 34.00 722.02831 666.05552 1554.43922 1894.06471
18 36.00 717.95047 1984.24404 1159.75568 2305.54884
19 38.00 973.18757 1831.74700 2141.12122 460.67942
20 40.00 48.46404 17.30322 2334.63646 735.47664
21 42.00 2505.12552 2750.72053 2786.63151 1286.22413
22 44.00 909.63742 120.31363 1498.93381 458.49577
23 46.00 128.47313 480.57672 943.43449 2201.07473
24 48.00 1817.92508 2857.09106 607.61175 1510.39671
25 50.00 1070.76990 2912.91889 1456.59397 1589.74736
26 52.00 2529.40566 2323.88814 2928.30399 441.70178
27 54.00 569.72182 2563.33369 1692.72080 88.62772
28 56.00 1826.11745 2979.51142 1626.02237 883.81428
29 58.00 1499.95554 1892.71397 1400.13763 297.82680
30 60.00 2077.18880 1188.52066 312.93786 1690.33035
31 62.00 1980.68506 2628.78920 1968.41863 2703.75642
32 64.00 2518.48620 1211.29503 1582.20512 2955.58751
33 66.00 521.60088 1946.74888 204.06338 1270.85440
34 68.00 2842.30184 1161.62163 41.31488 2325.10317
35 70.00 2696.16804 2560.55807 1512.59594 2724.21868
36 72.00 189.88676 2720.63609 1459.03088 140.84915
37 74.00 2180.73649 490.29154 515.57477 2015.95382
38 76.00 1132.29816 1510.74142 69.71221 1637.79468
39 78.00 225.23579 1348.76046 402.49338 1893.88797
40 80.00 302.58911 1833.43907 2358.54022 2980.21173
41 82.00 1328.59726 650.83125 123.86295 186.86498
42 84.00 636.38367 1676.29399 13.15375 1638.20513
43 86.00 2550.67586 2655.09342 775.43555 2724.98595
44 88.00 2958.23540 1652.94111 133.57821 2459.77688
45 90.00 2836.49956 2692.14284 1601.95251 577.19259
46 92.00 1249.43167 2387.74771 1617.55844 2753.81326
47 94.00 1373.60845 2208.68865 406.49247 179.63894
48 96.00 299.87654 210.73277 2987.47474 2063.22885
49 98.00 1267.07104 1267.49248 2181.38993 892.93351
50 100.00 960.52929 1919.90652 2652.42705 1429.60481
51 102.00 2051.25525 667.71136 72.88969 1496.09982
52 104.00 1667.34693 2525.59237 634.94198 1572.11399
53 106.00 2767.03861 1927.24540 1003.28423 2765.89990
54 108.00 723.63211 320.74611 1254.80469 2630.56842
55 110.00 1577.65363 1489.47474 861.99336 2686.00222
56 112.00 1000.90129 2864.04534 1459.83364 2851.36967
57 114.00 295.29222 1895.22027 1318.82662 2143.21599
58 116.00 851.11597 501.26546 2911.38489 2522.19434
59 118.00 2005.96557 1163.09262 412.57617 1441.42131
60 120.00 1806.86647 2896.43367 756.09356 589.17986
61 122.00 333.63362 2928.09690 477.14979 678.09536
62 124.00 2421.60049 1055.57081 2592.06434 1432.77813
63 126.00 1304.10118 96.07826 926.72353 42.10210
64 128.00 2731.28833 1562.56088 2144.94809 1202.92066
65 130.00 2690.63810 2291.92065 996.15916 1347.06235
66 132.00 1218.84721 1158.58513 350.53259 1843.37731
67 134.00 1457.33688 1986.61213 2527.49800 1028.83395
68 136.00 375.64519 2708.87648 1991.96588 902.09565
69 138.00 789.18529 1686.64960 1265.73257 1363.25149
70 140.00 1830.39719 1717.66139 164.49639 1389.67181
71 142.00 405.81241 2155.85047 1416.53711 813.92455
72 144.00 1300.36432 70.41275 943.30126 2320.54930
73 146.00 312.64041 1550.29212 1314.87905 2772.46682
74 148.00 700.15051 1221.46383 1612.63985 655.89367
75 150.00 709.78852 404.87585 608.66602 1609.17354
76 152.00 2251.87289 1574.21135 413.48005 1074.45455
77 154.00 2643.51816 1269.61677 1502.97919 1263.80349
78 156.00 1688.98946 2680.31974 2948.86930 181.18671
79 158.00 1081.20700 1118.77603 806.05550 1663.92461
80 160.00 1678.68098 936.46878 1471.83756 2778.16618
81 162.00 2118.10005 2497.29882 1738.86721 1231.25576
82 164.00 1443.12007 1880.68982 12.20129 1196.36609
83 166.00 156.86123 231.44748 2465.76779 1237.77207
84 168.00 856.10575 1171.08316 2483.86864 1756.41397
85 170.00 1301.81864 854.22929 2349.56478 1699.69956
86 172.00 2571.43747 19.06458 1791.87537 1289.06868
87 174.00 1066.85388 1998.02042 2619.01792 926.71690
88 176.00 2828.30253 2806.47595 745.85440 164.03628
89 178.00 1423.71118 1556.78209 806.29773 1200.41413
90 180.00 1963.57411 2607.55211 2181.53638 2586.58667
91 182.00 1952.44817 468.81271 2466.77099 2734.00126
92 184.00 944.37395 2464.03328 391.60105 1995.64202
93 186.00 1649.76942 1519.34045 2678.75416 2059.55527
94 188.00 2473.59015 169.49649 2321.18777 594.88520
95 190.00 327.02130 2975.56399 1120.54909 2322.38354
96 192.00 1199.59095 2659.88850 137.54700 1342.30339
97 194.00 1881.59465 2036.26674 1212.04903 2723.02951
98 196.00 2593.59169 2441.29355 279.61960 2006.83685
99 198.00 758.48246 1917.99096 1072.79896 2851.41890
