3
50.0
30.0
3000.0
4500.0
0.7141
100
0 0.00 2398.34206 537.46858 2359.86857 2564.89595
1 2.00 575.96583 1823.41684 38.95818 2434.23366
2 4.00 2548.57462 344.94447 2597.65960 99.47363
3 6.00 224.98763 671.83150 318.78674 923.84475
4 8.00 2901.05212 923.45305 550.28604 596.42895
5 10.00 2915.46026 1498.17408 468.85158 223.75728
6 12.00 2978.46860 1811.12663 261.09271 2592.02029
7 14.00 1573.72342 1181.34009 2400.68395 1153.42023
8 16.00 2457.81818 2469.94246 2476.55563 2112.10720
9 18.00 55.64451 2517.73696 2942.31122 1976.02115
10 20.00 1712.06041 268.68743 2943.72278 1443.62274
11 22.00 1590.94673 2766.41256 1144.26100 1839.29063
12 24.00 1716.88754 1385.36980 693.49932 1356.27180
13 26.00 2933.42485 1752.09999 1183.21038 135.16355
14 28.00 543.67632 581.01467 543.61279 916.65794
15 30.00 2023.88026 171.40454 1526.75163 1160.86175
16 32.00 1697.71210 2942.74736 2687.41541 2733.51456
17 34.00 1861.34966 1406.91736 1993.71915 2258.76445
18 36.00 1092.10821 2745.01631 1331.79422 586.40776
19 38.00 2304.66234 1466.67801 21.33903 346.89456
20 40.00 1006.92845 2033.48687 287.62478 2895.18965
21 42.00 2027.78210 616.80581 2425.12342 2190.47235
22 44.00 2550.14295 13.80707 2899.23539 1272.03160
23 46.00 1020.99514 1525.15837 2063.57982 2602.45131
24 48.00 2060.00145 1260.30298 188.50956 2783.69191
25 50.00 1571.23646 2020.65080 1422.84823 2825.29180
26 52.00 1502.86340 2958.93026 1436.54816 2489.85998
27 54.00 2761.29745 1773.48477 2487.83186 2846.67797
28 56.00 2747.41716 2978.57813 1232.16608 814.62570
29 58.00 1488.55267 504.64867 602.29368 1470.00670
30 60.00 2518.97135 1973.55874 2655.06244 2295.64527
31 62.00 1051.95052 1181.12428 2615.63276 791.51333
32 64.00 1004.33623 1333.34950 2224.24971 1155.03262
33 66.00 777.84886 1750.10239 795.23320 1327.85615
34 68.00 234.92030 1060.74967 1885.07142 2214.83014
35 70.00 825.22870 1330.05729 758.22475 959.14884
36 72.00 108.23672 1915.57836 759.56326 2323.95839
37 74.00 724.01260 1485.46496 1801.54736 16.68040
38 76.00 2174.92513 2037.67821 2244.11149 1833.42425
39 78.00 944.46172 680.97200 1871.23041 998.29848
40 80.00 80.95667 1322.77882 2444.22478 838.97315
41 82.00 2600.69881 97.61441 2903.51215 1574.93120
42 84.00 1123.79250 1596.28724 596.16498 1601.03386
43 86.00 2774.73857 1741.03768 559.58906 1821.48772
44 88.00 743.02396 1802.50685 908.83159 2220.99876
45 90.00 128.69813 2756.41001 2434.26731 87.52666
46 92.00 664.23289 627.09571 2902.77097 2626.42071
47 94.00 262.08337 3.92386 2639.73363 655.27022
48 96.00 2432.39361 2119.57160 2515.29307 942.67821
49 98.00 137.66869 2214.28361 423.45704 1082.89246
50 100.00 691.38293 1598.88908 1894.91919 1295.64377
51 102.00 606.27296 874.05409 1183.70456 843.39797
52 104.00 1281.12357 2074.97082 2993.41325 2861.75063
53 106.00 1182.28704 1295.65085 112.02816 655.23156
54 108.00 2571.33517 409.47173 1457.07726 2466.70825
55 110.00 1711.12900 1423.61112 334.37806 1783.90584
56 112.00 2347.67874 2126.13670 2273.71769 851.03146
57 114.00 2447.14945 160.11695 266.36381 537.11780
58 116.00 1467.69911 134.76190 2412.58207 330.52503
59 118.00 2621.55726 983.69377 1175.22048 2930.25965
60 120.00 787.11244 2643.45665 1427.32972 1901.54270
61 122.00 606.55377 588.93688 708.17703 2503.58038
62 124.00 1281.34860 790.75724 644.88861 964.29622
63 126.00 2586.63307 1113.61434 2117.44353 1419.17529
64 128.00 1770.12633 2565.03902 68.78069 2425.68581
65 130.00 1031.81502 2272.20357 1923.98113 550.27048
66 132.00 95.11297 2281.57902 86.97996 1210.46304
67 134.00 1583.57206 1002.36043 2268.65194 181.38770
68 136.00 255.58932 2538.41570 2098.79493 2040.60021
69 138.00 359.25038 479.76173 547.00023 2649.13862
70 140.00 1197.38046 284.55848 655.26419 329.36215
71 142.00 562.80974 1385.16217 1091.74657 1933.82347
72 144.00 1562.75187 892.78757 2016.51514 2099.64814
73 146.00 2898.09580 2727.68008 745.38143 1233.67777
74 148.00 1501.64601 26.94467 2749.99920 1515.07287
75 150.00 2937.63377 1467.83646 198.41453 134.61032
76 152.00 2407.93367 1213.38741 1923.53968 357.31666
77 154.00 89.88741 1281.94743 122.48758 107.43787
78 156.00 1365.20611 614.95482 1613.52583 1936.46204
79 158.00 1324.10238 2192.25323 1536.87096 588.83307
80 160.00 31.89013 762.91563 2524.27518 1053.80759
81 162.00 639.20019 2789.08974 985.68974 854.24481
82 164.00 2035.18016 2603.93005 2632.92274 1860.57321
83 166.00 1437.62657 1542.21822 1843.01736 567.42664
84 168.00 2600.61399 1662.24309 2457.50290 734.57439
85 170.00 1989.66081 1169.88100 2958.08443 737.11348
86 172.00 2844.66941 1284.06792 2232.61749 976.86608
87 174.00 1872.52480 2485.88878 2844.49599 2981.54167
88 176.00 2666.27245 1652.47767 1976.96709 2703.00021
89 178.00 2989.54653 1762.87097 71.86494 2987.54452
90 180.00 2915.15327 101.02295 1878.99993 1115.22772
91 182.00 15.23662 2139.73783 1026.83388 1269.97661
92 184.00 1874.98354 162.25521 2229.65150 476.86096
93 186.00 2500.21510 1946.92082 2696.79874 1821.15512
94 188.00 1794.34986 1867.35191 1143.29220 656.83459
95 190.00 2878.18423 2467.56278 495.39741 737.66312
96 192.00 2549.05850 1198.65177 794.21161 9.65115
97 194.00 734.47551 1320.50066 1928.00120 352.01834
98 196.00 1059.65876 2415.28272 2524.76310 2412.93168
99 198.00 2047.85200 625.44112 490.05720 352.42501
