3
50.0
30.0
3000.0
4500.0
0.5444
100
0 0.00 1974.60050 2639.55736 300.45013 987.80879
1 2.00 1896.37685 2044.03668 2302.89525 1319.93487
2 4.00 2715.20488 1072.42920 1931.12236 1574.39282
3 6.00 1853.60193 2026.50558 2217.45209 1549.73487
4 8.00 2132.72503 840.47007 134.13744 1102.93347
5 10.00 1527.30249 627.70973 2915.57575 934.08995
6 12.00 925.70632 1450.19182 154.21879 2759.23868
7 14.00 307.20819 457.15315 680.46518 1944.52976
8 16.00 968.11225 147.65870 1201.78904 2971.44052
9 18.00 341.49251 1883.35563 1180.63187 2803.18149
10 20.00 1601.44505 223.94335 112.42346 1916.61035
11 22.00 2635.02433 1351.00274 1339.22606 160.31044
12 24.00 2647.44044 696.36229 2920.56820 2412.88968
13 26.00 1882.68918 1071.48149 1537.13436 790.21377
14 28.00 2928.98012 1723.51493 880.33336 2744.93830
15 30.00 2969.02729 2458.20832 1269.77531 2568.67434
16 32.00 2861.33653 2443.21058 199.18096 653.78755
17 34.00 404.13768 957.89401 655.88937 1495.82737
18 36.00 1985.71551 2605.81213 1065.20171 2834.70986
19 38.00 1098.15445 2119.25543 480.50088 2730.03613
20 40.00 2008.07988 1987.63915 700.56428 1527.13187
21 42.00 2885.19574 2322.06959 625.13192 113.23759
22 44.00 1694.80461 266.18471 1677.63176 2765.29998
23 46.00 1985.66639 1927.59888 2987.78931 680.30596
24 48.00 525.15103 271.41070 2563.60931 2209.16402
25 50.00 206.91771 1040.87843 2216.59846 1612.63249
26 52.00 1749.23384 2391.29091 71.89797 1399.69130
27 54.00 621.91185 874.91087 1152.90197 1412.82811
28 56.00 763.82436 530.05794 366.99516 2229.03140
29 58.00 1716.90569 1634.30805 1950.90522 2764.73434
30 60.00 1461.16850 2222.17103 2770.04577 1829.27806
31 62.00 1274.08435 1325.86035 1010.01032 2844.91376
32 64.00 2692.67954 230.76771 1993.21311 1213.46847
33 66.00 1655.43419 1936.59129 2828.37578 2673.72101
34 68.00 296.64562 2363.20692 899.55568 820.37224
35 70.00 1438.53815 2097.15143 175.72087 1772.39612
36 72.00 2451.89529 610.18699 1460.56021 1349.24547
37 74.00 77.49136 2988.67145 1774.47400 2156.89668
38 76.00 376.12480 1215.20428 1993.31375 2990.76212
39 78.00 2913.28030 2311.95161 86.01540 454.68795
40 80.00 2885.22959 1903.24470 2907.73326 2247.30387
41 82.00 1725.41391 1937.42894 1153.41248 2457.51016
42 84.00 349.72518 2672.07510 1246.84836 1357.25966
43 86.00 369.34285 2238.76466 2969.84304 1241.58882
44 88.00 2857.63950 4.48698 2992.14567 2239.81647
45 90.00 2745.81182 833.65453 2433.92318 2765.15810
46 92.00 403.28183 2547.08889 384.01781 2040.14812
47 94.00 2936.54502 805.99461 1765.14929 118.85349
48 96.00 2698.93312 626.27032 1313.15437 1270.13016
49 98.00 662.12162 1262.92807 1074.25027 2221.10818
50 100.00 281.36204 2592.73288 1842.80455 982.19350
51 102.00 1906.99411 828.23453 1210.81618 823.04344
52 104.00 80.70534 492.61375 735.93970 2575.04049
53 106.00 188.00134 912.13636 1186.35868 1081.48951
54 108.00 2645.04628 420.33749 2427.01177 2440.66836
55 110.00 330.13101 1151.19030 1468.84877 384.72206
56 112.00 654.55585 1702.83496 2346.88438 1070.11257
57 114.00 2713.78770 1144.17656 1837.02166 1004.56527
58 116.00 1747.94351 473.85218 548.12310 2055.92730
59 118.00 1126.88729 2642.39594 2435.67842 895.89169
60 120.00 134.94359 648.99567 2574.94499 2378.43843
61 122.00 2443.05996 970.12912 2918.40821 2228.85330
62 124.00 1003.56767 190.63764 2166.01916 624.85881
63 126.00 2810.37345 2905.63158 2338.46266 2776.07879
64 128.00 767.45396 1647.97949 1443.33342 541.70382
65 130.00 2731.81490 686.08145 2.38087 1406.46596
66 132.00 723.60101 700.27544 758.07282 1083.59162
67 134.00 1133.91163 2216.81134 251.07614 2059.91322
68 136.00 877.23214 2488.37585 446.45070 278.38498
69 138.00 782.14309 2345.00303 1373.96531 1551.17587
70 140.00 1768.93629 950.44551 190.58298 2624.54572
71 142.00 24.23169 41.89203 966.69198 731.58065
72 144.00 1486.64134 1306.34018 284.27574 582.95752
73 146.00 2095.09520 2413.17349 1506.14537 179.32362
74 148.00 2169.25998 1607.74066 2895.08761 257.32231
75 150.00 618.39128 252.92320 276.29763 194.76875
76 152.00 686.51988 1444.14326 1237.65839 1893.92200
77 154.00 2835.86570 44.34643 2395.29543 232.84872
78 156.00 1368.32281 136.01195 2014.16399 1892.58542
79 158.00 960.25051 903.57690 992.00545 1362.42456
80 160.00 158.63712 1926.94445 1955.09346 6.89878
81 162.00 2591.17454 2465.90443 1969.63710 733.17336
82 164.00 2425.90673 216.30599 2826.19711 537.61757
83 166.00 2229.13794 36.71214 99.72111 554.05856
84 168.00 162.68950 2876.81290 1295.21164 1005.72190
85 170.00 1941.09577 2827.14272 2729.86084 56.60066
86 172.00 979.32279 2492.82720 504.59903 2222.70133
87 174.00 287.51290 2364.78402 81.92549 1226.57299
88 176.00 110.00455 945.11128 768.28366 2215.60602
89 178.00 1699.16940 57.27994 2949.31179 1205.38601
90 180.00 2678.50936 617.41999 2220.56570 421.94856
91 182.00 407.05034 409.89023 112.07476 2973.64140
92 184.00 696.32155 2931.94513 391.47512 1994.51770
93 186.00 141.57462 1133.34216 1965.04513 286.81737
94 188.00 1989.76465 1841.84767 139.07124 226.57695
95 190.00 2274.49403 768.07794 920.24187 670.88149
96 192.00 303.08625 683.47477 522.92795 544.60639
97 194.00 1136.49731 2918.57252 2389.82121 474.97159
98 196.00 2198.81222 762.48893 2497.21149 1235.16131
99 198.00 849.92470 378.72126 912.83783 1501.79190
