3
50.0
30.0
3000.0
4500.0
0.2697
100
0 0.00 466.47385 379.10508 1136.40199 2206.26712
1 2.00 158.59388 2176.25782 2923.49954 2122.50725
2 4.00 747.33488 1826.10897 2120.36029 549.31358
3 6.00 2958.73883 2395.40670 1506.68774 827.46892
4 8.00 1283.29525 2825.03103 2644.16313 2442.06975
5 10.00 915.56229 2573.76442 2842.36395 1219.54435
6 12.00 938.21074 270.42178 238.42460 2189.85909
7 14.00 2834.60085 495.33938 172.23457 2230.22837
8 16.00 1662.47932 1478.55160 2623.05889 2886.49899
9 18.00 1271.95087 1526.04709 2192.39210 1438.96784
10 20.00 1545.03446 2993.86328 2664.24160 2093.64586
11 22.00 1216.41436 1848.85982 2732.65922 2237.75178
12 24.00 2142.48022 2107.77514 2249.00386 732.67874
13 26.00 2216.94946 2852.60517 2470.09018 2640.99569
14 28.00 1584.33425 1827.58083 1822.12064 2893.94215
15 30.00 2023.56651 2645.79170 1570.54925 675.20573
16 32.00 225.36712 2518.22681 1541.05345 2857.45081
17 34.00 1268.16681 1137.28430 1119.85110 339.70053
18 36.00 2742.13553 749.29567 1617.35887 2299.24173
19 38.00 353.59620 897.53398 880.63512 639.19783
20 40.00 2214.07717 1706.52583 652.38958 914.45940
21 42.00 2799.33433 1928.92091 2477.18216 106.28738
22 44.00 1389.17094 1853.24607 1464.79938 1067.23219
23 46.00 1846.59075 985.65540 1061.67823 15.46323
24 48.00 2670.58883 558.47312 1063.59697 304.01334
25 50.00 1476.13836 254.23134 1542.95580 461.13200
26 52.00 371.52795 1462.23646 466.89120 1969.90034
27 54.00 678.28570 1186.07648 897.85486 1285.02441
28 56.00 546.54612 2434.63156 326.08498 1315.71621
29 58.00 2518.07238 485.50290 1061.21333 1301.88046
30 60.00 1077.71024 2611.54221 595.39385 568.70121
31 62.00 120.76892 1183.63802 2231.77196 2702.99343
32 64.00 480.93750 596.97577 1437.88496 1995.72869
33 66.00 797.39886 1263.28597 1650.37102 2399.46026
34 68.00 2142.96288 974.66310 2293.17813 2645.29959
35 70.00 1505.57575 2770.68375 2529.18874 1166.54552
36 72.00 329.19835 323.63875 63.45662 466.62597
37 74.00 1500.00279 2302.15485 709.51481 2034.93096
38 76.00 1026.42299 2929.31558 2212.29467 1302.98554
39 78.00 868.39989 1457.78773 2282.69969 743.24190
40 80.00 457.48717 1533.71951 748.40036 2300.18281
41 82.00 2592.50042 2982.77118 742.06311 2461.82825
42 84.00 595.23738 2119.38270 2429.85741 2103.43486
43 86.00 1507.00183 543.56475 2977.65501 1773.58860
44 88.00 1903.43158 688.15258 396.88744 115.09929
45 90.00 2971.19639 2787.29499 1278.90893 1849.40207
46 92.00 272.80629 152.86610 1221.89157 919.33784
47 94.00 1899.92993 694.28295 1008.53355 1437.58571
48 96.00 1529.59108 1931.61947 912.86997 807.73827
49 98.00 841.66782 1053.07354 1254.22260 959.52265
50 100.00 142.66918 122.66739 156.39191 2234.26411
51 102.00 635.93265 1416.17449 2725.44592 302.28510
52 104.00 554.52001 2844.98456 1090.74373 913.07009
53 106.00 290.66166 40.98475 1655.30468 2585.92281
54 108.00 993.63520 2223.87631 1084.15489 2336.42492
55 110.00 1586.58619 1114.77686 1950.74503 630.09991
56 112.00 1152.14807 2661.58140 391.45622 2227.76231
57 114.00 361.06304 1759.68437 2736.53050 1963.06548
58 116.00 571.30080 2113.98016 2776.50192 224.63880
59 118.00 1639.73707 1028.69391 2176.05198 2968.93385
60 120.00 605.99735 2162.30840 131.43332 575.12018
61 122.00 1651.48705 757.57652 2631.22603 2560.31488
62 124.00 2720.44454 2925.37847 2684.73908 1345.44666
63 126.00 2151.97762 2732.54754 203.12549 1257.01248
64 128.00 2793.99698 1511.60828 65.62470 1797.46099
65 130.00 2090.11868 386.80271 136.33568 1698.52431
66 132.00 2383.17114 2081.41000 2222.14559 1192.48148
67 134.00 2054.08284 2610.76716 2914.61525 496.55466
68 136.00 2252.18337 1152.45126 2338.11652 1202.54688
69 138.00 814.48257 552.19902 480.00917 653.42317
70 140.00 2090.16524 2637.46505 2371.94063 1366.32296
71 142.00 2123.26206 1575.21961 910.23051 661.00898
72 144.00 2124.76411 1656.45276 513.32729 136.83740
73 146.00 714.65032 117.27203 444.41843 2650.80742
74 148.00 2781.74387 811.30457 2371.86395 1927.23937
75 150.00 747.02422 2470.23080 1603.78477 4.19988
76 152.00 1042.38570 1815.47861 1107.33049 249.73847
77 154.00 2116.38515 1647.82522 2166.23877 1225.02865
78 156.00 1834.44610 973.90542 171.79029 2447.76647
79 158.00 2471.79536 657.83878 2895.68239 530.20572
80 160.00 2914.81411 1612.16608 2936.28716 2334.55798
81 162.00 2341.53956 319.32820 2237.30937 1145.94293
82 164.00 1961.47416 2610.07737 1902.91662 1652.63341
83 166.00 2450.54109 661.91711 806.38051 1744.99140
84 168.00 2423.19888 2258.69309 466.92443 695.16943
85 170.00 2178.85837 1105.92002 2706.50443 281.07319
86 172.00 544.54063 555.08407 2587.05651 566.57976
87 174.00 1471.55515 2188.43998 1942.69282 63.14191
88 176.00 488.75595 533.20281 1182.59201 1823.46623
89 178.00 208.36236 216.14607 735.76150 2727.39316
90 180.00 2911.15640 300.70140 1580.33565 2180.29387
91 182.00 2423.97818 1809.88055 1133.62539 62.14775
92 184.00 2479.68674 2290.33727 1933.44634 131.22013
93 186.00 745.02883 250.78664 427.90682 1882.15313
94 188.00 40.49071 2899.08229 2872.85307 319.01683
95 190.00 2208.39453 1015.16975 2122.36726 606.96493
96 192.00 1441.27629 1688.55370 1332.97859 489.43333
97 194.00 995.26896 463.53997 167.62652 2076.12359
98 196.00 1882.45756 369.22655 2474.77470 308.44594
99 198.00 890.21547 1534.62725 2509.45015 425.50508
