3
50.0
30.0
3000.0
4500.0
0.5202
100
0 0.00 1368.86843 1906.80789 2413.39399 2982.79620
1 2.00 1263.83769 2017.55351 2647.08947 841.83310
2 4.00 655.02609 2409.20586 1144.45557 1952.88221
3 6.00 1925.77507 1002.02364 1565.76201 2463.96077
4 8.00 1453.65891 17.60904 535.92812 2207.35410
5 10.00 885.70529 1985.77183 1973.24905 894.76978
6 12.00 1972.88833 1121.80498 1223.46556 55.70207
7 14.00 270.07433 2778.10067 2870.47325 1375.58805
8 16.00 745.93205 547.91883 2728.41805 1709.62864
9 18.00 1215.20716 2449.08719 2112.64788 749.77676
10 20.00 1130.16758 2283.13519 2.30749 2754.87242
11 22.00 880.93193 1126.29788 398.87284 2294.56535
12 24.00 2069.11737 126.08592 1064.57942 2095.20361
13 26.00 1274.74282 1503.69648 237.47757 1598.36541
14 28.00 1318.84628 1101.65020 2824.89125 2039.00901
15 30.00 2912.69189 2621.11188 2481.20715 815.93180
16 32.00 2631.54329 1530.06239 440.61059 1056.83452
17 34.00 2150.54884 1355.30832 1495.23891 1553.31229
18 36.00 829.33570 2136.90058 1233.34162 2997.18820
19 38.00 2882.19063 692.46325 115.32112 1209.69647
20 40.00 1390.77814 2326.38850 2910.46801 1223.25788
21 42.00 1755.92152 388.04330 1744.43047 1700.84285
22 44.00 1453.80561 2734.11309 2662.39598 2715.23839
23 46.00 404.66534 151.49315 769.71688 1814.49660
24 48.00 1160.85477 497.35670 1232.18690 1859.64780
25 50.00 33.23890 1250.85864 218.01437 1361.11470
26 52.00 2794.24865 1750.22065 530.76214 2677.62097
27 54.00 1130.86603 2955.80018 2726.04342 2843.94909
28 56.00 1971.91286 462.95979 2744.43945 1809.60743
29 58.00 2854.04770 1644.48479 646.00873 2254.48692
30 60.00 2204.41155 2595.48394 1199.45174 1544.30364
31 62.00 2130.34669 1352.81943 561.87318 2749.09360
32 64.00 1301.48502 903.32363 741.17717 1575.57560
33 66.00 146.56720 2842.58135 2422.43824 2685.63841
34 68.00 2439.29541 286.93694 600.42620 1583.64059
35 70.00 568.79818 2293.30745 253.91338 2973.12637
36 72.00 1207.35280 87.99288 2690.41445 868.77859
37 74.00 149.01103 2936.66620 2095.18545 2789.83874
38 76.00 440.38231 1850.81910 2240.97888 202.01634
39 78.00 2377.22833 2223.57371 1984.00493 2558.72121
40 80.00 2612.14559 2193.26757 1692.06899 653.18147
41 82.00 354.62632 612.37573 2434.58219 1487.11843
42 84.00 456.91723 1906.70335 1630.69214 397.18578
43 86.00 1774.31018 1620.43857 1933.28213 2498.46976
44 88.00 1151.23331 479.30670 2357.71292 2819.46495
45 90.00 406.29696 2725.77214 988.51956 2908.86298
46 92.00 1946.89355 166.83361 547.95436 1010.50085
47 94.00 696.38251 1710.68311 1453.43779 1279.87845
48 96.00 1825.89362 2401.19883 1867.15577 783.05634
49 98.00 2717.23222 1202.03631 2746.12109 1705.15510
50 100.00 2930.29499 2330.36378 2763.65096 2936.99086
51 102.00 101.86569 2963.21211 1110.06471 1601.84433
52 104.00 2638.04025 255.52519 1976.64527 738.01470
53 106.00 2805.72803 1345.70972 1225.47355 301.51212
54 108.00 1578.57682 1715.61284 2934.51225 458.80559
55 110.00 2293.44384 2746.05578 1925.86586 2313.73206
56 112.00 2548.72233 20.18269 743.72644 2818.12954
57 114.00 1472.25756 361.54793 490.10039 676.61496
58 116.00 217.62782 582.51349 1981.42846 947.24562
59 118.00 1214.11257 38.19819 1488.60192 1487.60424
60 120.00 1927.09076 219.82376 2971.73803 1048.83557
61 122.00 677.26724 258.48298 1726.79621 1989.72271
62 124.00 2897.99454 439.83826 1000.57782 1866.04122
63 126.00 2507.47531 1792.86070 212.94796 594.82787
64 128.00 1452.83774 629.90160 120.94434 894.80996
65 130.00 551.54547 881.76964 2988.91944 825.18502
66 132.00 1345.66186 1649.85054 0.25628 812.80083
67 134.00 1293.75574 1331.79438 2876.30699 1247.94841
68 136.00 386.01239 676.47798 2959.33523 2769.01495
69 138.00 2654.56496 2075.48466 1411.30810 964.05830
70 140.00 2332.17649 1824.90244 2359.28279 1889.62481
71 142.00 2932.37114 2064.18348 2559.99632 2924.96472
72 144.00 269.48526 2085.22956 2883.04084 499.37611
73 146.00 1614.63870 1041.33985 803.95363 1150.57999
74 148.00 2914.80160 111.11821 2441.82915 1675.03318
75 150.00 1062.05321 4.36687 1038.95019 2225.96285
76 152.00 2186.75927 2423.28150 962.88284 2505.50344
77 154.00 781.71610 2154.93969 1857.46366 2007.23066
78 156.00 746.62908 1999.21637 2765.47650 140.67303
79 158.00 1475.69080 1418.38465 151.73527 33.92374
80 160.00 737.48986 2486.62383 37.80439 934.44714
81 162.00 2678.36535 351.68900 828.87429 55.12496
82 164.00 2283.41852 1812.62096 2365.38632 1637.79509
83 166.00 534.63321 2412.81571 72.40093 627.01834
84 168.00 1147.85688 2306.83633 2301.54052 2215.24686
85 170.00 119.71674 1541.22456 2746.01566 1631.96449
86 172.00 1198.02059 2845.55895 1885.02610 2080.11949
87 174.00 63.12527 1334.44813 1621.45469 454.65529
88 176.00 965.08784 1824.24149 1013.83842 2912.47842
89 178.00 1146.40960 2076.14756 2127.88194 619.93979
90 180.00 611.17105 710.18997 2162.49889 396.45345
91 182.00 166.48131 569.62041 2956.36089 899.94316
92 184.00 2550.01261 1509.41265 1521.68633 160.26529
93 186.00 2305.86574 1296.00764 127.71449 2159.50276
94 188.00 1815.35734 1448.90378 2906.46373 1789.74259
95 190.00 123.07882 2038.49664 352.45341 2097.87455
96 192.00 277.96927 2517.28704 2466.97421 1887.60444
97 194.00 2937.24463 2596.95816 236.58230 599.07647
98 196.00 2568.47658 435.77832 1169.39287 300.77993
99 198.00 1005.85729 827.03116 1015.51007 141.13709
