3
50.0
30.0
3000.0
4500.0
0.6495
100
0 0.00 2039.11807 2455.63055 2180.67818 1080.57929
1 2.00 2720.61452 2629.30224 2271.39384 933.35010
2 4.00 2084.19536 1756.99976 540.33696 1879.52320
3 6.00 2939.84018 643.32702 1157.75048 335.00449
4 8.00 2219.09757 1432.86759 2494.41517 706.07411
5 10.00 2983.34883 649.36774 1703.77504 910.31574
6 12.00 1282.71576 2739.11586 819.13889 1485.92980
7 14.00 2168.32325 2787.28337 588.22837 2238.74482
8 16.00 1680.47250 1046.98795 1578.15641 2573.46787
9 18.00 2909.24671 730.80399 1865.20239 2597.27024
10 20.00 1976.55922 1164.06087 1359.70508 277.46633
11 22.00 2103.88613 2973.09887 2876.87667 820.43873
12 24.00 602.27461 373.10390 2295.31844 2752.23297
13 26.00 1171.55078 2811.67676 1291.26327 1095.87388
14 28.00 1677.64515 303.80444 2618.14084 2474.26958
15 30.00 1387.52261 375.88618 2642.50896 364.30546
16 32.00 408.74247 73.49285 2092.45790 1762.34381
17 34.00 1837.06664 2803.38833 1112.98330 788.92045
18 36.00 906.77897 625.87776 1777.58886 2081.88496
19 38.00 1343.58126 304.87297 887.91192 2931.54092
20 40.00 1937.66457 1081.85766 14.70776 2621.79311
21 42.00 1797.89934 712.01110 1984.23598 1426.30829
22 44.00 2519.78394 297.16884 1623.01929 1185.35917
23 46.00 2861.29387 1749.57365 452.74630 966.46265
24 48.00 1813.01023 2556.73382 164.28135 71.56072
25 50.00 2771.74965 1168.29043 160.78788 143.73135
26 52.00 240.61308 2875.26004 2457.05011 2001.66703
27 54.00 2249.53777 249.49257 980.10884 221.39875
28 56.00 211.23958 1756.25947 577.57937 773.76908
29 58.00 757.13544 2313.94817 1870.45982 1542.81005
30 60.00 417.94520 263.16008 692.96423 140.63635
31 62.00 2219.60082 1535.98137 1965.44569 579.65193
32 64.00 2561.08330 1998.02826 1126.40398 1718.88217
33 66.00 153.70195 2041.19764 2850.33539 2739.61660
34 68.00 2459.75575 2558.09219 1434.21393 589.92645
35 70.00 2796.50324 220.72911 791.08819 787.19816
36 72.00 374.60680 2028.80709 2831.80656 1398.61160
37 74.00 1884.29111 1884.38894 1238.07583 2703.13409
38 76.00 1088.40184 951.02982 1256.97280 1817.72523
39 78.00 379.33559 215.46509 2973.94490 1640.85102
40 80.00 2636.35936 62.97378 639.96865 244.83366
41 82.00 2181.70510 1192.90575 862.28096 1442.07677
42 84.00 189.39151 1889.07933 2924.24250 670.03295
43 86.00 87.16728 568.74989 785.39532 349.10541
44 88.00 1883.37413 1822.65209 1270.68169 567.82254
45 90.00 2739.18257 1828.46762 198.35283 2542.85009
46 92.00 1303.63624 44.85160 731.45463 675.98455
47 94.00 1732.21552 203.15942 1714.69551 684.34792
48 96.00 539.05461 1029.86822 2365.18190 1600.98097
49 98.00 2656.53357 1905.19378 1206.95619 1362.64191
50 100.00 305.09685 1141.60292 1807.50888 1383.28612
51 102.00 780.11018 2537.14339 1703.01140 2536.97884
52 104.00 496.24751 559.50022 555.02727 1844.70222
53 106.00 2284.83097 774.41459 2051.38241 835.26335
54 108.00 2884.30205 2404.30444 2240.97845 1287.61379
55 110.00 2110.42405 1626.38572 1521.88687 2616.32455
56 112.00 2651.38120 223.15653 2349.46103 667.68855
57 114.00 138.99653 772.51183 1814.99940 1559.21173
58 116.00 961.42371 1499.04644 255.51869 1001.83105
59 118.00 2107.44154 1781.49651 1979.77821 2082.75575
60 120.00 2312.77028 2729.53886 2095.80130 500.69837
61 122.00 1444.44518 1436.72763 1829.24949 515.19131
62 124.00 1068.99229 293.90685 455.83217 2139.71789
63 126.00 799.33993 1170.52048 706.14169 504.89655
64 128.00 1237.36892 2658.97341 2899.87726 1185.80938
65 130.00 67.46199 437.26261 972.00265 890.87016
66 132.00 1605.56220 20.14044 1867.46629 1034.10161
67 134.00 1857.68546 1703.32172 1469.11761 2308.68564
68 136.00 2164.45178 2910.51402 2389.96642 586.69609
69 138.00 2491.73501 2930.23763 2558.14477 947.54143
70 140.00 1038.77013 1692.97510 1930.49624 438.14634
71 142.00 2159.43498 808.29705 256.01522 193.17181
72 144.00 2026.23750 2962.91702 2889.52598 1368.14882
73 146.00 655.25398 1583.11816 445.25295 1065.43908
74 148.00 2873.52530 1389.04930 1293.26602 310.23022
75 150.00 1094.30361 1666.83296 2190.84996 481.10316
76 152.00 623.98285 2389.44805 1629.12139 1084.48124
77 154.00 2868.72203 96.22013 2843.19892 2098.27602
78 156.00 1734.10951 498.38500 758.23840 1912.48147
79 158.00 417.94616 1399.01294 2884.64577 2515.68141
80 160.00 513.85067 331.89174 2663.92812 2048.85573
81 162.00 1565.10731 608.16837 515.29450 1324.13026
82 164.00 2148.80730 2944.76961 2287.49008 871.82407
83 166.00 1046.80713 551.67601 1415.80870 19.75049
84 168.00 1851.54818 2534.86142 1651.23956 413.18023
85 170.00 1409.88087 2488.81329 208.06426 2045.63520
86 172.00 480.49730 1839.21599 1289.64590 2664.07011
87 174.00 1887.69193 978.74142 471.03047 2194.10678
88 176.00 981.71352 996.05075 2053.29369 58.45255
89 178.00 2870.98517 2655.00554 97.08326 344.47035
90 180.00 910.72375 1613.29849 767.79848 386.69385
91 182.00 1287.82327 518.75465 2070.24510 38.59471
92 184.00 1255.02475 2988.09760 403.92112 721.88134
93 186.00 114.85899 2237.46670 1586.84133 8.46169
94 188.00 2713.24381 2008.99664 2048.40855 2631.46597
95 190.00 1919.23484 592.47416 1370.68991 2420.63575
96 192.00 1722.94694 2941.83282 2302.56020 424.63745
97 194.00 2870.10597 90.40761 1818.43398 2613.60031
98 196.00 2128.39265 663.34060 1266.08061 2699.55602
99 198.00 1278.81748 1156.52091 1674.45538 2180.64980
