3
50.0
30.0
3000.0
4500.0
0.8758
100
0 0.00 2282.22146 1633.24372 2691.12160 703.88259
1 2.00 2911.45974 1740.11831 1933.08229 867.58857
2 4.00 2224.35233 2401.65215 1482.99438 54.85295
3 6.00 2872.70635 2255.83213 1435.25571 1998.23806
4 8.00 2020.71996 1432.02277 2408.41829 2561.10173
5 10.00 1410.06379 617.33353 1593.39271 964.88713
6 12.00 822.55791 444.04686 334.54457 298.84743
7 14.00 1614.05912 367.85794 380.39001 1614.68646
8 16.00 1339.10079 1324.61973 2420.19404 1297.59171
9 18.00 2082.59994 1200.83351 172.11533 1831.84601
10 20.00 1764.98238 1804.16483 2682.38379 491.04551
11 22.00 2515.81121 378.53874 1730.59746 1945.92978
12 24.00 631.78437 1344.97336 2594.01377 1488.65211
13 26.00 2785.04821 46.48627 2380.64943 1261.38082
14 28.00 2572.05564 955.67665 350.32788 1885.05215
15 30.00 2537.14538 1308.21367 2358.70325 2389.51067
16 32.00 2201.05602 1956.35564 2472.72107 1247.00916
17 34.00 139.22448 909.03284 832.41789 1335.99837
18 36.00 2897.91755 2750.10620 2983.07336 815.07522
19 38.00 1066.31264 1350.84428 2542.34769 2833.92039
20 40.00 166.21536 2907.78995 2988.06618 2249.60433
21 42.00 2091.63630 1079.92578 2888.13332 768.14236
22 44.00 846.52285 1919.69854 2352.71677 2075.91461
23 46.00 2634.17484 962.12631 2436.72742 396.55634
24 48.00 1168.32809 1889.79102 1471.83442 2849.33287
25 50.00 801.34964 2238.94817 807.26032 1009.89639
26 52.00 1010.48648 2007.31175 1420.19817 2826.69963
27 54.00 2818.58041 2019.33343 631.56508 2484.22632
28 56.00 2069.54460 2914.67795 9.67224 2714.04666
29 58.00 1001.89389 2999.06081 2695.49117 2856.04278
30 60.00 2341.04086 2057.47742 481.64562 2785.60781
31 62.00 1410.44748 1583.91670 2120.32464 2323.92289
32 64.00 1424.40803 1715.35381 2016.75427 2642.19898
33 66.00 1493.93872 2840.27071 1665.96760 2972.93294
34 68.00 2524.48723 2590.05424 2206.14324 1935.34206
35 70.00 1279.13696 1209.24892 704.26580 2775.37526
36 72.00 2432.86938 1620.91854 2363.87740 562.20147
37 74.00 1394.05159 2044.03162 918.69602 1622.87218
38 76.00 1924.27461 2310.82205 2887.24695 2411.92824
39 78.00 856.41269 2075.89154 138.54980 2881.51674
40 80.00 1809.47160 1194.30968 307.83144 1064.66132
41 82.00 1434.59694 2612.00988 1401.10333 1576.50901
42 84.00 418.69945 1472.91763 1260.22524 863.77992
43 86.00 2984.92722 1759.25692 1168.77354 2834.53222
44 88.00 1284.98091 1001.01867 2563.58961 2059.78144
45 90.00 2408.45152 1029.32193 527.79582 108.22512
46 92.00 1164.59139 221.87332 1281.27517 1429.29586
47 94.00 185.93523 1874.64717 425.77138 160.41243
48 96.00 2009.67208 63.40435 189.93659 647.27669
49 98.00 2549.90248 923.62171 2210.87984 55.14817
50 100.00 625.50086 2312.36206 898.95516 533.54991
51 102.00 2961.67777 1722.65475 2148.32736 2273.68153
52 104.00 836.12469 844.21995 1656.60209 270.86079
53 106.00 1138.00433 1731.65499 1057.37458 1832.39540
54 108.00 353.46891 1934.58417 523.63293 2541.15029
55 110.00 1261.58988 788.52727 741.83183 2972.75636
56 112.00 1627.19874 1659.89369 2980.48965 2717.03994
57 114.00 789.50298 2744.52850 1770.37043 287.66466
58 116.00 246.32698 435.25560 2429.16189 2479.19906
59 118.00 1688.64731 2717.79334 2944.12407 2978.33574
60 120.00 1808.21273 1154.31536 1296.66448 1298.13989
61 122.00 1738.99312 462.54903 1721.87468 2781.54613
62 124.00 2481.27589 1672.87324 623.42445 1445.01352
63 126.00 2641.60334 2027.80703 2655.41804 860.97635
64 128.00 477.05277 1502.72710 1154.72181 1422.13433
65 130.00 1438.02267 919.47338 1649.67877 2333.94982
66 132.00 161.13236 730.92109 2448.88271 2193.09028
67 134.00 2622.60037 1424.69438 409.92528 2378.66993
68 136.00 2986.33042 1726.36465 2442.06358 1203.09339
69 138.00 1073.25000 2846.36923 990.01965 593.60335
70 140.00 1273.55577 1852.16762 437.06963 2585.74511
71 142.00 1963.90118 915.69779 2322.07611 1533.07994
72 144.00 2072.92124 430.74896 2862.50772 2156.08863
73 146.00 2286.88859 1462.24852 2655.15896 2201.40545
74 148.00 2639.06060 1579.49765 2496.34291 2581.84372
75 150.00 237.77449 514.40010 1579.70289 1308.59992
76 152.00 497.22492 1462.77880 771.33280 2365.35807
77 154.00 1150.64965 1849.72955 156.02759 54.03602
78 156.00 1138.19939 2615.95966 2352.96118 1790.42493
79 158.00 2598.60024 2871.59317 1142.69532 547.92308
80 160.00 2248.04322 300.99581 950.23069 661.20507
81 162.00 1997.16120 150.58679 54.74872 60.56315
82 164.00 232.47903 2687.45077 1380.57672 306.85362
83 166.00 207.18391 1785.42539 2413.42132 748.05649
84 168.00 2065.42909 1369.17264 2965.13557 540.09724
85 170.00 1093.23894 1587.32676 299.07147 1860.97154
86 172.00 666.05255 1072.81359 89.89261 1747.31943
87 174.00 1110.09466 2707.91873 1985.16624 91.05147
88 176.00 341.40736 969.89877 906.42858 1187.00122
89 178.00 2530.03322 2863.17564 274.88572 656.69725
90 180.00 172.61047 138.96451 2092.05948 196.81366
91 182.00 1992.24377 1383.51989 1701.68178 276.82654
92 184.00 2853.26650 1078.38174 2854.72434 2405.72902
93 186.00 2996.77773 20.43524 2831.15984 2116.92975
94 188.00 2100.59459 2993.04487 2926.09552 639.33003
95 190.00 639.22366 2501.45382 1443.22244 1900.85481
96 192.00 132.86718 2524.37869 2624.25455 293.11993
97 194.00 2643.40538 868.27372 515.41432 469.45419
98 196.00 2481.25825 2938.47787 1849.74163 474.18972
99 198.00 2595.23124 2847.89060 2031.80160 783.23127
