3
50.0
30.0
3000.0
4500.0
0.5121
100
0 0.00 602.37659 1857.56086 403.40634 893.63589
1 2.00 1391.04107 260.53049 1775.65872 1146.96449
2 4.00 17.36707 140.33073 2895.27163 2795.29270
3 6.00 430.69849 1457.56061 111.81560 1199.92275
4 8.00 1200.69983 2770.40663 2245.08690 2492.86037
5 10.00 164.67870 2926.84937 2610.92518 1172.76695
6 12.00 655.16591 1577.16473 2818.17885 30.97010
7 14.00 1717.32872 684.80751 520.39245 814.13071
8 16.00 270.39515 2478.48707 1977.10435 2572.16907
9 18.00 2019.89003 616.75800 2602.04004 594.68217
10 20.00 1231.09979 37.29242 2810.56979 1851.65448
11 22.00 849.34287 279.46045 1305.81849 411.65069
12 24.00 600.14891 297.42534 1046.89815 2699.78457
13 26.00 863.11629 2746.17956 589.88219 536.03135
14 28.00 1409.60508 2684.27904 1570.07670 1429.82637
15 30.00 1260.66980 2755.75925 94.93823 2575.95918
16 32.00 625.28472 753.02358 876.95247 1871.02707
17 34.00 135.00870 832.32962 1285.70064 208.38432
18 36.00 983.38139 1020.54262 1534.79117 1324.14090
19 38.00 2994.01622 2507.68033 1483.24278 1846.48735
20 40.00 566.35691 899.33920 548.25635 2646.61443
21 42.00 861.09340 657.57804 922.95736 2314.48688
22 44.00 233.30824 1488.63077 657.07289 1036.05136
23 46.00 2342.71438 2388.39171 1502.94949 1166.16354
24 48.00 766.58527 1710.81782 2992.29969 496.52339
25 50.00 2622.43941 2318.13261 1109.16937 676.18349
26 52.00 2526.20009 410.44643 1678.23573 124.38732
27 54.00 2064.64323 518.86981 1547.15309 2201.82663
28 56.00 798.66124 1958.51087 2937.75856 9.63871
29 58.00 1016.71064 1502.57943 1011.64848 2656.90915
30 60.00 1445.12638 2830.81949 523.14323 1172.44449
31 62.00 835.58138 963.86126 1769.89913 48.01033
32 64.00 2394.24949 1744.65315 661.12352 1600.89156
33 66.00 785.55073 1282.02316 914.17411 2539.28991
34 68.00 1905.27303 2211.11760 880.80005 1366.83209
35 70.00 2868.55515 1567.65086 827.42210 1371.10929
36 72.00 1188.53788 1125.52945 1626.69662 1354.11679
37 74.00 1955.47559 2568.41729 2635.41080 769.22165
38 76.00 1242.28153 1402.06149 2038.30978 1163.09834
39 78.00 701.52015 1660.35808 2427.40559 2894.02706
40 80.00 201.43069 1977.36470 2646.80414 261.38376
41 82.00 1118.30102 1552.58759 1826.78630 100.67421
42 84.00 179.43140 1358.43440 2773.50843 500.81149
43 86.00 2529.36989 33.27892 1551.06958 1003.56451
44 88.00 2092.51292 1949.43624 2512.88379 1155.17624
45 90.00 870.16781 708.56368 1235.69235 2646.90731
46 92.00 99.79859 2698.27583 683.68086 743.93596
47 94.00 801.02719 1274.41734 1527.58816 633.82208
48 96.00 1189.07414 1933.83634 1997.61571 66.75951
49 98.00 1213.65455 2102.52913 2662.99206 360.72831
50 100.00 2799.04788 549.10918 550.23007 1230.93784
51 102.00 2572.86504 2733.67367 1927.11924 2328.30457
52 104.00 1842.92509 2313.29208 1356.36589 1941.12818
53 106.00 1292.72372 654.08996 2279.78252 2028.75834
54 108.00 2425.01449 140.07250 1412.18458 615.73860
55 110.00 1244.13012 914.03978 2439.61944 2089.12675
56 112.00 2080.79854 2605.37389 1511.14509 1444.73360
57 114.00 1199.41481 2225.67296 944.73782 2982.77062
58 116.00 967.95854 65.72190 2012.23703 908.04994
59 118.00 414.15105 2485.30747 2083.40794 176.04811
60 120.00 1943.73509 1683.10329 2294.98272 2294.52700
61 122.00 1635.19513 1204.41817 2169.86548 89.21864
62 124.00 1172.26247 560.45707 183.57675 209.18442
63 126.00 2289.01805 1733.64130 2886.47196 2688.94062
64 128.00 44.49010 574.97357 2428.75351 1744.06296
65 130.00 2300.21307 1526.91055 1847.12906 2018.71171
66 132.00 1699.95106 1609.52335 479.21476 359.99410
67 134.00 461.75537 2107.28378 2897.32651 2308.39317
68 136.00 2317.84504 700.14125 271.31106 2212.61320
69 138.00 2766.16493 1601.68039 2467.07560 923.88293
70 140.00 787.24357 1215.67542 875.81018 90.62107
71 142.00 2153.88990 1774.07521 2060.88973 1994.60549
72 144.00 2917.42844 261.29411 2313.24815 2872.92383
73 146.00 907.46068 2968.70129 1804.51217 57.83306
74 148.00 846.83095 2325.26226 1831.48737 1255.64038
75 150.00 80.35216 1141.14407 538.89667 1850.79068
76 152.00 2458.57808 1317.56761 5.97528 775.39064
77 154.00 1821.77452 487.21824 2998.01759 696.00077
78 156.00 2737.38835 2227.49745 833.80821 2359.04908
79 158.00 2435.16918 2092.12420 2348.43000 2081.21350
80 160.00 2466.07813 226.03406 2174.03755 334.93813
81 162.00 1414.42793 2580.09718 16.74115 1902.05306
82 164.00 2861.54447 813.23792 665.38200 341.69334
83 166.00 2649.08457 1583.11181 2591.09234 2275.87042
84 168.00 2763.41573 308.86845 1951.47416 757.79325
85 170.00 2317.19639 2763.02421 1974.50933 2703.75752
86 172.00 1962.14684 279.46086 4.41809 2818.44716
87 174.00 2324.13201 343.31293 163.19764 1797.23120
88 176.00 468.22776 1892.43229 127.59386 2639.50651
89 178.00 610.76126 1539.53244 1618.26369 1552.74416
90 180.00 2694.76260 2882.81940 196.76997 478.00209
91 182.00 450.66792 496.81321 2837.60754 1650.80336
92 184.00 1953.84597 2311.18265 2498.77074 2527.34192
93 186.00 978.74694 2839.57918 1981.54011 57.72166
94 188.00 441.91549 1522.92707 1738.36087 1016.63719
95 190.00 1694.84070 1924.75781 1400.78003 826.83025
96 192.00 225.78591 1619.51070 1268.94705 1777.00895
97 194.00 336.99982 1799.52239 2683.03876 2575.73869
98 196.00 514.47151 1416.74357 1175.73937 46.66797
99 198.00 99.28084 400.40664 50.22924 1874.70132
