3
50.0
30.0
3000.0
4500.0
0.3424
100
0 0.00 2711.36882 1265.48798 1181.23530 2232.92933
1 2.00 1041.91336 2364.40905 2556.69910 1720.03477
2 4.00 1568.29617 2820.59100 2439.48201 1884.35505
3 6.00 2332.89232 2007.20510 76.92171 1700.78999
4 8.00 72.43327 2837.84927 296.41260 2762.00908
5 10.00 2405.68574 2187.17210 2548.29025 760.54268
6 12.00 2455.10530 1032.14917 2920.73869 746.10325
7 14.00 1338.02097 143.39734 1374.61372 2972.92707
8 16.00 789.52109 2380.92307 628.14305 2312.42671
9 18.00 1641.83315 965.64345 1203.96262 1045.61743
10 20.00 2446.40836 2534.15954 2569.93908 1001.28980
11 22.00 1849.20818 2219.57798 2508.70695 682.71277
12 24.00 2486.04933 303.89450 2165.82200 1918.35521
13 26.00 938.77304 1491.57808 558.57644 1148.08915
14 28.00 794.04118 2122.18826 1051.78171 2417.69250
15 30.00 2687.34069 2264.31254 2877.92500 968.27933
16 32.00 334.44181 1745.54051 2726.49098 2100.68490
17 34.00 1681.45587 2270.31173 1614.76308 1193.91370
18 36.00 2086.90826 595.85884 271.62665 1793.90815
19 38.00 2630.79915 1213.91127 790.11014 2147.66430
20 40.00 1598.48326 1190.27022 2763.77498 310.87808
21 42.00 2868.22488 2443.71926 2662.35331 881.73678
22 44.00 1710.32035 246.63480 2998.31667 1327.60816
23 46.00 122.31853 1643.96165 2002.56398 821.36489
24 48.00 1483.47878 2499.74389 2949.78688 736.05521
25 50.00 677.49796 1943.68515 647.90429 37.25506
26 52.00 731.04060 62.32186 1836.66154 2513.79216
27 54.00 1243.57752 1653.67846 1704.25711 1236.97070
28 56.00 2543.71433 1742.68684 1881.76533 2665.81242
29 58.00 2937.39325 2240.37834 2120.23779 2945.74858
30 60.00 2410.27826 790.67202 1110.68551 2700.15858
31 62.00 2810.76652 960.46417 1071.22252 2874.27328
32 64.00 403.47841 2579.83410 2958.76738 740.68607
33 66.00 1614.82627 386.29402 2943.03307 2352.65583
34 68.00 1522.36150 1427.21313 940.45434 2421.76070
35 70.00 1812.27476 2160.31874 2152.69361 1934.89788
36 72.00 1662.21848 2955.23125 1395.85931 1722.77746
37 74.00 159.60437 1856.41782 1491.39884 1308.55275
38 76.00 2859.49203 514.02354 1679.87619 1676.98812
39 78.00 172.63730 1042.80930 2602.73144 443.64037
40 80.00 2046.02103 196.23828 2156.60638 1709.26088
41 82.00 2842.05338 2183.28150 2140.83657 1472.42945
42 84.00 2112.65346 2828.24446 2958.61978 645.61242
43 86.00 1356.33517 1615.18710 2024.00286 991.59974
44 88.00 1709.57209 2627.90610 2838.80336 432.69921
45 90.00 1618.83784 2043.96519 943.37578 20.32603
46 92.00 1828.78330 2136.34114 1075.04854 359.05015
47 94.00 2932.06155 1841.55138 1589.31594 2191.14103
48 96.00 2197.66901 746.39860 1804.57641 2276.46301
49 98.00 538.02245 543.71428 1948.22104 1484.92515
50 100.00 358.50029 267.31718 2838.44142 1722.00867
51 102.00 2847.08967 1162.35342 1222.72256 2089.24517
52 104.00 415.52851 1029.88601 287.58990 1065.47086
53 106.00 2121.78885 2637.19360 1499.04547 553.69914
54 108.00 1204.28326 679.92061 2956.90807 1899.02198
55 110.00 1019.16051 2255.44616 1571.60182 61.20228
56 112.00 1818.47828 2946.03037 177.43860 1119.44095
57 114.00 505.53934 2890.79927 1587.36290 13.98308
58 116.00 1154.26056 82.96068 2715.43514 1690.09411
59 118.00 2578.07587 2867.13510 565.44629 1862.61719
60 120.00 545.36012 655.12157 1035.74389 2616.29128
61 122.00 2737.84389 1799.15492 1721.95504 2674.31030
62 124.00 2119.10270 2639.01583 532.47603 446.54926
63 126.00 2456.98635 91.02500 116.32284 1612.76954
64 128.00 2874.09411 2822.11203 2421.61450 934.99604
65 130.00 874.29283 1047.16206 541.25028 1555.46654
66 132.00 2700.69181 1492.95315 1810.51011 2992.02572
67 134.00 2759.99742 2813.45479 2785.81941 1643.94130
68 136.00 1166.53753 1343.80674 349.14488 1663.38553
69 138.00 1015.03183 1097.08053 718.35407 2452.75651
70 140.00 565.02056 1212.85408 1074.96422 2749.83150
71 142.00 2763.37394 2432.72209 2729.00419 2122.91230
72 144.00 2517.18661 296.34111 1559.53141 1990.53780
73 146.00 961.65919 1582.01246 1725.26038 1595.77705
74 148.00 1182.55475 1639.14336 602.79626 960.94926
75 150.00 1343.71371 594.12455 2832.74184 1278.95760
76 152.00 1305.41647 247.16667 71.50245 312.95551
77 154.00 1683.75898 1828.98971 917.69275 2976.86208
78 156.00 2312.22232 2312.52821 2096.70496 1582.65039
79 158.00 124.89763 2840.33957 921.35949 1762.40958
80 160.00 2700.82903 1628.36109 1922.79728 2217.77116
81 162.00 1602.87640 141.62265 908.83777 564.71703
82 164.00 2892.56134 157.30577 2476.18277 2621.11561
83 166.00 2215.62026 1571.95332 534.87035 1112.47177
84 168.00 2097.54934 2731.98630 295.95220 2849.89290
85 170.00 2677.06823 2137.23174 218.89044 610.82470
86 172.00 620.21082 1921.26343 46.77813 2766.25902
87 174.00 618.08952 2068.16856 2772.93671 14.21635
88 176.00 721.16216 2440.91324 2493.91212 2953.20589
89 178.00 2961.25648 2479.71663 1115.35133 2513.36193
90 180.00 134.27036 425.00826 738.51949 2005.59842
91 182.00 2645.83437 1268.52180 1711.61920 2591.23014
92 184.00 1878.57123 614.62884 2636.04314 2209.90071
93 186.00 817.84481 2070.84377 1247.66211 1240.91956
94 188.00 834.26005 2703.22741 2450.17392 1464.64947
95 190.00 1800.38888 1879.61129 1186.40542 2088.00530
96 192.00 1347.38461 1988.88909 668.92377 1912.79117
97 194.00 345.83520 2706.65142 1465.61042 550.07568
98 196.00 982.13569 2830.50937 769.49749 2042.71680
99 198.00 2791.85796 1194.61361 1608.78026 854.11448
