3
50.0
30.0
3000.0
4500.0
0.6172
100
0 0.00 2943.34553 2638.43679 2847.75472 2909.54993
1 2.00 2167.96459 2549.37449 1947.02390 1969.07786
2 4.00 1671.24841 2582.68610 2020.73285 1361.96622
3 6.00 2624.25558 1647.06762 268.02244 476.14461
4 8.00 547.17901 779.46483 2827.17912 1112.34152
5 10.00 1433.07754 1535.99550 865.71409 1186.27200
6 12.00 1337.43309 1828.53092 2496.58658 2493.56855
7 14.00 2490.40801 246.55823 2343.82982 1687.72964
8 16.00 1708.55398 300.16473 1514.61730 1368.25449
9 18.00 1123.93289 205.56504 1717.75987 2063.97717
10 20.00 896.80600 2380.39634 1812.04596 495.63408
11 22.00 618.02599 300.93076 2752.95859 1859.73753
12 24.00 533.52905 2278.00639 2279.86187 1552.04775
13 26.00 1932.27836 1988.89076 1427.60620 1319.92439
14 28.00 1303.11921 1137.70604 957.71786 2693.67135
15 30.00 1444.22639 1084.93424 908.97714 1838.27118
16 32.00 1945.92652 2125.08953 1915.94112 917.75282
17 34.00 2951.97153 1295.72814 1412.25186 1477.88758
18 36.00 1008.85686 1231.58168 1691.03189 2852.24831
19 38.00 2177.77196 2490.20529 796.89446 1837.47460
20 40.00 2692.78443 1460.63066 2839.82690 2081.80078
21 42.00 895.37450 337.65990 631.52717 1781.22708
22 44.00 1399.86362 2982.32804 1991.97049 329.36950
23 46.00 2849.23990 1930.34701 1387.03098 2576.42475
24 48.00 2299.49926 1843.68467 788.49192 1989.63697
25 50.00 2455.94159 1977.78961 2082.70317 1451.26981
26 52.00 518.84634 2827.75284 1404.89526 1501.44456
27 54.00 1203.87260 311.58717 1027.82639 1944.47337
28 56.00 2193.68657 1463.39398 285.69204 1601.90171
29 58.00 2626.60865 1122.27768 641.99003 1995.57400
30 60.00 454.94595 2582.11025 1609.22003 2900.21457
31 62.00 1048.55433 52.95885 2325.74097 2249.63009
32 64.00 2357.26907 2510.02609 1457.95324 1793.41396
33 66.00 2498.59311 1086.37612 1504.75534 1960.86333
34 68.00 1207.35584 466.15185 2693.77870 1592.70914
35 70.00 2727.24999 1884.20951 352.67338 580.25018
36 72.00 502.93281 640.21485 2208.18612 2361.29607
37 74.00 1914.25092 1332.11877 901.74904 1395.04206
38 76.00 754.86802 2420.59132 2991.27390 1333.76499
39 78.00 2148.95185 763.45628 2937.21759 2008.32290
40 80.00 1467.41936 2428.07248 2461.54521 736.67069
41 82.00 872.53858 1667.91302 2140.93330 1715.71689
42 84.00 2984.08198 1554.60463 650.25630 2816.49024
43 86.00 1118.58992 2299.74967 111.23883 1384.43846
44 88.00 572.89051 2473.93690 302.31884 233.49925
45 90.00 1043.80382 2033.41352 1977.16047 117.94102
46 92.00 314.58048 2249.11400 2820.35164 1380.03576
47 94.00 2371.73288 809.13096 100.33070 1628.98809
48 96.00 2102.18732 534.29393 1587.00622 941.44816
49 98.00 293.60037 2711.59618 468.28737 2247.78335
50 100.00 1095.49574 2431.26688 709.05216 1649.03175
51 102.00 2374.38346 1756.13150 1335.50887 2030.56775
52 104.00 1058.82177 593.82542 1285.30885 2999.57154
53 106.00 1104.04327 2021.42020 1068.13752 1581.56449
54 108.00 1222.55769 1467.14929 1363.36372 398.51825
55 110.00 1614.99263 810.27189 256.12425 640.89358
56 112.00 2402.53636 2460.81850 2259.84469 1836.27527
57 114.00 223.23197 568.68457 1810.80306 2732.32671
58 116.00 929.66241 1477.49671 929.26801 1843.45951
59 118.00 1296.63979 2553.19750 2768.65224 940.94470
60 120.00 2136.80244 2181.53991 1242.13912 2305.87656
61 122.00 2653.31680 2852.08216 804.09038 2889.79653
62 124.00 588.05163 2302.93176 2920.17647 2002.68171
63 126.00 1992.57928 2742.51894 2020.63324 684.98193
64 128.00 1092.61585 1886.67097 2530.44271 1682.15952
65 130.00 460.10292 2473.08621 1540.99849 2922.92829
66 132.00 1028.11540 2845.75063 2008.16536 711.85376
67 134.00 2188.37928 2429.33436 2837.92728 2122.62598
68 136.00 2399.75790 424.47138 1519.73967 2290.76197
69 138.00 1171.02066 2816.92300 311.05869 2430.74361
70 140.00 2016.65743 2870.74221 2390.29169 498.74099
71 142.00 791.56227 1973.02446 966.81399 477.20009
72 144.00 1132.83237 2769.81870 1756.74260 2369.15431
73 146.00 1639.66268 2418.08626 440.24017 999.44009
74 148.00 1856.08884 918.40190 2930.23712 2276.33727
75 150.00 1354.51484 792.31781 1887.34648 1132.62717
76 152.00 1116.90459 644.31042 1124.35405 2456.91616
77 154.00 840.49211 2773.60299 328.12631 292.66722
78 156.00 2317.39619 1596.97043 2550.00510 2715.25554
79 158.00 1027.82659 641.48751 2764.09917 562.74072
80 160.00 2899.11336 2061.44834 433.15344 618.23261
81 162.00 2476.58843 1930.40473 300.80187 1779.33605
82 164.00 1333.67749 2853.65903 1286.51846 902.72471
83 166.00 299.15099 2335.78299 838.37498 1489.96525
84 168.00 240.81356 1146.00553 403.73728 83.70387
85 170.00 223.50243 1985.62754 731.49033 728.80220
86 172.00 800.88890 178.99507 292.33779 553.75228
87 174.00 506.95189 621.17647 1167.50213 586.78521
88 176.00 1524.47463 2635.34914 1184.67805 873.23962
89 178.00 2723.81293 138.62963 1719.02986 2974.15373
90 180.00 1984.20075 1449.50544 325.22213 1630.38925
91 182.00 2326.43883 1131.64933 2221.38782 1119.52961
92 184.00 1449.54855 1962.61707 2067.12864 197.04132
93 186.00 1248.10794 2875.38339 1496.96296 125.38992
94 188.00 1636.80045 2536.66640 1184.25560 147.97722
95 190.00 899.41308 1503.01162 2441.76723 667.11103
96 192.00 678.56464 2481.33053 485.50584 2534.85190
97 194.00 1963.02398 2387.53582 770.10782 1288.19917
98 196.00 895.53184 1766.46700 249.94365 111.01492
99 198.00 2153.77213 2054.05893 692.07297 2045.19231
