3
50.0
30.0
3000.0
4500.0
0.6333
100
0 0.00 2066.38345 648.50216 1604.72613 1932.79240
1 2.00 1278.73398 2386.86289 2593.28586 1006.71895
2 4.00 2933.46974 460.58748 403.74649 1456.27968
3 6.00 803.67330 1990.97931 1026.72222 2111.08444
4 8.00 1862.88240 1380.91019 286.96135 132.85443
5 10.00 320.57234 1296.85641 1827.91322 2541.06995
6 12.00 1450.16193 396.70339 1852.27550 1051.19267
7 14.00 1714.37185 138.66051 2545.15731 464.21223
8 16.00 2171.46775 1058.49488 714.82480 2115.09591
9 18.00 2908.59413 1349.88983 11.25256 805.95751
10 20.00 1942.33565 593.11245 1429.85166 1021.39754
11 22.00 484.57601 2728.47357 1031.01302 2893.99955
12 24.00 1894.89843 1115.86207 968.14180 374.67885
13 26.00 1288.06894 633.03780 1813.07404 1330.89524
14 28.00 847.26724 494.62105 58.19180 2362.67420
15 30.00 1002.74057 2808.96046 908.11179 2577.63418
16 32.00 2984.75707 2889.51662 2744.22089 897.08017
17 34.00 2432.10806 2480.17755 1748.47167 475.35396
18 36.00 390.85814 1803.87039 1551.39441 1636.24080
19 38.00 2079.30187 533.45171 1959.40589 2857.40901
20 40.00 2903.53895 2744.80121 2182.85173 706.90331
21 42.00 2772.01281 1302.72980 2368.21118 1440.04937
22 44.00 2645.60551 773.64893 573.80805 917.14982
23 46.00 1888.99373 1027.82356 912.90199 2690.20719
24 48.00 1556.67609 494.37275 2923.45876 1129.17525
25 50.00 1429.65878 1012.67534 1218.30182 2133.01192
26 52.00 922.15556 2682.98139 2599.64697 1942.76834
27 54.00 2504.75349 1840.15001 1714.06308 2288.69761
28 56.00 679.18325 2784.28735 1941.82223 1922.12224
29 58.00 376.08317 1412.70093 2592.43198 2883.02627
30 60.00 1879.45265 2162.98496 1702.87246 28.45130
31 62.00 197.44656 2097.00515 1448.78767 1433.64676
32 64.00 382.33440 2636.94339 1216.55268 2083.56848
33 66.00 2907.01648 2499.86814 377.67225 785.09717
34 68.00 461.36916 99.15888 1237.77417 1798.78606
35 70.00 159.15403 2281.42396 2153.49725 805.29023
36 72.00 2490.55261 2923.62721 2737.11243 2036.30973
37 74.00 444.92545 725.18043 2832.66819 340.94667
38 76.00 1380.34447 2458.77678 1188.00586 2734.32800
39 78.00 775.87398 2880.00483 984.77645 1714.73365
40 80.00 2363.87853 2636.40603 1902.40324 1565.11007
41 82.00 377.62116 1831.12929 668.32263 2936.67428
42 84.00 1832.45830 2955.15721 818.69214 2403.38206
43 86.00 490.75172 1725.62569 1912.11438 2502.19233
44 88.00 2888.48154 1942.14217 969.12578 1251.76890
45 90.00 1246.31551 2080.61869 2362.54988 2391.75110
46 92.00 247.25993 1058.73507 2589.13376 59.63726
47 94.00 506.43218 1293.82862 2738.32722 2225.26157
48 96.00 1394.91992 2338.11728 1208.05213 31.79332
49 98.00 2159.10873 429.74862 1688.30285 1723.94807
50 100.00 2109.51302 1908.46487 1296.97187 2527.28061
51 102.00 1219.73770 2593.99583 1934.76362 903.31807
52 104.00 1354.83030 1466.67155 2526.10406 2116.99469
53 106.00 954.29667 1975.97616 157.49247 2763.23078
54 108.00 528.10833 745.75290 1201.65706 1478.12794
55 110.00 430.82477 2115.98838 183.49548 1298.60382
56 112.00 2851.09380 2434.27437 802.91840 1712.71302
57 114.00 1865.91842 917.33106 693.59300 1723.70576
58 116.00 1762.44624 831.52982 2561.01493 2218.02518
59 118.00 2015.60651 2595.37927 2373.55354 2066.66890
60 120.00 523.55244 1406.42961 2081.73965 1003.12166
61 122.00 594.38405 2481.70644 2477.98624 295.82398
62 124.00 663.94520 59.08146 1444.20568 831.70260
63 126.00 745.65633 2694.43863 2037.64245 151.42087
64 128.00 2957.28082 1269.30178 304.41259 536.14012
65 130.00 879.36079 1426.95933 760.49426 1900.62311
66 132.00 1616.20099 572.63226 2456.79542 471.84760
67 134.00 725.18255 1040.52224 972.59000 217.86874
68 136.00 144.59326 745.61434 396.20703 287.51275
69 138.00 85.01196 2126.10533 1096.91255 1069.48420
70 140.00 1602.96426 1495.96889 2411.91545 2868.06652
71 142.00 800.31944 2993.00075 156.98174 455.65640
72 144.00 2686.08290 2453.45898 2025.31098 2838.90995
73 146.00 1179.81079 213.61926 1781.19380 468.80830
74 148.00 2439.03667 2567.55278 394.78771 697.71066
75 150.00 2402.35316 106.77997 1458.94233 1550.61751
76 152.00 1759.14764 2533.44153 2466.88662 2198.28013
77 154.00 2657.77810 2710.25598 1047.88957 2228.76762
78 156.00 2187.67797 930.18114 2882.99400 2794.80180
79 158.00 2922.31950 1849.41118 2623.45854 330.22556
80 160.00 2076.01957 2574.96453 942.17689 1488.53295
81 162.00 363.82945 2795.46092 1296.72809 691.84231
82 164.00 2876.37729 1895.41084 394.38278 833.00146
83 166.00 738.09410 2519.68666 1291.74983 2234.94160
84 168.00 402.38363 2556.22240 2014.05302 2617.82470
85 170.00 1971.39938 2675.33192 2148.35683 712.33962
86 172.00 394.26991 2622.00240 2.32761 1307.45526
87 174.00 219.47265 124.60663 461.52820 943.17691
88 176.00 1687.13105 1156.23691 2426.02706 2002.93387
89 178.00 1260.08073 1336.17775 2631.79337 918.21582
90 180.00 2057.51586 2078.19117 1267.37463 2738.71171
91 182.00 1515.55914 2235.48873 1778.58201 327.91286
92 184.00 235.94174 853.58876 2262.93092 2198.20250
93 186.00 2548.73738 2198.03864 1799.68715 1456.77656
94 188.00 1540.33275 1502.50980 294.48960 1781.69042
95 190.00 114.79471 2397.74606 2687.49365 1969.33088
96 192.00 1157.62120 729.21897 1569.00817 1222.89533
97 194.00 1524.76851 2123.16463 2201.57731 265.78495
98 196.00 2451.90064 1059.66340 1261.39225 1787.65355
99 198.00 2979.03349 1883.13152 1982.51509 1145.42836
