3
50.0
30.0
3000.0
4500.0
0.4394
100
0 0.00 488.86500 1679.97002 984.29507 2163.35850
1 2.00 2362.64239 15.17060 266.87822 1560.51195
2 4.00 2835.95960 2450.48125 548.30466 2066.54192
3 6.00 2151.23028 721.11143 408.74916 1259.05589
4 8.00 1168.45822 2801.88117 2772.58795 2384.52391
5 10.00 1119.42487 1444.41097 176.75236 1054.29681
6 12.00 1687.37480 2094.04485 2846.37411 274.40047
7 14.00 1723.08284 2924.17371 1831.25523 2531.52152
8 16.00 2657.72574 327.62191 2448.84484 258.52095
9 18.00 557.78934 242.61248 2640.33582 2231.60452
10 20.00 682.23830 2450.82139 2381.83528 159.72033
11 22.00 1708.53563 598.82871 98.48413 212.64052
12 24.00 1290.56390 941.73031 44.11751 2870.94331
13 26.00 769.27706 2101.98319 2963.92278 259.87112
14 28.00 1512.54003 2355.62276 1685.32314 981.68641
15 30.00 879.10671 2432.18450 422.54774 1702.46093
16 32.00 1404.97565 1779.29424 1719.25305 2595.61354
17 34.00 1236.37505 394.51518 771.27252 2869.64966
18 36.00 2297.97332 1240.25881 2198.10737 2878.00850
19 38.00 2379.09460 1544.01120 423.75203 1422.40477
20 40.00 2414.32045 2432.81037 247.92738 2705.08959
21 42.00 2176.05858 212.16971 773.45078 136.21181
22 44.00 1055.38503 1684.44102 1832.32162 665.33712
23 46.00 549.52765 1404.81620 890.30976 2912.46061
24 48.00 2351.01467 2185.11610 1313.55119 1572.05374
25 50.00 2643.92685 725.86974 2614.07134 454.15180
26 52.00 1589.81905 1216.89471 819.02549 1637.01006
27 54.00 116.75338 1287.80078 581.26841 1643.86107
28 56.00 2969.17931 2989.36762 2672.98725 2792.84682
29 58.00 1510.13947 1641.48740 2903.01901 953.75847
30 60.00 683.55452 2763.41202 2393.38088 1891.86593
31 62.00 2549.42897 1217.67658 413.69924 142.29853
32 64.00 1001.97749 1336.54823 1333.00050 830.10066
33 66.00 150.36286 1080.31825 1859.62389 1057.31765
34 68.00 1092.66624 1191.19768 617.96995 548.31679
35 70.00 2473.95585 1782.19986 1622.52646 999.91949
36 72.00 2296.97932 321.42039 1480.15352 2099.51152
37 74.00 2191.85961 1998.24724 1800.26523 2668.44965
38 76.00 299.18962 250.00399 300.35118 2336.72754
39 78.00 2824.21136 284.26417 2958.84065 57.28982
40 80.00 985.60188 884.79582 2827.28844 2045.93149
41 82.00 161.95023 2108.09157 504.57027 71.37902
42 84.00 2151.26028 1112.84711 701.42353 2452.71791
43 86.00 2796.50260 2095.89779 249.47348 531.37945
44 88.00 1.95010 248.07900 405.69950 1313.21215
45 90.00 941.24103 2381.65875 1697.67092 2615.76882
46 92.00 178.56310 473.72603 1253.04228 2437.36807
47 94.00 2756.91857 236.81973 332.98139 643.79634
48 96.00 2158.42277 549.27834 2635.52336 2899.83724
49 98.00 1964.02908 2059.18082 778.88901 1901.14955
50 100.00 1852.90562 95.97186 847.55865 2867.58493
51 102.00 1476.93808 2294.95491 2112.55342 2533.57443
52 104.00 1391.08677 1652.23360 2792.25098 2124.89097
53 106.00 1769.66158 1098.47243 84.15100 691.79885
54 108.00 2252.98833 197.28857 29.16824 1178.01125
55 110.00 2872.17787 1866.12209 2909.50417 2318.58406
56 112.00 36.61446 2070.08812 1736.93463 9.01259
57 114.00 1044.62942 2813.06304 2634.86063 1285.22473
58 116.00 1519.44686 2096.18908 2280.95125 193.22840
59 118.00 1628.28320 1880.58299 2729.57184 2866.23527
60 120.00 2971.45695 1010.43221 1846.12087 2675.72067
61 122.00 2879.53306 1077.52252 2279.89558 730.89295
62 124.00 1121.39946 1701.24662 439.52378 1084.03796
63 126.00 211.98504 177.97464 2891.26232 1708.18345
64 128.00 1732.82710 1932.37596 1193.35039 1285.41950
65 130.00 2742.02151 2472.74341 176.36944 1640.20596
66 132.00 2151.38647 1432.50195 132.26649 2086.35554
67 134.00 724.90773 1436.94595 801.16765 2040.65424
68 136.00 2149.96934 2869.24996 1986.63708 1710.82800
69 138.00 866.92809 1743.15950 2889.54046 1124.90592
70 140.00 675.08490 8.33725 1472.32954 1130.93085
71 142.00 2544.19874 471.52661 984.27520 653.89862
72 144.00 1898.64931 2485.32680 218.63561 637.54971
73 146.00 1138.44883 765.31162 2696.53184 550.93468
74 148.00 317.30359 1611.71674 551.31075 183.44492
75 150.00 560.31048 2841.07486 2107.36935 448.35489
76 152.00 2367.83048 923.14581 2568.03440 209.23202
77 154.00 2211.68632 95.84489 119.50146 2685.09064
78 156.00 1265.26453 2030.30069 1068.50848 16.85580
79 158.00 2292.91628 1623.04159 2740.57349 1531.31024
80 160.00 728.92716 454.40043 2708.55875 265.15874
81 162.00 1177.74623 659.83215 408.24325 2782.55517
82 164.00 844.76966 2035.01485 2873.06332 2770.58885
83 166.00 1369.61564 2262.71128 2988.06749 1669.45065
84 168.00 2946.06468 1353.44283 2571.62960 2582.11126
85 170.00 263.18052 1780.25726 1780.79009 1270.49319
86 172.00 502.46129 139.27863 2859.75377 720.80817
87 174.00 2013.10940 2646.91598 2392.01852 2654.23288
88 176.00 424.39591 1110.13199 1561.98226 233.21305
89 178.00 1385.83124 1390.10189 73.99233 1787.51321
90 180.00 3.29212 1334.75299 272.50233 1032.75675
91 182.00 486.30792 2141.08277 1652.19229 542.79764
92 184.00 1294.34725 2872.30564 296.92397 2385.78508
93 186.00 2176.67146 512.75037 1057.71493 2731.15731
94 188.00 2357.02904 1566.76192 2729.58247 2168.36820
95 190.00 2059.18636 1696.63017 1301.20455 2318.40766
96 192.00 1509.39867 634.30800 1114.28514 1650.71423
97 194.00 244.65910 1765.62378 938.84206 2248.87397
98 196.00 2070.80215 1411.33554 2111.93313 282.58912
99 198.00 1668.03891 133.37121 151.03179 2977.24588
