3
50.0
30.0
3000.0
4500.0
0.3101
100
0 0.00 2118.96660 2534.23237 1333.21519 1296.79785
1 2.00 789.16960 2593.50825 2979.23175 2194.90123
2 4.00 349.38792 1061.16349 237.20124 2379.96077
3 6.00 2182.08477 981.34715 1521.18052 828.32409
4 8.00 1891.87183 1538.53234 2331.13671 2120.42940
5 10.00 944.42978 2774.18994 1300.13287 2797.10400
6 12.00 2382.59220 952.58160 2524.29312 1983.39128
7 14.00 2632.72060 106.90856 1903.49147 23.91176
8 16.00 410.62402 1128.62717 2829.48711 2020.04289
9 18.00 795.85814 454.29932 2441.60656 2200.68206
10 20.00 847.79902 595.71890 2627.59184 2852.49827
11 22.00 2571.47039 2248.33793 9.59313 201.78380
12 24.00 1673.21148 625.64091 534.34508 1254.47805
13 26.00 789.22144 1140.87069 1751.69687 1913.14388
14 28.00 1452.69919 1970.82290 540.19300 900.30171
15 30.00 695.68001 876.34775 1455.17985 2390.23853
16 32.00 1176.63017 1071.38362 1442.87716 289.59970
17 34.00 337.10226 2642.68557 2264.88330 861.81406
18 36.00 2908.08643 976.19114 1987.25457 347.45754
19 38.00 1394.20780 956.71786 340.60888 2090.90574
20 40.00 2114.45640 2321.04534 1451.21620 2414.16393
21 42.00 1467.52313 1236.00876 704.58012 872.79071
22 44.00 1522.46221 2669.43184 2348.48368 182.40978
23 46.00 2315.39597 784.81576 952.85507 1174.13518
24 48.00 1325.85464 1196.03854 2737.10619 804.95170
25 50.00 2184.56054 1019.52467 2455.57375 925.53195
26 52.00 1229.43463 1717.51709 499.60543 618.60246
27 54.00 1875.85952 2843.63338 1839.91191 989.05253
28 56.00 1814.88362 59.75975 2166.68616 2407.23863
29 58.00 270.75813 2114.19156 2736.68569 2300.52615
30 60.00 1658.68257 1964.79475 1555.94700 1086.29325
31 62.00 595.31944 470.97873 1607.09644 2579.16851
32 64.00 688.00340 2403.85618 2731.96134 994.50634
33 66.00 646.84529 2200.00305 2820.04139 108.22492
34 68.00 60.08512 2821.06558 307.56219 1193.81222
35 70.00 1454.69984 470.83652 904.39931 690.01572
36 72.00 2317.23490 741.92622 817.37474 370.92849
37 74.00 2352.16083 1965.82788 393.57957 2221.57721
38 76.00 809.99598 254.74989 221.67073 2166.33861
39 78.00 2287.15798 1246.14007 44.22535 2490.75456
40 80.00 1814.61558 455.54267 2207.62019 2377.86002
41 82.00 582.85224 1817.07474 936.56911 971.18020
42 84.00 1537.06689 70.29585 822.14922 608.00008
43 86.00 792.80987 1968.15213 1414.20106 873.71596
44 88.00 279.18719 2900.65899 1682.98878 1450.04856
45 90.00 2722.99727 1599.61171 733.84211 51.63760
46 92.00 1491.10467 1180.93555 1118.21300 1639.74425
47 94.00 324.91289 672.18258 2925.57178 1192.04585
48 96.00 696.34664 1109.46488 1689.45980 1928.45570
49 98.00 997.30642 2429.04236 2927.45228 286.16711
50 100.00 507.76714 2594.48314 1469.43439 749.90718
51 102.00 423.99170 1849.46541 1420.54397 2169.09724
52 104.00 1699.91762 697.28927 2302.22544 756.07155
53 106.00 934.36487 1013.60544 451.83592 964.32895
54 108.00 1695.93708 1219.60285 16.71531 2071.19202
55 110.00 2265.11379 2384.08737 1636.76621 939.04853
56 112.00 1956.02587 965.51387 2126.60452 1543.29335
57 114.00 2575.95873 2978.26608 244.30293 315.13163
58 116.00 2097.76669 1127.05815 2270.66012 486.27934
59 118.00 2244.44629 498.59092 1312.80378 2915.74882
60 120.00 117.18584 1272.54667 512.16626 2409.46089
61 122.00 1461.58013 2246.98030 1641.25515 1198.21697
62 124.00 890.25307 1306.43821 882.67097 2765.91065
63 126.00 2030.04948 1567.44031 1845.30146 1114.89544
64 128.00 1950.66215 424.55279 1569.75372 613.38552
65 130.00 1841.99946 2143.42440 1558.13935 753.71809
66 132.00 1388.64050 2808.60750 2781.23878 2160.39077
67 134.00 2557.18852 406.01774 1573.13536 2488.22405
68 136.00 29.46356 1248.90883 451.04723 201.14404
69 138.00 2930.92840 935.52153 563.02328 2082.13552
70 140.00 1613.19448 993.10539 183.32337 1406.08231
71 142.00 469.35906 1051.35838 1677.46827 678.08853
72 144.00 1886.46526 2783.63850 823.74184 2462.26329
73 146.00 2604.27948 1753.40516 917.25096 1873.50281
74 148.00 1209.80508 764.24815 1623.05098 1978.10271
75 150.00 232.42838 457.26541 2191.97423 839.95660
76 152.00 788.81285 306.96637 2390.65344 1761.95119
77 154.00 2298.16303 990.48057 2315.93605 1776.50992
78 156.00 831.71251 2421.89875 2614.00975 2005.49074
79 158.00 1420.22051 504.29817 2350.09475 2967.26168
80 160.00 274.01481 2410.06148 439.47497 494.45516
81 162.00 2623.84227 970.01363 2687.86003 156.56756
82 164.00 1535.11579 1319.06706 1994.52669 981.26809
83 166.00 1501.12532 351.88949 1680.43541 1131.92865
84 168.00 1156.58958 1423.43400 935.28550 1565.95711
85 170.00 1592.05652 2649.85683 2526.57366 2866.08037
86 172.00 2836.46980 2500.81480 2134.04303 2519.62831
87 174.00 1681.45760 1470.28051 2366.89517 2056.10276
88 176.00 1673.71525 1306.24012 1044.54147 75.88666
89 178.00 1097.06153 1398.22764 2010.11729 2185.47451
90 180.00 641.33988 1679.38207 2993.70034 2818.22145
91 182.00 1147.37225 537.01680 2242.88549 32.01727
92 184.00 1326.24170 1578.00778 16.84362 931.17210
93 186.00 282.32545 1106.60228 761.28098 2764.69186
94 188.00 1820.32324 100.58457 824.85425 1436.20461
95 190.00 131.75216 2086.49723 759.11386 1875.81124
96 192.00 2913.42208 2469.97713 2589.55597 2782.72452
97 194.00 2991.69473 1896.72025 1470.90146 1420.34525
98 196.00 2624.81049 2251.75905 2422.29206 114.58078
99 198.00 86.51091 2682.79541 459.57525 2208.58851
