3
50.0
30.0
3000.0
4500.0
0.4152
100
0 0.00 1532.78450 2326.55411 2009.35269 1360.71985
1 2.00 2698.95437 1661.39930 2188.66877 1177.48670
2 4.00 1648.12224 544.95752 1318.60956 362.78930
3 6.00 1406.31744 189.96581 2062.44853 594.96357
4 8.00 2361.63496 2184.91037 2777.38493 1966.18826
5 10.00 2899.86067 2870.07301 2778.26140 977.46782
6 12.00 517.63159 1729.94421 1700.62385 1844.42761
7 14.00 2222.98373 2644.67613 2866.02592 2198.41539
8 16.00 2398.20889 1971.74131 1755.53021 1921.07253
9 18.00 708.81619 1651.97678 709.36417 499.69148
10 20.00 1959.95900 2107.41075 733.56353 1732.81547
11 22.00 2683.56495 609.55952 1667.83241 924.18425
12 24.00 1253.62619 1467.30968 1933.81947 2211.34480
13 26.00 2647.51903 656.59806 2424.72550 869.52838
14 28.00 2825.69504 1713.13115 783.11379 761.68874
15 30.00 2432.29039 2324.79287 1833.63852 2175.08932
16 32.00 541.38140 1340.48017 2474.60713 2581.84271
17 34.00 1316.38800 560.38417 522.99170 209.64743
18 36.00 166.31257 739.46805 2703.21779 1405.53304
19 38.00 1581.00021 1493.10274 337.53927 1470.98249
20 40.00 2686.14817 980.63030 1738.73567 1674.93676
21 42.00 2744.94230 729.08159 447.71873 2436.96230
22 44.00 2258.24694 295.66922 2379.70088 1191.39506
23 46.00 2371.75724 2588.93448 1643.93843 519.79899
24 48.00 2650.11444 795.93470 1662.63005 1819.73990
25 50.00 2819.18066 2654.47626 1555.87199 1517.74618
26 52.00 1706.76393 1047.93876 631.75720 2219.94336
27 54.00 2114.85868 1116.57866 1543.00366 553.96861
28 56.00 1912.28140 1183.03730 182.64303 2513.56336
29 58.00 2251.82052 2992.63704 2305.70606 605.98558
30 60.00 834.39057 906.31059 2767.63398 1936.22053
31 62.00 2444.01818 2565.55688 1721.55695 328.44252
32 64.00 199.22531 2505.55224 489.01424 630.15425
33 66.00 2183.87335 2695.61921 2602.77745 68.52174
34 68.00 447.64613 1731.56532 2337.66154 2189.30054
35 70.00 1760.63854 1044.74264 72.08985 908.37197
36 72.00 1433.90622 1961.26411 2204.76637 578.55383
37 74.00 1836.24053 588.99785 14.73743 1246.75322
38 76.00 1410.28983 631.25131 1780.45489 278.78768
39 78.00 2902.24381 435.55215 145.24939 452.79516
40 80.00 455.36216 621.73686 354.23764 2060.35785
41 82.00 2101.20600 1381.03427 1399.65844 1980.54844
42 84.00 160.51039 1817.51194 2238.06322 267.70976
43 86.00 338.12875 1208.08887 388.50745 542.12093
44 88.00 362.87037 2165.01206 1339.47301 2168.99808
45 90.00 1985.15302 2776.59196 2279.85597 2797.20723
46 92.00 593.85399 1868.92204 2189.04280 111.06907
47 94.00 1715.65153 1294.34566 1011.93955 1608.44538
48 96.00 1981.01166 1366.02975 2630.61754 2433.77766
49 98.00 2329.94627 310.88870 2293.08023 846.13496
50 100.00 301.37602 853.35130 2369.51100 2049.12515
51 102.00 1876.04518 421.83365 1011.46687 26.22647
52 104.00 1994.77045 2945.95152 450.38424 860.13889
53 106.00 386.42223 2519.97415 1774.20364 2101.87708
54 108.00 1100.18159 2903.02901 2164.72262 2518.93819
55 110.00 198.05272 2226.33616 1965.46917 2416.08647
56 112.00 643.85450 2000.85167 1788.60825 384.60999
57 114.00 2083.68175 1489.67418 51.26561 291.50418
58 116.00 2906.65652 355.95100 826.38581 1271.58636
59 118.00 1077.04822 979.91682 1100.07183 920.83547
60 120.00 2772.06014 636.03783 81.12646 2824.53798
61 122.00 2664.30690 2335.56319 76.93664 2970.30000
62 124.00 2790.55569 1267.37937 1085.46774 485.86159
63 126.00 692.42038 1484.57127 180.92689 1797.20042
64 128.00 184.55568 2156.52295 2891.98206 1293.66567
65 130.00 2585.89287 67.14118 684.60375 379.44833
66 132.00 844.19635 1950.28281 2703.36000 1027.17097
67 134.00 783.18556 2592.16552 2483.30292 2053.34608
68 136.00 1926.12295 665.51072 2130.99517 856.36738
69 138.00 749.09232 374.08405 1848.41161 2723.94153
70 140.00 1216.62001 1489.16109 2742.61967 1919.51605
71 142.00 1105.69830 2679.12760 924.77798 194.64716
72 144.00 1328.43681 2031.20541 2994.11862 1115.90940
73 146.00 1275.51032 517.44752 738.29261 1438.71449
74 148.00 319.27508 2510.31062 753.29866 1302.55461
75 150.00 331.68069 1664.82420 2307.47062 2391.77716
76 152.00 1542.54907 116.19118 79.93624 2734.40366
77 154.00 2377.58976 1661.53005 301.13157 1195.91502
78 156.00 2290.33273 269.94206 485.62307 1548.83974
79 158.00 1633.11790 1550.55578 2437.00850 2010.58342
80 160.00 1343.28363 444.39643 91.44616 2159.37784
81 162.00 2922.60350 2112.91132 1390.36600 586.45726
82 164.00 127.35187 1358.88939 739.50901 1385.83849
83 166.00 687.56701 239.12273 143.39516 2610.68752
84 168.00 1083.36340 1592.08240 826.64337 900.70971
85 170.00 2403.07994 524.94188 2112.19423 74.37044
86 172.00 1695.39364 545.17759 1595.07508 1584.36698
87 174.00 1066.00055 1277.72518 1288.45475 761.28196
88 176.00 89.05214 361.48912 16.40004 596.89439
89 178.00 2013.15231 2616.50430 601.09684 1207.73956
90 180.00 2467.75634 2758.36864 1318.42871 762.66340
91 182.00 1312.42463 1180.87221 2469.57922 236.80024
92 184.00 1755.44156 1573.84775 2492.07911 2098.43176
93 186.00 1425.01017 96.25389 2939.46845 1208.95302
94 188.00 1276.69063 931.80386 990.99524 1767.94258
95 190.00 2265.28815 2385.31018 151.73266 1765.54286
96 192.00 1999.60959 372.97026 756.94987 58.94357
97 194.00 1965.30958 1756.69380 1631.63396 2824.42981
98 196.00 203.83411 2144.70829 2271.86170 2573.76095
99 198.00 1893.22373 808.66878 9.08067 747.87157
