3
50.0
30.0
3000.0
4500.0
0.7222
100
0 0.00 2599.14543 1883.86644 1071.84781 280.25400
1 2.00 2929.17658 979.07384 65.97495 384.06853
2 4.00 235.15824 2842.11231 420.09452 116.94612
3 6.00 2990.13105 2562.97033 2799.84101 378.94553
4 8.00 2725.69688 902.86934 2623.45887 2345.28647
5 10.00 97.59802 712.54152 2903.11077 2728.63030
6 12.00 1039.77045 1592.06001 2126.44968 652.54357
7 14.00 1548.61590 1330.39504 2473.66381 1800.00916
8 16.00 2654.92910 1760.73836 1576.30567 2245.40746
9 18.00 812.68575 2150.07024 1914.25426 982.25204
10 20.00 1578.80012 314.93390 2574.06389 1607.35236
11 22.00 1458.05855 2578.68859 563.38173 1545.65958
12 24.00 414.24965 2795.39294 2555.85545 1760.64463
13 26.00 2604.22021 295.39980 1029.88550 2612.46817
14 28.00 1095.38910 1401.11376 1256.40814 1583.59960
15 30.00 1577.84563 2171.45236 1009.63045 1015.34335
16 32.00 123.05604 160.91283 1539.90604 1725.56254
17 34.00 2183.79248 2557.17585 1861.72683 2534.89815
18 36.00 785.40535 1505.42391 1163.04184 2025.62139
19 38.00 1015.75251 2473.67150 2286.62108 1537.49627
20 40.00 845.17476 2218.35304 2654.32561 2535.92025
21 42.00 2211.28265 1531.26306 408.69088 765.92298
22 44.00 1221.66564 871.44247 711.98127 997.30852
23 46.00 1330.85916 2552.02117 1786.97913 1083.33562
24 48.00 2351.56288 1804.00315 2399.77005 2802.46684
25 50.00 1104.80189 997.92379 1532.33893 2576.40866
26 52.00 1523.36883 2135.41677 1992.14150 1339.91011
27 54.00 2327.89252 900.07524 2302.91748 1356.07798
28 56.00 1489.95857 1479.48073 1116.31164 2621.63935
29 58.00 1109.81191 2638.15194 352.41589 650.47533
30 60.00 1342.13213 2554.57765 2209.98239 2436.70177
31 62.00 744.95831 1788.40534 1847.08487 51.08060
32 64.00 186.37266 855.06829 992.80181 1092.56428
33 66.00 2949.81829 1642.25752 931.61876 2063.96689
34 68.00 1248.16403 2689.16457 2766.06899 2536.35563
35 70.00 316.56838 1279.11464 592.43394 1690.91958
36 72.00 2364.27635 1976.97309 1465.73684 462.11404
37 74.00 1092.04107 662.99060 2704.91365 2790.38765
38 76.00 2329.56971 1292.77735 790.52218 2202.71267
39 78.00 62.46474 903.37752 2346.71536 2733.79974
40 80.00 2957.19000 1472.45720 2038.61995 1191.90239
41 82.00 592.03322 188.26112 849.08037 1103.45500
42 84.00 339.52718 1882.84524 828.91508 1489.30918
43 86.00 2786.66656 2457.37184 167.64650 848.75303
44 88.00 1093.61108 1667.05312 2370.91721 1059.57662
45 90.00 1867.46111 1008.63562 2492.33860 2770.89627
46 92.00 2404.26035 2874.65783 1271.88802 1674.73076
47 94.00 2909.58257 644.06886 1119.03537 2910.26547
48 96.00 1974.08142 2098.06643 2581.92893 1243.83689
49 98.00 1526.92393 1681.47216 2346.95765 1068.36412
50 100.00 23.33549 2965.53710 2231.45424 274.97343
51 102.00 1508.22621 2277.39702 152.44532 602.76912
52 104.00 1420.94806 1111.67038 988.88692 1414.64747
53 106.00 963.18000 476.02672 1877.24169 1737.25541
54 108.00 1749.21285 669.20260 1667.96403 2661.50075
55 110.00 2335.30915 1848.18772 2896.57970 2611.02138
56 112.00 2004.68898 1260.70190 1570.53650 2866.99296
57 114.00 2650.05926 2949.97221 1638.96497 1938.68936
58 116.00 73.33137 263.98529 1105.66150 2370.16584
59 118.00 1655.60382 1791.65179 278.50389 1108.27215
60 120.00 613.82772 131.13141 1217.69170 145.46279
61 122.00 1833.26755 569.57821 2033.59756 712.09327
62 124.00 651.40054 1711.99175 728.98133 1762.30654
63 126.00 554.82291 7.31684 2007.33364 708.61239
64 128.00 1681.54882 1342.63870 508.67915 1964.64989
65 130.00 2856.18217 1678.79305 1844.81476 1584.64002
66 132.00 849.97972 2817.38501 1559.19937 2258.07168
67 134.00 1236.64239 1358.41733 1212.54206 2243.19360
68 136.00 818.90738 2529.97060 405.34374 23.70643
69 138.00 697.75686 1537.51087 278.11513 881.83853
70 140.00 2228.57359 1214.27275 876.30606 834.28223
71 142.00 2183.79217 1239.08540 824.44169 89.95823
72 144.00 1389.30009 1676.41569 2299.48767 2294.95141
73 146.00 2284.87637 1797.81295 1302.28184 718.85364
74 148.00 1781.64976 1953.61470 1554.84950 2049.29809
75 150.00 1648.99840 1330.88044 2564.21261 817.87848
76 152.00 1699.43498 933.30025 1579.42357 1991.25423
77 154.00 917.86616 2849.61778 1152.06664 1829.57981
78 156.00 2948.27420 1707.10996 2109.41450 747.96414
79 158.00 2431.12095 990.84359 1311.48716 932.85718
80 160.00 432.51819 1845.15008 30.71073 457.78894
81 162.00 1136.56403 2381.77806 2277.01318 2540.67170
82 164.00 2816.22815 2415.61157 804.80691 2865.45165
83 166.00 1165.80287 1254.89841 2987.99905 1558.08205
84 168.00 2876.21042 365.20559 2959.05929 546.18512
85 170.00 417.31559 2344.50689 437.68222 1994.96714
86 172.00 1949.77938 2924.32008 1936.80630 798.86903
87 174.00 1680.55481 412.11270 2709.94773 679.66925
88 176.00 623.36623 1457.91115 1673.99145 809.52425
89 178.00 2943.74539 2026.46975 192.96550 1544.04342
90 180.00 1475.81944 902.40494 2649.75205 1562.47982
91 182.00 980.34580 1504.32918 154.37329 796.48605
92 184.00 989.10714 1752.36496 2059.45824 2740.09057
93 186.00 976.65535 2326.67303 1987.77706 1955.17840
94 188.00 1998.25381 2372.41318 1115.51995 2403.42561
95 190.00 1507.24707 1684.86738 6.38690 2660.07716
96 192.00 1011.97245 2549.18870 395.29406 1186.79713
97 194.00 2245.83271 1954.97561 783.41482 766.34478
98 196.00 1804.96310 644.50660 1242.69327 672.57413
99 198.00 1400.67644 1102.93515 322.11272 2886.38644
