3
50.0
30.0
3000.0
4500.0
0.2293
100
0 0.00 1088.99404 2147.01369 2464.09610 63.22263
1 2.00 2900.41548 1817.44420 2524.41890 1986.67030
2 4.00 2822.54483 2072.04737 2366.40813 719.02749
3 6.00 1658.18371 927.80551 2875.45084 1088.56530
4 8.00 2436.75090 366.16131 2600.85881 2572.94142
5 10.00 1165.41304 2729.36730 1178.92670 2933.97856
6 12.00 766.60107 270.75098 2468.12318 706.38136
7 14.00 631.15947 2670.74018 2747.67240 1894.05811
8 16.00 2638.40174 2300.22270 1218.86645 101.64504
9 18.00 2599.33376 2469.59334 2821.48626 1413.27385
10 20.00 1238.88396 2523.49040 2152.15805 2630.28368
11 22.00 2460.72393 2473.20260 2095.44656 1519.00354
12 24.00 1055.56904 1806.34783 2440.28415 2213.35656
13 26.00 1359.78526 82.05268 156.29647 1924.77753
14 28.00 1890.46902 2373.05795 408.27667 1201.98555
15 30.00 1884.88882 941.16541 246.69615 473.46732
16 32.00 1549.09767 2908.99376 2491.86414 2289.48811
17 34.00 2540.88129 2057.26014 2377.92688 958.19739
18 36.00 1435.09644 2205.51633 782.03964 2062.40062
19 38.00 2480.30583 2398.58600 595.99116 1243.48927
20 40.00 545.66776 2629.17004 2834.27146 2653.02429
21 42.00 673.46140 2844.32765 2769.33706 1941.32007
22 44.00 1879.88207 2720.53434 2922.38272 594.79861
23 46.00 2103.78346 506.26787 1203.10473 1286.71010
24 48.00 780.47334 267.18380 1103.76046 2841.73053
25 50.00 352.05156 2155.75027 1305.47621 2759.96715
26 52.00 1361.12360 2020.83013 355.53705 2140.69114
27 54.00 571.63250 2585.81017 2346.36583 863.88592
28 56.00 1482.50447 390.59799 2569.01318 1800.24836
29 58.00 2985.62235 848.90174 2031.56595 1254.99297
30 60.00 1225.57231 437.82856 870.57888 785.39839
31 62.00 1853.04072 2721.98470 1108.91322 2052.80126
32 64.00 1374.49233 30.96073 399.61481 969.73794
33 66.00 2079.07067 2060.55735 2140.00785 2125.35950
34 68.00 2208.31232 768.67678 285.83827 176.25694
35 70.00 998.58762 704.52432 2724.67961 2990.21831
36 72.00 2817.96582 2901.62953 1794.69620 2244.72552
37 74.00 136.53561 760.97065 1858.97363 907.52207
38 76.00 1184.09044 1112.70364 2904.17343 1678.68117
39 78.00 1741.46073 780.87496 1511.24017 2790.98082
40 80.00 2633.69026 395.75860 951.95216 1591.27140
41 82.00 425.38720 350.52617 132.48648 383.61448
42 84.00 2615.03868 2504.41211 2243.47010 2778.71113
43 86.00 848.77652 2630.80916 1838.79471 2284.69176
44 88.00 791.27382 939.03095 2678.01543 946.62876
45 90.00 2983.69520 2291.02624 453.79424 2559.10098
46 92.00 1972.25843 2394.66055 159.66656 445.86242
47 94.00 689.58164 107.58674 780.67189 2117.88859
48 96.00 1309.28960 2985.60523 2781.61902 122.37513
49 98.00 1069.56035 2127.08743 1455.59854 1478.96565
50 100.00 2537.51505 2600.63790 370.96270 280.73363
51 102.00 2604.51933 541.96489 504.88500 1526.21329
52 104.00 818.37466 2672.68357 1757.03221 1750.64217
53 106.00 2914.88206 1578.04622 1712.36343 1249.25697
54 108.00 230.50639 2304.76028 2030.72555 2662.10309
55 110.00 77.88651 2043.93703 2041.91823 1182.50941
56 112.00 1771.01549 2853.65955 2510.93163 461.32641
57 114.00 243.18971 2492.09768 1978.61797 1362.16655
58 116.00 2865.60459 1782.61278 17.41608 2909.31154
59 118.00 1968.51827 2852.68791 974.74640 2194.63565
60 120.00 2202.95868 2872.20834 1707.47531 634.10058
61 122.00 146.04675 1930.93209 969.51254 166.60507
62 124.00 212.17227 2855.70057 1144.17279 1196.57549
63 126.00 534.03240 2895.14793 2596.54653 267.56492
64 128.00 2557.03750 488.82205 2338.47764 854.80767
65 130.00 2257.67570 1962.19290 361.80595 1472.53529
66 132.00 1297.07526 2419.05959 930.30392 2054.88583
67 134.00 393.86001 1996.56089 2496.15862 1537.95968
68 136.00 1468.86911 2656.23912 1429.31906 1689.17123
69 138.00 1269.21174 2269.47193 2432.98308 1841.60335
70 140.00 1302.31777 1278.05130 121.31427 1025.23454
71 142.00 1390.57463 672.69064 2058.70961 465.20910
72 144.00 1485.96676 1888.67874 1574.03335 872.10907
73 146.00 1312.06656 2721.62313 1432.83410 445.81962
74 148.00 383.36925 2708.71086 2524.61386 1569.27617
75 150.00 886.44490 143.18482 229.59756 135.28471
76 152.00 322.89651 1274.74056 283.45309 1982.56576
77 154.00 1705.43463 760.14099 764.58061 245.30868
78 156.00 1510.33370 341.80647 1984.73497 538.65659
79 158.00 546.62440 1178.87201 249.87170 2630.26604
80 160.00 892.94255 1761.62516 1364.99445 2010.77960
81 162.00 1871.43118 795.22317 2900.15888 2614.03445
82 164.00 561.57520 555.26217 2241.08796 1812.15862
83 166.00 2614.84738 318.99198 1603.12801 17.54121
84 168.00 350.03478 515.20605 1431.35962 2075.41869
85 170.00 2606.34156 2897.41142 1805.66232 1460.16748
86 172.00 1855.49812 2921.76568 1082.18635 2021.40943
87 174.00 2070.88006 1184.99171 907.96998 375.26847
88 176.00 41.62775 335.73751 47.65574 2911.56109
89 178.00 2577.03609 627.68844 1945.86967 1949.21948
90 180.00 1307.36542 1878.17745 2370.03461 572.74336
91 182.00 902.75361 1390.27667 1421.96726 65.45048
92 184.00 498.31648 457.26672 2107.79432 2891.60061
93 186.00 1414.46760 2579.38934 1755.67881 604.01526
94 188.00 1708.29139 2501.51560 152.76654 23.62284
95 190.00 1891.22964 2139.27844 2938.46081 2545.84878
96 192.00 2211.23494 1787.51865 1662.91358 872.32360
97 194.00 1462.48954 1458.30288 1773.11783 1834.48588
98 196.00 2036.00375 2450.06771 1463.70449 2142.87099
99 198.00 1584.92643 1266.01364 947.55045 190.53171
