3
50.0
30.0
3000.0
4500.0
0.8515
100
0 0.00 2985.98403 1109.07730 694.90249 464.36264
1 2.00 1047.54288 1265.11118 381.69219 1207.30420
2 4.00 1501.73578 1183.98643 2310.83064 485.40104
3 6.00 2267.74773 2659.13772 1063.96604 1494.51468
4 8.00 2236.81881 1753.08229 927.23772 840.29371
5 10.00 111.37436 179.78133 1692.20689 1516.83535
6 12.00 2350.93265 359.19896 2711.22931 1956.08705
7 14.00 268.65441 1010.55461 1488.10774 2798.50992
8 16.00 110.46859 833.23519 1147.96364 2831.21793
9 18.00 247.45804 2502.83137 2309.99228 1343.39192
10 20.00 2689.96318 998.90535 2544.49276 787.47691
11 22.00 314.36642 556.06552 783.70751 2905.63746
12 24.00 2046.56143 1500.67607 1898.61670 1798.78525
13 26.00 2374.65681 2215.62125 857.41936 2958.07221
14 28.00 770.85427 1979.57901 2517.83903 2394.48454
15 30.00 343.51073 657.58442 2190.88154 1388.72175
16 32.00 133.60991 1784.81138 1455.31866 1285.71461
17 34.00 62.75396 568.05215 1642.74294 576.99829
18 36.00 739.59154 1176.53084 975.78819 494.34340
19 38.00 2696.86291 2450.25655 2010.35214 7.29200
20 40.00 2404.94302 843.95377 2027.62058 932.97883
21 42.00 784.58865 2288.69864 810.78205 2390.27265
22 44.00 1305.99164 371.92259 1056.91139 847.24465
23 46.00 976.65002 1024.45975 258.93991 592.37114
24 48.00 2451.76542 1290.72710 457.30760 264.85393
25 50.00 1600.08735 2816.56212 2589.26608 1080.25580
26 52.00 217.18239 26.68138 2001.03974 819.51126
27 54.00 397.57204 2903.22607 1086.08340 424.08938
28 56.00 1443.72856 19.88470 1205.88939 1623.50201
29 58.00 1915.83806 1531.66108 821.61115 2630.44358
30 60.00 2767.98226 2091.37130 1315.80536 1412.43913
31 62.00 453.89100 564.44208 920.55912 2076.79912
32 64.00 552.99243 1854.90970 1466.13858 2808.89395
33 66.00 2199.90947 744.69198 1220.12891 475.07204
34 68.00 742.37462 463.95293 1228.27900 1346.47593
35 70.00 2747.67002 1288.63378 874.26121 2646.26515
36 72.00 1007.22934 1519.82715 1526.09286 370.86335
37 74.00 1903.67632 878.69028 1154.41055 2908.59431
38 76.00 1920.49571 1373.41336 882.66802 2057.98629
39 78.00 2926.89263 868.58628 1821.29106 581.64741
40 80.00 218.77132 1251.24484 1039.73402 2654.47711
41 82.00 470.94930 2598.99830 2183.05235 2653.43706
42 84.00 1226.60853 781.90299 2444.95018 2891.80977
43 86.00 13.73083 2060.23470 689.72936 1947.40566
44 88.00 2692.69336 1938.50115 627.71205 560.17665
45 90.00 574.16891 1190.49745 2705.82443 2133.72322
46 92.00 619.17966 321.90933 1350.55356 44.44139
47 94.00 729.97718 123.69241 622.11591 2041.76522
48 96.00 664.82451 599.11676 1962.55542 2386.46648
49 98.00 1994.24062 2661.11129 287.50763 47.17250
50 100.00 1194.03933 838.64271 2453.41361 472.55834
51 102.00 1270.12403 1613.23679 2606.14521 2613.91219
52 104.00 666.24466 1585.51769 2079.36984 2743.34873
53 106.00 1933.35210 1096.09347 581.84222 331.04596
54 108.00 828.09423 2655.88735 2682.28240 1690.10341
55 110.00 1632.53242 282.74174 1454.06170 780.27214
56 112.00 259.75967 952.56256 2410.40236 64.46628
57 114.00 1132.74002 1278.92091 1500.32420 2538.09572
58 116.00 707.04156 1140.16783 178.81385 1191.53423
59 118.00 2851.72353 1231.19393 2966.58070 523.76778
60 120.00 430.65461 2588.47229 1483.37061 1917.29248
61 122.00 395.48247 2799.30036 2877.59986 314.29630
62 124.00 2345.46135 2979.38990 439.25050 2874.86207
63 126.00 1278.78468 1923.67168 2828.29425 2329.04795
64 128.00 1012.05243 2866.40436 376.11781 181.03649
65 130.00 867.27179 232.15970 2599.34370 2533.05583
66 132.00 2670.02487 1489.25818 1954.83195 1184.05143
67 134.00 2127.29038 2652.82453 192.88661 1692.99354
68 136.00 1835.36018 1927.70175 551.80645 2868.04737
69 138.00 1592.92438 1255.19834 1122.50751 2941.85947
70 140.00 643.27143 1657.03465 2288.40068 1671.45929
71 142.00 2428.57159 2798.56675 341.13193 125.91654
72 144.00 2861.45443 1413.13295 587.89422 1576.36311
73 146.00 2920.98578 248.27121 841.72050 593.04950
74 148.00 53.67092 1857.36271 1808.31565 2862.15006
75 150.00 78.49835 156.14726 2536.55708 2216.79456
76 152.00 1173.45621 1193.41206 118.68861 21.81596
77 154.00 531.81401 1955.91529 853.63581 856.24924
78 156.00 2475.97433 2678.43773 1346.65193 1570.30695
79 158.00 1602.78325 1588.94980 515.35099 693.10955
80 160.00 1385.53864 1598.84832 2669.27394 2817.85512
81 162.00 458.02840 2354.01052 621.63927 405.55198
82 164.00 1360.54166 2037.00458 2892.21277 983.92133
83 166.00 111.51794 890.14510 2012.29982 2027.91580
84 168.00 1652.00254 2852.17521 2678.75434 1467.90866
85 170.00 2650.00497 874.92320 1922.65170 1517.57984
86 172.00 1205.45518 933.85826 1800.46198 1363.56527
87 174.00 156.33617 1426.65588 1887.52247 2490.50075
88 176.00 521.09889 2947.00134 2260.56344 650.05538
89 178.00 1233.27289 1795.95932 1569.72251 1434.12266
90 180.00 1051.15904 2934.20950 1948.70226 1944.97188
91 182.00 840.42821 2754.34142 1632.46371 1618.98752
92 184.00 1082.61064 40.83290 2225.05169 2243.03107
93 186.00 2907.91885 1851.21751 162.63493 564.85503
94 188.00 1331.40215 434.43158 1890.44789 233.40918
95 190.00 681.06387 1087.70940 1762.68068 1500.97239
96 192.00 848.25895 628.43337 329.97386 2272.08744
97 194.00 2019.98881 1742.05954 793.92620 346.59543
98 196.00 250.18831 1217.11640 271.90534 1854.25901
99 198.00 599.68894 2763.85467 626.40339 556.77791
