3
50.0
30.0
3000.0
4500.0
0.8273
100
0 0.00 2084.36159 1089.69482 2597.99737 602.26841
1 2.00 2632.48393 751.39212 1003.72643 200.75107
2 4.00 2937.77249 1363.02734 593.65655 2295.69369
3 6.00 753.53436 2604.36179 1589.88115 59.68183
4 8.00 198.41207 2980.75409 1269.33125 478.51081
5 10.00 592.07915 806.53326 2289.88266 1190.13325
6 12.00 2049.72950 230.83539 446.09099 2099.73775
7 14.00 2747.82665 2310.06399 744.78326 2437.22356
8 16.00 382.51923 2025.44353 785.12996 2636.23852
9 18.00 1348.95654 2224.38606 1530.17389 2940.67461
10 20.00 7.23327 809.31476 2072.96446 503.47130
11 22.00 2161.62373 216.90514 1675.11013 817.40872
12 24.00 2323.18161 1666.66942 2639.16513 1974.88791
13 26.00 738.77564 2304.16231 2845.20494 1661.40997
14 28.00 2292.92730 2593.59696 2182.22118 2199.81616
15 30.00 358.15758 407.27953 1205.54994 329.89697
16 32.00 2262.22823 1804.42172 24.85792 42.61510
17 34.00 2555.03194 970.89157 1625.51953 1778.30971
18 36.00 2617.86982 989.10138 1963.15337 2967.75590
19 38.00 125.40151 362.21470 48.23672 649.89116
20 40.00 2137.19511 75.48653 2981.90747 1658.59857
21 42.00 2223.22521 2084.63448 2679.55307 1017.30936
22 44.00 2942.78519 2130.61128 1023.82287 1924.71797
23 46.00 2161.97452 1971.87375 2431.07619 1773.92678
24 48.00 114.10946 553.13341 316.98397 707.74097
25 50.00 205.46159 1232.79641 1244.52343 910.38207
26 52.00 66.12114 411.29026 1909.11386 482.28988
27 54.00 2868.02939 871.83646 1290.49350 1344.05140
28 56.00 1266.07623 774.83630 1517.16042 447.09726
29 58.00 2056.26567 2181.69127 1697.94605 2591.85011
30 60.00 1189.61694 476.07784 1371.11149 2426.17728
31 62.00 1865.68206 2470.75344 2350.26390 790.37944
32 64.00 2704.36084 2173.14164 1796.45486 2541.70525
33 66.00 1166.37851 2585.93858 445.90634 734.07434
34 68.00 237.10486 2530.28649 2235.26125 1108.33258
35 70.00 2905.85502 1061.85464 2146.30177 2615.10889
36 72.00 2277.03750 1172.22935 1472.90595 2581.86297
37 74.00 1536.87218 289.65323 68.09877 2939.92043
38 76.00 1870.86507 2548.09396 909.61902 2781.35299
39 78.00 1709.42886 2261.40478 872.10521 301.28090
40 80.00 812.01009 118.39410 1156.85772 2626.91449
41 82.00 2119.32747 1690.61697 968.88578 2382.92042
42 84.00 390.55068 381.23446 678.32961 1415.29110
43 86.00 443.24637 813.64759 2182.40377 2946.25035
44 88.00 2752.37747 1156.64439 282.07547 559.04774
45 90.00 296.21192 652.71059 2599.22126 1092.22351
46 92.00 2519.34635 2337.83929 1470.02232 961.78467
47 94.00 1190.58234 1511.95612 39.96337 968.73606
48 96.00 1511.99786 1729.82618 936.87621 2893.09086
49 98.00 1554.23452 1106.97918 1900.46777 2776.52689
50 100.00 2521.19778 2025.98672 1421.47832 1591.20200
51 102.00 1693.79547 2783.62804 374.95307 515.95386
52 104.00 1300.11185 1149.22132 1142.67146 588.43359
53 106.00 1111.36773 2746.10139 1244.36053 426.21499
54 108.00 1375.45197 2065.01815 416.56901 1242.95424
55 110.00 707.86905 2418.60145 1410.03266 692.08784
56 112.00 762.95051 1597.27000 1839.06590 1822.00989
57 114.00 2257.78104 1033.16248 1017.64332 2970.36692
58 116.00 2505.08296 2463.57294 2337.24012 98.14836
59 118.00 2715.25546 2350.27398 2465.70749 2533.20860
60 120.00 2682.05107 53.24375 2582.68103 1491.40055
61 122.00 2033.83174 80.20731 389.83245 888.60168
62 124.00 2602.64081 53.19035 2246.70096 1981.62062
63 126.00 1714.17558 802.36898 669.62948 1094.26295
64 128.00 640.64125 286.44725 2640.64751 1927.61518
65 130.00 2089.55192 1863.85469 91.95229 650.88706
66 132.00 2849.34160 2207.86801 371.08882 1585.76425
67 134.00 2513.93750 2245.24412 2898.99636 2570.23518
68 136.00 1911.44545 2665.30684 1266.08631 1459.05715
69 138.00 2234.06880 1412.08285 1937.69891 407.23011
70 140.00 155.22023 2780.15290 238.41918 2617.44813
71 142.00 885.82630 1653.91269 1527.89062 740.69883
72 144.00 1404.82532 1673.42730 1182.84190 2377.06610
73 146.00 1927.23288 1340.89636 2134.71006 2357.54428
74 148.00 2258.80541 1933.05043 565.16788 2799.58480
75 150.00 2797.26606 427.40109 973.50732 1774.41855
76 152.00 2823.52738 389.01535 791.03308 1080.25025
77 154.00 2292.52856 1430.67948 2309.88785 1367.96400
78 156.00 756.76235 1337.70386 1017.23094 494.56653
79 158.00 319.95219 2413.57618 1576.62076 1032.82482
80 160.00 279.70340 2807.05422 845.92224 927.03557
81 162.00 2985.84230 681.82287 1135.38534 1593.73443
82 164.00 1747.30745 1188.70820 2297.58660 1467.55890
83 166.00 2496.55528 2619.54424 529.03799 2351.31235
84 168.00 2274.36091 2387.46472 856.08603 993.67688
85 170.00 2064.18359 2075.83330 1763.53961 1681.33756
86 172.00 1105.51864 1508.90571 1782.17682 1341.22185
87 174.00 1424.41184 2641.38004 1728.68484 2856.53862
88 176.00 2488.17592 2047.40839 532.97472 1020.99907
89 178.00 392.40681 1916.90670 450.64033 2920.04706
90 180.00 951.69750 1221.90703 2556.52207 2138.06473
91 182.00 2112.23161 1422.60244 2850.76523 1234.52818
92 184.00 2961.47517 1934.53410 1576.01760 2379.31860
93 186.00 1559.45244 2285.14285 1550.34186 1303.55484
94 188.00 2152.73797 2238.87677 235.28608 674.47543
95 190.00 1722.57380 1855.20066 871.72903 1911.64095
96 192.00 2934.42602 1757.32588 2112.78938 193.92950
97 194.00 2137.02660 1005.94793 1314.68261 688.96910
98 196.00 1897.67154 2883.69950 154.97719 1856.31829
99 198.00 1381.87885 1482.98790 1712.84190 412.91808
