3
50.0
30.0
3000.0
4500.0
0.1808
100
0 0.00 352.54922 1446.72281 390.98652 1810.42395
1 2.00 2482.56534 2690.90686 2324.61127 1947.69521
2 4.00 1566.13269 1111.13235 130.31485 1589.44956
3 6.00 688.45877 2406.90059 2368.66676 1143.70949
4 8.00 1767.14426 2224.18213 2284.61768 2090.12281
5 10.00 293.15073 401.64932 1431.42371 697.53867
6 12.00 2577.15974 849.80000 2630.29894 1225.94011
7 14.00 567.06304 2127.44651 2368.26745 1733.96144
8 16.00 353.48581 21.58216 1963.63836 2063.30021
9 18.00 947.70514 1086.80937 464.33574 1954.72780
10 20.00 760.89818 2564.93078 1270.68464 1096.93228
11 22.00 826.68163 2041.81712 2264.91570 1239.68447
12 24.00 2351.36525 1447.40327 1110.63891 1664.73407
13 26.00 761.33294 919.95926 1033.06891 2116.48382
14 28.00 2207.34729 2564.99677 1977.84855 2243.44259
15 30.00 1339.78463 2097.93433 485.38535 643.37442
16 32.00 1201.68272 1015.31354 1651.72864 2091.17223
17 34.00 2120.36980 482.21403 2893.71075 15.87190
18 36.00 273.26575 435.98531 2777.58536 1306.13230
19 38.00 192.24137 665.31073 240.11921 113.26601
20 40.00 1152.97803 2953.34430 1841.89677 1563.01663
21 42.00 2134.81750 1792.41769 2837.14757 2460.68620
22 44.00 1920.87394 1316.91615 605.12173 1970.65267
23 46.00 2411.72973 858.01954 100.82805 1798.54474
24 48.00 1547.44089 695.01292 508.44868 108.18340
25 50.00 717.76988 0.86182 472.33428 2990.45143
26 52.00 2339.01864 1059.38299 1185.42935 1758.24050
27 54.00 1553.22810 2210.77662 205.85152 270.49757
28 56.00 853.48136 2489.29441 2745.02692 1044.28574
29 58.00 2889.86300 829.52355 1819.09022 583.57558
30 60.00 2789.14152 1724.72017 783.32252 1221.40388
31 62.00 319.39487 217.15791 882.75547 2841.04640
32 64.00 2408.82673 2870.12805 2628.33914 2439.44205
33 66.00 1724.68164 2082.57558 2898.16637 1689.50581
34 68.00 2309.90158 2272.41986 2883.71618 1376.54529
35 70.00 1382.16132 1760.47955 82.05209 348.80490
36 72.00 202.66278 1900.98539 2982.59410 2030.73893
37 74.00 689.79042 947.19208 2866.33706 1549.51265
38 76.00 29.16958 2496.53113 744.77283 279.02829
39 78.00 2021.09375 2463.22407 228.08646 2794.18872
40 80.00 1429.66636 1060.61378 2682.94876 807.22735
41 82.00 2841.35433 2049.32193 2729.78238 1496.99802
42 84.00 598.99962 2206.28720 2618.22750 620.33590
43 86.00 608.29968 749.08630 1855.79070 467.98671
44 88.00 320.06787 2760.56439 2027.43637 1990.27223
45 90.00 1841.48093 2292.73264 1624.42186 126.78938
46 92.00 1446.87624 1862.00242 1477.02113 2956.08399
47 94.00 2690.99932 2606.30651 1472.41605 2953.18405
48 96.00 2748.02049 840.79987 666.27835 1729.99556
49 98.00 162.44451 2397.80975 1434.96023 1622.30384
50 100.00 1507.42564 1181.15077 2059.01594 524.40109
51 102.00 2929.52159 2094.73370 1380.21177 2067.63165
52 104.00 35.45994 632.25716 1743.02466 976.30860
53 106.00 1838.33429 779.10231 1645.69020 711.41746
54 108.00 1414.03609 1839.25213 1097.77245 1496.31005
55 110.00 631.59745 2102.13788 1116.92888 2562.97826
56 112.00 838.88860 539.66769 393.41750 1727.67819
57 114.00 685.70025 299.60922 809.84732 707.41552
58 116.00 1296.65626 1142.65015 437.53121 2877.44376
59 118.00 448.64417 2417.00508 529.82183 1498.79348
60 120.00 2986.68531 2548.16975 1551.02092 2161.68099
61 122.00 2355.99881 900.10255 1686.41536 1703.50356
62 124.00 1195.20571 2071.62953 180.10913 2441.45421
63 126.00 1429.61827 1889.58664 1349.56446 1003.96962
64 128.00 1082.88606 1681.05010 2795.53373 773.14448
65 130.00 59.50600 363.71247 2602.10575 2889.34968
66 132.00 596.87433 1727.68337 1947.39286 523.61651
67 134.00 2340.92729 1065.32712 2019.57852 1462.48123
68 136.00 2209.57849 2668.89735 1143.21300 859.57073
69 138.00 1895.13657 434.54501 502.72661 2423.15143
70 140.00 1012.16493 1893.82022 1714.91272 2546.70232
71 142.00 214.03223 485.99847 684.65382 950.63473
72 144.00 874.06906 802.41717 1933.93288 813.74430
73 146.00 1334.69516 2588.41945 1089.49452 1760.75932
74 148.00 2896.57810 1241.96718 551.65860 69.30328
75 150.00 2183.31725 1986.06764 2821.31201 2102.09079
76 152.00 240.19421 500.73140 309.02794 191.37720
77 154.00 2636.07293 1645.30123 79.09474 1191.03756
78 156.00 2294.98912 249.75360 787.35679 465.82309
79 158.00 1964.49803 2656.41395 928.11196 742.18956
80 160.00 852.52584 1879.44205 393.83133 2515.55334
81 162.00 85.71388 1990.64741 2581.10645 975.60395
82 164.00 1428.46422 2924.94464 1621.75248 817.24328
83 166.00 1334.53480 2908.62679 2092.86863 531.10992
84 168.00 1792.75260 1893.14257 1907.55341 1691.95346
85 170.00 1570.37941 1918.58475 928.98398 1041.50490
86 172.00 1619.00437 2414.12330 1325.58092 1097.34997
87 174.00 779.42113 910.71875 0.27704 2446.13937
88 176.00 2543.83947 1031.65475 1407.59387 24.95133
89 178.00 2766.26519 2840.87254 1431.20121 27.39780
90 180.00 1291.30594 878.76784 693.64618 21.65396
91 182.00 1120.93163 1235.20761 1681.66308 1184.25624
92 184.00 489.80849 2211.35356 1169.16981 1135.07418
93 186.00 788.94083 1266.71815 718.68544 2293.61488
94 188.00 2729.86321 2422.72482 2053.92087 854.03056
95 190.00 2228.78068 2426.42595 1238.71163 2560.44607
96 192.00 547.22154 868.78590 1910.67813 1853.18824
97 194.00 816.40239 1868.26134 563.36833 58.18619
98 196.00 148.89622 1604.91226 557.81279 306.82047
99 198.00 807.58540 2145.58783 2181.32121 698.43149
