3
50.0
30.0
3000.0
4500.0
0.2212
100
0 0.00 1258.54202 2736.31386 1067.95297 869.56859
1 2.00 1588.83699 2808.95106 1541.59948 2299.32731
2 4.00 549.74249 283.52596 2257.88552 1631.13701
3 6.00 2617.32940 2480.46599 2054.90145 903.21693
4 8.00 2056.33116 2065.03993 287.50023 1740.13992
5 10.00 2469.94445 38.69299 1554.51224 1119.04259
6 12.00 1454.69707 1020.93927 2732.36394 307.25357
7 14.00 463.66474 663.34051 565.25035 2691.17020
8 16.00 1840.28508 2494.24855 1576.95847 1596.28696
9 18.00 1653.33849 2268.92023 341.90021 1381.47408
10 20.00 229.20098 2456.53423 2770.22926 1438.55469
11 22.00 934.72040 1087.70570 2451.11611 2669.17916
12 24.00 1792.94592 2290.76864 1026.13539 2129.68465
13 26.00 86.27861 2443.72233 667.07354 2570.44563
14 28.00 427.07801 679.72329 376.03254 390.65476
15 30.00 235.81489 2072.45441 2352.08917 233.20589
16 32.00 2324.07692 2272.00210 127.55082 323.45215
17 34.00 2379.16554 1540.43758 177.79571 356.76665
18 36.00 759.03741 198.74208 2002.75927 2263.65081
19 38.00 2347.11244 2760.29421 616.20356 2703.52460
20 40.00 554.34547 1054.60100 272.33794 2537.58457
21 42.00 2825.53494 2846.37482 1043.50963 481.67201
22 44.00 1501.90325 2185.66227 725.46757 1710.70607
23 46.00 297.31705 1734.40103 41.95293 650.99423
24 48.00 574.64256 845.57037 2704.98087 1611.37947
25 50.00 2920.73971 296.05716 642.04616 1512.58582
26 52.00 2123.26827 1099.38908 1768.14171 1318.99749
27 54.00 2873.24321 542.54561 1064.46703 1138.84517
28 56.00 642.82200 682.66264 338.53644 2953.83825
29 58.00 370.84621 330.94848 407.73711 2286.82104
30 60.00 2114.19275 1671.39637 121.82569 984.34622
31 62.00 347.16782 850.83433 1801.16853 936.02073
32 64.00 2928.53714 1331.86761 1661.74767 871.76798
33 66.00 2566.09700 566.35496 208.82747 2523.17483
34 68.00 1427.03039 2037.39332 537.89185 2996.16998
35 70.00 1474.94512 315.51565 1314.17505 1975.64479
36 72.00 255.01773 430.10268 1201.87286 1771.67170
37 74.00 305.16647 2775.87095 2933.55999 194.13123
38 76.00 2925.62248 1015.89494 1784.88249 2971.98396
39 78.00 368.28650 2514.32739 2175.60150 835.55500
40 80.00 2140.48142 1745.75587 818.91837 2368.47820
41 82.00 1931.49353 1200.70659 1427.47885 1809.49630
42 84.00 1213.33080 1453.59858 836.67190 2303.99867
43 86.00 324.11000 752.06958 1491.82135 1885.11309
44 88.00 403.82514 298.81017 158.55726 204.68602
45 90.00 2034.32232 2916.21765 1147.89895 2037.61309
46 92.00 458.20995 1865.90028 289.00089 229.55178
47 94.00 2254.82924 2302.71633 2378.19425 605.79526
48 96.00 1986.27970 1470.75108 784.99582 1030.84695
49 98.00 2579.01694 1639.86010 2857.74148 94.79557
50 100.00 1291.21922 2744.81748 1150.88963 943.67759
51 102.00 1129.00969 1378.96872 98.57939 1669.99965
52 104.00 2581.08211 909.13371 2118.17761 1474.43883
53 106.00 403.46473 2147.16957 1462.36478 328.14598
54 108.00 2025.07374 1980.23577 2056.12250 1716.63070
55 110.00 1427.73317 2563.05441 1520.05515 1174.15446
56 112.00 1484.07339 2912.61228 1850.81903 1058.29131
57 114.00 2933.34883 961.44835 84.44096 135.35536
58 116.00 2510.80246 1046.63036 2226.17140 80.69953
59 118.00 2674.02867 1023.76957 292.05015 1035.42908
60 120.00 1072.09824 1053.80778 1983.72002 742.84179
61 122.00 1944.24847 1777.59500 2731.16706 196.50071
62 124.00 914.73737 1012.78277 59.13597 978.35051
63 126.00 1382.72816 2590.10557 1704.14821 2704.22954
64 128.00 799.85666 2087.87543 1763.96770 2957.29434
65 130.00 1133.21278 1170.90237 1717.61593 2424.97971
66 132.00 300.17005 2025.33389 1007.90239 1508.30557
67 134.00 2294.71170 1018.61827 1844.48362 1090.00292
68 136.00 1307.97340 1490.85513 2542.00228 2361.44883
69 138.00 2521.14147 1607.50207 862.06668 142.59408
70 140.00 2988.68308 1206.08206 677.65793 2228.66408
71 142.00 275.87351 2532.56065 284.20085 1010.51418
72 144.00 201.80933 2403.55701 1425.80510 629.21748
73 146.00 2386.95525 1954.61044 905.54104 2412.38014
74 148.00 1298.73145 1619.84274 600.23096 1206.90287
75 150.00 1874.89163 1359.68582 2290.32664 541.80255
76 152.00 55.80997 2109.99494 2588.12942 1730.52989
77 154.00 638.85842 2886.35122 2226.62403 1401.88594
78 156.00 2811.48878 1598.15801 1843.26689 2307.35750
79 158.00 1301.17345 1698.34933 1880.27541 1566.80876
80 160.00 1092.82401 443.23107 451.41796 2055.91991
81 162.00 900.82702 1306.16635 955.95954 2490.64314
82 164.00 193.28259 610.67412 1237.31514 2471.13211
83 166.00 1938.12796 769.33990 1803.69681 1217.59782
84 168.00 340.67573 575.74803 736.75983 2481.68647
85 170.00 1392.47910 1679.47503 1308.39873 1940.76615
86 172.00 111.01120 478.07547 409.29189 775.19054
87 174.00 2410.61455 1976.01214 527.95567 2557.56305
88 176.00 2891.36067 1457.52590 59.72622 2578.75201
89 178.00 251.78862 1804.79922 2601.51534 2701.72465
90 180.00 1221.02055 1090.30274 1972.29181 270.91888
91 182.00 2829.48643 2172.70336 421.68046 335.79709
92 184.00 2203.44122 2798.80634 1565.87268 2486.94475
93 186.00 2849.02350 2794.66688 755.42418 2653.69459
94 188.00 714.23057 366.83050 2420.06174 987.85773
95 190.00 1752.97866 1169.85201 2245.12269 707.81424
96 192.00 1268.60700 432.83373 525.46277 2909.77043
97 194.00 1318.42624 762.91776 1768.44283 1471.07574
98 196.00 1124.11495 2846.13267 949.46984 1271.34395
99 198.00 2048.21534 2889.94602 2638.30062 2810.91687
