3
50.0
30.0
3000.0
4500.0
0.3182
100
0 0.00 2612.73966 394.94462 1258.71775 2537.40941
1 2.00 168.14398 1912.43447 186.97642 292.42638
2 4.00 1632.25046 2950.21028 582.54714 1842.01137
3 6.00 50.02336 2511.82058 2544.69008 949.44086
4 8.00 2127.92686 2717.17425 1760.54247 2832.90292
5 10.00 1549.02135 2821.63548 1209.51925 2513.15002
6 12.00 2008.92352 194.86470 2475.14263 1504.57708
7 14.00 2186.87120 251.90610 1330.19661 826.57637
8 16.00 596.05020 1516.39749 518.90464 2240.48528
9 18.00 2513.57909 9.67315 821.28942 1052.05433
10 20.00 1024.35747 1704.51980 2088.87655 1698.56787
11 22.00 1389.01612 348.78507 271.68516 2188.65113
12 24.00 556.97667 1773.44559 2897.29679 2300.16771
13 26.00 2366.21004 652.57756 1123.58868 243.82480
14 28.00 2172.83030 740.19635 2511.92497 1926.95217
15 30.00 2704.43760 573.25818 2267.49763 398.20445
16 32.00 160.00591 2117.74189 534.01211 421.27822
17 34.00 946.62294 677.88114 564.73587 2650.70574
18 36.00 531.33626 884.79703 2092.67448 793.63543
19 38.00 1469.65698 1736.08849 1046.57759 1925.47773
20 40.00 1349.01943 1893.07922 2495.19132 110.19328
21 42.00 2504.17258 1157.04207 1613.84635 631.98839
22 44.00 2106.56240 1040.76459 2432.72497 2388.81420
23 46.00 622.34087 2098.96148 1511.29576 2489.57305
24 48.00 2382.88509 272.27250 2320.22699 774.64155
25 50.00 1403.06459 94.34415 345.89456 1974.99654
26 52.00 559.27653 419.44585 1760.46228 1116.84824
27 54.00 1133.73047 1765.17235 101.54936 2103.86485
28 56.00 1888.41624 2607.98730 23.69491 1264.22329
29 58.00 1004.13743 1943.64394 300.62306 2739.44647
30 60.00 918.82689 1400.52370 558.48218 65.24991
31 62.00 2427.66400 1369.33703 1727.89560 1304.90543
32 64.00 1198.00044 2502.28923 757.72431 1119.64433
33 66.00 1013.63478 2035.66753 900.51989 2912.29702
34 68.00 2632.29814 2289.51897 2702.59657 1520.88227
35 70.00 1262.95795 2322.21734 2861.94582 1202.25038
36 72.00 85.66551 1536.61305 2767.06079 2659.78574
37 74.00 2895.70683 2828.53900 595.38643 2917.28326
38 76.00 2255.55028 389.67248 999.44134 2879.73990
39 78.00 2910.97538 927.82062 2297.46934 2404.46887
40 80.00 1376.14056 496.02624 2.52963 442.47303
41 82.00 2648.86422 903.84700 241.12581 708.55075
42 84.00 609.96595 270.50068 734.19757 2054.14073
43 86.00 2537.00519 1122.77343 1432.03227 1034.13559
44 88.00 1412.40208 2060.35932 2096.33925 2738.49914
45 90.00 2005.31055 2494.04098 2118.67230 2289.16852
46 92.00 287.47459 385.50718 2289.13289 400.57881
47 94.00 2319.78132 2694.06387 2459.37323 2191.11632
48 96.00 1273.77732 1181.55108 214.97039 1464.92799
49 98.00 2221.28735 1759.28687 665.08213 1825.56700
50 100.00 2303.53178 1107.39770 1019.55285 2469.71443
51 102.00 1831.69957 2255.05338 2743.75800 1936.73181
52 104.00 414.23970 563.91165 633.69703 1306.20188
53 106.00 1018.75997 1962.13480 1277.13396 854.89237
54 108.00 1160.44655 2463.82504 104.47998 2875.53824
55 110.00 1265.21067 490.62863 2047.01933 2502.69749
56 112.00 1394.76811 247.92141 2058.19686 304.21529
57 114.00 2587.39944 2410.65077 36.67347 957.07733
58 116.00 1724.04663 1151.97086 1364.07620 1458.41815
59 118.00 2879.76316 1205.11017 2314.07898 908.86354
60 120.00 775.94715 1902.35154 1810.90814 2407.25519
61 122.00 1350.80982 1118.47595 1420.64186 1005.19053
62 124.00 1605.07250 1094.58536 2356.48417 2942.20352
63 126.00 1595.13489 1150.41547 2024.15673 451.16166
64 128.00 1011.34707 2802.53123 1770.45905 592.83915
65 130.00 2438.50533 2182.88630 1364.96809 145.63079
66 132.00 845.14187 364.65434 1468.86424 1101.31236
67 134.00 2667.49780 2059.16292 756.98041 1012.38523
68 136.00 888.43336 2457.50803 1628.24549 536.18454
69 138.00 1070.65609 52.55698 973.89765 1907.94810
70 140.00 1787.33672 1071.73345 109.83705 2216.04092
71 142.00 745.88015 252.14058 283.71772 2180.36221
72 144.00 1898.76007 1293.30164 824.08870 2915.55833
73 146.00 2066.97588 732.30211 2476.71423 2504.75371
74 148.00 2198.06333 1570.67624 1375.25871 229.60843
75 150.00 1118.38599 440.25134 2930.53000 1913.44345
76 152.00 2646.11066 1145.73899 2940.79946 236.29460
77 154.00 2782.32165 2247.80100 1267.58973 67.15043
78 156.00 2851.07664 770.57401 1958.68630 2648.77609
79 158.00 2510.55995 1300.30585 349.27629 574.93091
80 160.00 782.92724 909.60426 1542.11872 2562.73095
81 162.00 731.25721 2396.86230 1122.70916 1418.75520
82 164.00 2282.15714 1310.83690 2240.60938 2334.92692
83 166.00 830.56143 2014.31892 1813.86770 2729.23923
84 168.00 2034.62475 818.03821 1221.54838 56.15685
85 170.00 1242.97452 389.30083 801.15984 1797.23835
86 172.00 2927.69287 954.47818 663.97106 54.21877
87 174.00 973.82650 191.16738 863.49394 2136.10081
88 176.00 2480.92493 1763.74249 1904.31799 986.25605
89 178.00 1167.11854 2789.61809 37.70167 1021.78793
90 180.00 1039.09894 1333.14919 1385.84266 2227.71347
91 182.00 631.91218 2093.17609 2018.95785 767.07779
92 184.00 96.79953 2556.87503 2903.17083 1894.15219
93 186.00 1683.97721 1035.89758 622.65361 2954.60581
94 188.00 1107.57437 875.46913 946.01426 2023.50411
95 190.00 88.69370 1874.58809 500.20292 1054.87913
96 192.00 1294.59237 2987.47752 70.22503 2920.07121
97 194.00 1669.31846 1472.27063 704.15569 2763.52884
98 196.00 395.09217 1821.36523 2549.00457 290.93947
99 198.00 654.91614 2976.39272 1712.23505 535.86732
