3
50.0
30.0
3000.0
4500.0
0.3343
100
0 0.00 1476.02841 1724.44641 1903.12153 2203.30142
1 2.00 1695.92042 2922.68261 2341.76463 1595.28731
2 4.00 2395.77293 2538.89803 263.19077 2767.49064
3 6.00 1830.09445 2978.84918 2255.72205 2301.34586
4 8.00 1292.84019 830.59474 1353.86576 2641.62176
5 10.00 2216.80977 1951.33109 219.07736 1943.51959
6 12.00 1019.42916 1583.14190 2077.75850 2460.62558
7 14.00 1297.19151 64.45059 1724.21352 19.06187
8 16.00 2484.66793 56.61495 675.68981 1281.44894
9 18.00 776.55885 668.66996 2023.61494 979.85784
10 20.00 1373.25996 1996.20561 2309.78348 1723.31524
11 22.00 1063.93593 2640.93522 2601.72937 457.81435
12 24.00 2318.97600 618.43251 544.76016 78.67347
13 26.00 1805.76441 2534.09495 2338.38965 1620.22875
14 28.00 2863.98178 982.38314 946.00875 690.31157
15 30.00 626.42176 908.78852 1272.85092 813.23382
16 32.00 2808.90680 651.70743 1066.03430 411.93650
17 34.00 2696.63890 1318.92282 2502.47173 1125.34183
18 36.00 1331.85739 2231.82714 2219.73829 1141.24970
19 38.00 1340.43716 1197.53460 616.89680 1141.51466
20 40.00 2443.49825 278.55545 525.29035 2739.84963
21 42.00 2173.55502 365.11126 2269.81907 361.07498
22 44.00 1467.32528 1814.54523 2249.04777 950.63874
23 46.00 572.94343 2955.45631 2399.37364 1079.57544
24 48.00 765.85361 335.97708 1370.86125 21.76678
25 50.00 2410.23502 1200.92504 2572.47922 1064.04330
26 52.00 2837.19535 2509.60390 1302.44665 2543.42447
27 54.00 902.08331 2999.11969 253.35441 1930.74587
28 56.00 1169.05863 1414.08438 2853.92743 824.14839
29 58.00 1942.07885 969.81280 422.20746 746.99437
30 60.00 1693.73775 383.84491 467.27494 2085.21063
31 62.00 2286.86352 183.54438 2407.14082 2599.03518
32 64.00 1982.85657 1115.11212 1244.62911 472.44808
33 66.00 517.25997 2808.87476 2895.90057 2225.90001
34 68.00 2430.95902 544.84408 2637.23223 328.17473
35 70.00 487.12114 1492.66617 918.19445 1875.93746
36 72.00 2726.94256 795.54403 963.21821 2349.80670
37 74.00 994.74614 2666.46135 102.66832 2616.08459
38 76.00 2740.73080 139.49835 1131.11031 1795.52243
39 78.00 1575.61380 474.51774 44.81538 2691.56608
40 80.00 276.37170 2964.57452 337.23177 1427.06811
41 82.00 2950.10636 2568.42128 1610.18160 403.21619
42 84.00 1809.81329 1910.56571 934.29265 1408.46094
43 86.00 2708.64885 384.59583 1969.12282 1096.74818
44 88.00 1840.82872 2148.94588 1433.36954 2246.15675
45 90.00 2555.90541 588.86129 657.93339 389.42284
46 92.00 2826.86739 676.65552 246.56695 284.36757
47 94.00 1211.51560 2660.75377 315.68463 678.67021
48 96.00 553.88027 1978.10808 985.87728 2921.87023
49 98.00 2005.06909 1559.75078 1731.50133 2650.74852
50 100.00 2279.68085 395.12129 1266.06286 1983.60548
51 102.00 1738.10568 2803.87323 102.67594 2718.04359
52 104.00 1155.09004 144.05529 593.68846 546.51741
53 106.00 428.86340 102.34212 2384.31665 485.65561
54 108.00 967.59713 1716.26020 1451.53458 1031.70531
55 110.00 1886.13876 2450.96847 1731.60444 1356.31234
56 112.00 644.50857 1863.93768 1637.63828 353.45739
57 114.00 837.91558 2305.53316 2771.65689 1011.76377
58 116.00 2677.58053 765.85327 2420.96550 1462.06545
59 118.00 1646.70236 1989.74421 2004.03806 1027.12507
60 120.00 1557.21877 189.35331 1096.26673 1926.87808
61 122.00 2894.26065 378.68451 681.37517 1372.30032
62 124.00 333.41090 1651.39431 887.14030 2619.92022
63 126.00 921.09122 1308.49232 2952.93510 248.90173
64 128.00 2600.90247 1514.17116 1192.67430 2823.74916
65 130.00 2995.63438 584.63395 2520.03845 665.57127
66 132.00 50.15772 2200.23697 1061.80949 1802.80890
67 134.00 455.31358 2579.77859 1575.13567 2400.77997
68 136.00 1087.96845 691.27064 2841.49050 1592.61022
69 138.00 1123.41636 300.41422 496.90655 1902.93786
70 140.00 1854.55279 2529.71638 2253.31254 456.15324
71 142.00 2826.57596 1828.99666 2574.88559 835.26414
72 144.00 2877.17029 2846.69732 889.48929 2702.86986
73 146.00 2916.02659 2681.23348 1404.01244 408.35963
74 148.00 2814.42999 1.06084 753.98772 1667.27214
75 150.00 934.81605 2769.15646 1839.35180 2877.82726
76 152.00 177.66668 1231.12659 431.37470 2467.32375
77 154.00 2293.77879 2420.96483 2852.73184 727.38919
78 156.00 2358.93855 1938.25387 1172.99899 580.11389
79 158.00 2502.98708 211.59491 2890.07203 828.65361
80 160.00 2677.91550 370.41427 2218.96495 2833.02332
81 162.00 455.53861 1330.14407 2016.71421 2281.75379
82 164.00 32.30711 351.87604 933.48177 307.83663
83 166.00 1885.63721 1413.32800 1981.26430 896.46665
84 168.00 374.59348 2228.73519 1363.10229 211.20820
85 170.00 2936.97888 2731.51849 1024.13157 816.30836
86 172.00 2963.87822 1144.50513 2673.35024 338.51272
87 174.00 1399.57705 1754.93572 2628.72697 2074.31077
88 176.00 2383.36684 2275.37860 673.90024 309.15050
89 178.00 2992.81592 1809.94821 1797.14095 1087.64814
90 180.00 2608.08386 1994.73183 2510.12735 2889.73326
91 182.00 1265.02235 1914.17972 2595.50173 840.61069
92 184.00 2172.15710 827.59691 755.01241 1523.47065
93 186.00 1258.93608 2508.88874 2949.25983 249.28008
94 188.00 303.39295 2417.97447 728.23266 1484.92825
95 190.00 1773.25332 1996.88546 311.89636 2342.76578
96 192.00 2125.58727 1682.01228 2512.23608 1127.46702
97 194.00 1556.90036 2775.72928 1147.76167 1804.98693
98 196.00 1771.02910 2380.79990 2862.21443 1726.87657
99 198.00 352.42009 2292.09202 1082.10248 2017.82818
