3
50.0
30.0
3000.0
4500.0
0.5525
100
0 0.00 895.20310 2412.47173 1828.23572 1284.59038
1 2.00 14.92958 791.12664 1535.99648 1288.19631
2 4.00 802.86806 2236.26933 2189.04751 1750.02976
3 6.00 1069.82773 1311.79623 1361.45120 2010.06287
4 8.00 1875.30713 2600.90882 727.50890 1985.61304
5 10.00 1650.43940 1875.25965 532.04083 1415.69314
6 12.00 696.16003 1214.29757 2323.19109 1003.82503
7 14.00 532.69093 1150.94501 2879.44810 1112.77894
8 16.00 997.54687 2541.18797 802.53322 2292.09181
9 18.00 1170.26018 473.11816 2362.60263 2617.01233
10 20.00 1532.69103 1858.76557 1249.66705 900.43891
11 22.00 799.80311 2348.26883 1108.42174 747.64078
12 24.00 2546.98805 2093.90758 477.76187 2634.47082
13 26.00 2332.36409 2846.91668 2771.41184 1181.42005
14 28.00 2159.03754 2000.77006 1014.19160 1683.57905
15 30.00 2096.22634 2099.12916 1223.16639 2285.66796
16 32.00 2642.08835 1729.76020 2664.67936 2243.81300
17 34.00 462.28792 607.64392 2732.34953 2264.93465
18 36.00 1164.77181 2771.33684 452.20364 309.77327
19 38.00 1424.46321 469.96269 1372.99972 1934.58390
20 40.00 2802.03524 2852.70636 2234.83999 1641.15686
21 42.00 673.81664 814.36035 2820.55849 859.85759
22 44.00 1645.58629 1500.63387 1287.49770 2006.26766
23 46.00 78.40261 2354.37676 1179.88914 1615.19972
24 48.00 888.10530 1411.16675 1916.74644 1847.73335
25 50.00 2256.15227 2276.75098 2361.98334 231.49188
26 52.00 288.54452 2581.33239 2021.43245 1500.27920
27 54.00 304.51833 2690.81164 1545.80716 590.20261
28 56.00 1385.71391 87.68079 69.36428 2419.20917
29 58.00 1421.95141 1138.61876 1414.59106 498.13851
30 60.00 2490.29295 12.20079 286.25644 1608.91641
31 62.00 1270.83686 1445.92068 1661.67133 2134.73551
32 64.00 1667.79584 419.81389 2195.74647 1721.52251
33 66.00 353.47389 2937.63652 2937.13721 1194.69568
34 68.00 589.37794 2304.64121 2348.99168 1326.06470
35 70.00 551.83060 1927.33283 2514.98587 2245.99577
36 72.00 2974.48513 1898.50396 1165.80125 2107.59382
37 74.00 1033.41802 1216.37846 2751.48327 573.76475
38 76.00 326.65429 416.08388 2792.24319 2581.72374
39 78.00 1765.89352 2697.83486 34.04448 1186.23483
40 80.00 1717.97231 1516.88133 1994.83133 2980.42756
41 82.00 329.51188 1926.09339 2107.54763 1149.80312
42 84.00 876.39491 1380.49375 1861.26565 1354.49349
43 86.00 2016.70479 1235.08174 2667.02037 672.58917
44 88.00 985.90970 1800.24704 98.58444 2867.79768
45 90.00 322.30852 1049.71305 2320.07210 82.61968
46 92.00 1204.05632 2155.24592 1703.05944 816.32597
47 94.00 1755.30354 2284.25583 243.91146 679.26423
48 96.00 816.52611 815.69054 1428.71412 1997.65066
49 98.00 2499.69228 1970.37439 615.35550 2056.95342
50 100.00 1600.43730 301.17261 136.77142 1690.05526
51 102.00 2391.42731 795.90659 2185.11120 2865.04023
52 104.00 2594.92567 1480.87142 649.53037 221.74030
53 106.00 753.13622 1633.21164 311.18847 31.26577
54 108.00 848.77732 1963.35842 1770.94461 1973.08327
55 110.00 2314.97718 142.68194 934.65158 2696.87547
56 112.00 484.64879 2735.55447 451.56640 1685.46373
57 114.00 2645.10064 2559.64738 2777.48884 1212.59502
58 116.00 1632.87373 98.94114 2894.44913 2628.51306
59 118.00 1806.66521 739.34341 433.13838 2864.31931
60 120.00 2309.12494 773.45088 2685.95610 2803.60491
61 122.00 907.09024 783.39940 467.80901 179.74116
62 124.00 957.75446 224.06140 184.15023 1434.16609
63 126.00 2953.10961 288.50510 2512.00030 2784.42797
64 128.00 299.06801 2762.34210 1146.47274 239.51244
65 130.00 2361.61332 296.64612 2105.67029 259.23121
66 132.00 1486.53719 609.83453 405.69477 2116.27595
67 134.00 1748.90032 928.31122 2542.78763 48.67152
68 136.00 406.07628 2718.63666 2007.02072 12.92432
69 138.00 2911.94833 1562.26358 2409.01279 264.79470
70 140.00 276.04692 397.56003 1600.85310 2553.25318
71 142.00 897.22186 410.15231 1453.73663 2091.60114
72 144.00 2317.82117 1822.71595 2909.25844 1429.31058
73 146.00 1530.22924 1472.57849 883.69209 1286.10986
74 148.00 1815.58892 716.52636 2365.85406 239.07327
75 150.00 2753.91205 1497.95109 1843.99860 333.59625
76 152.00 2957.62028 366.34270 1732.78604 858.80415
77 154.00 748.51078 455.25527 1045.05328 2630.93566
78 156.00 228.40547 712.40578 2760.24378 653.38496
79 158.00 154.19750 1790.43591 1300.02741 1985.66882
80 160.00 1165.60818 1219.55986 759.81270 1033.18196
81 162.00 501.66209 969.52493 2272.97977 1490.54434
82 164.00 935.66365 225.15535 416.79205 1089.85243
83 166.00 1459.67640 2426.17822 2802.71170 1399.63405
84 168.00 1628.41046 2114.35997 827.75171 1577.13548
85 170.00 2729.46561 1277.75648 1813.52708 1520.05071
86 172.00 2945.92441 1793.65287 2943.48496 91.87653
87 174.00 317.90068 2971.22659 2102.26857 1022.19936
88 176.00 1354.25311 2817.24028 2751.04360 624.62165
89 178.00 1092.18500 1514.59733 2659.53809 2555.21335
90 180.00 552.69423 1914.45460 259.26607 468.18692
91 182.00 1212.62200 2281.26494 1084.87588 1100.87498
92 184.00 776.97165 2621.89425 1429.23282 1990.01051
93 186.00 249.00932 2577.06428 1961.72851 823.36316
94 188.00 2516.49667 15.28092 2455.23533 1527.73207
95 190.00 2867.16257 1262.93794 540.09786 121.57577
96 192.00 2101.30107 1335.23914 2424.08008 2630.84637
97 194.00 10.29117 1914.51437 2438.19244 1227.53422
98 196.00 1798.51518 2016.94745 2964.82638 2412.62090
99 198.00 300.87182 406.72681 422.15578 1415.13715
