3
50.0
30.0
3000.0
4500.0
0.7303
100
0 0.00 1065.39499 2648.43100 2398.90836 532.71479
1 2.00 184.35525 452.77662 2942.05637 1530.30470
2 4.00 1329.23044 1367.73928 299.25598 1105.97597
3 6.00 152.12752 977.39138 1894.71653 278.06482
4 8.00 2913.03403 1042.80439 2832.16948 65.10624
5 10.00 1020.99427 1122.19856 303.84516 671.39432
6 12.00 2637.37222 1641.99043 148.98624 262.77203
7 14.00 789.33388 562.61089 556.88902 557.41482
8 16.00 1687.96388 2604.09477 1427.37988 1269.94270
9 18.00 2130.65254 614.43580 2562.62529 2014.85459
10 20.00 2075.51756 142.86142 837.44762 621.62177
11 22.00 1643.90188 4.69151 121.67182 2945.11060
12 24.00 2401.20125 1846.80808 232.26074 2470.42173
13 26.00 129.65329 1090.89116 380.72894 244.56463
14 28.00 801.81378 1377.38420 2515.77825 2335.52109
15 30.00 2754.91108 1741.13640 2299.86675 1085.54850
16 32.00 1795.79392 1001.25704 398.11654 56.83672
17 34.00 540.57098 1849.26402 1287.64346 2872.43508
18 36.00 2405.31958 646.70637 2710.69772 1511.40059
19 38.00 581.22171 936.33375 2602.04025 1882.53349
20 40.00 1437.40459 2690.54965 2158.63362 370.50813
21 42.00 120.44548 230.43213 1786.01559 459.42818
22 44.00 2668.33435 419.80098 1204.36039 1763.02194
23 46.00 862.50214 2410.72885 603.49886 1379.70456
24 48.00 847.54870 1341.03399 2899.27992 464.99274
25 50.00 850.25555 248.05381 378.77687 846.01147
26 52.00 2399.54976 538.84570 1274.95523 1054.17007
27 54.00 2567.68126 526.60143 603.73895 259.34375
28 56.00 1241.46652 1067.40853 1530.57763 1255.55983
29 58.00 436.63735 1361.06748 995.27061 449.37344
30 60.00 1370.70847 416.53771 162.41682 725.86285
31 62.00 1887.17003 1419.20799 172.32921 1364.08386
32 64.00 942.25639 23.14889 2667.77804 1068.74004
33 66.00 2244.97897 2525.93795 2055.55419 1309.87008
34 68.00 1462.28470 1278.79783 8.22111 1387.08115
35 70.00 228.04599 212.99399 533.49213 2093.47284
36 72.00 273.92871 1149.21455 2608.50139 1796.48488
37 74.00 2430.57876 2915.51630 1094.92631 2387.22240
38 76.00 1723.04883 688.90871 2088.78520 694.03933
39 78.00 1888.93150 1111.72625 1589.17548 2202.22797
40 80.00 2102.58868 2904.95309 2612.61845 1255.81027
41 82.00 1419.24105 168.19513 1327.08332 890.39997
42 84.00 435.84068 324.81899 1584.03900 96.20163
43 86.00 814.22890 1187.83447 795.20019 2249.62853
44 88.00 2352.36392 1884.24012 2052.32650 2217.64671
45 90.00 1720.61116 428.05348 103.56383 206.47198
46 92.00 2324.44504 2717.75613 968.98144 914.34459
47 94.00 1513.27276 2337.17361 295.57876 1820.37516
48 96.00 571.08406 1174.05217 1095.07419 743.43901
49 98.00 2941.56364 609.24815 714.34808 947.12762
50 100.00 2126.00485 1104.91351 907.96513 1396.38675
51 102.00 2611.53089 8.69446 2458.89526 2699.12473
52 104.00 358.55396 2313.20666 790.64081 1352.51163
53 106.00 1346.91994 1919.36252 440.16724 2358.86920
54 108.00 32.17200 2899.97074 808.66350 184.46300
55 110.00 2456.74528 1023.02710 2100.21311 1867.19721
56 112.00 1655.39807 2039.88450 2414.97949 2587.82519
57 114.00 2761.27718 1882.75853 1696.19252 1412.10218
58 116.00 1347.24240 2521.70287 1617.23056 1142.04672
59 118.00 325.32217 1135.77353 1333.34949 110.43040
60 120.00 1812.91938 1480.74207 2218.49013 2903.61716
61 122.00 2322.69206 716.93932 2290.42095 207.56815
62 124.00 171.61584 1041.48385 1089.25100 2475.92161
63 126.00 251.88667 1135.27191 2307.23422 567.61348
64 128.00 2152.42335 220.90820 1766.57403 2985.07659
65 130.00 1127.37870 1930.74946 83.78958 1806.47449
66 132.00 2449.86421 2168.04811 129.48112 1051.15657
67 134.00 2152.12641 1888.44134 2784.22925 2610.34015
68 136.00 2484.10399 2937.35065 1002.14686 607.89556
69 138.00 2522.81066 1401.25372 1991.84050 2557.47570
70 140.00 2971.40804 2595.01298 20.11944 782.87920
71 142.00 539.77981 37.04990 1613.95400 1944.09751
72 144.00 1276.13589 1957.65889 2163.71459 1350.50031
73 146.00 1742.90013 2456.32714 1232.00975 2280.26080
74 148.00 2934.57947 2490.58426 1972.94407 2362.90767
75 150.00 2457.24718 194.56463 1683.33901 1537.59817
76 152.00 2595.33759 2218.51152 79.16866 1819.09179
77 154.00 2817.87271 660.83976 2515.31187 1762.90509
78 156.00 204.00966 835.01442 1715.31404 2443.74511
79 158.00 201.72940 1402.06012 146.96746 588.91406
80 160.00 407.80200 2070.88413 2000.31536 1582.14500
81 162.00 1034.17729 2532.02638 2004.98145 2070.94466
82 164.00 1385.49669 2469.84186 2553.41149 2354.68432
83 166.00 253.88050 2013.07374 1392.43765 2092.98195
84 168.00 1519.56138 2642.82388 301.67013 1689.50447
85 170.00 1280.40736 1968.11380 2205.74766 2726.28129
86 172.00 917.72605 84.51419 1472.57129 606.84104
87 174.00 953.80461 1783.87837 1171.03039 2394.47070
88 176.00 2057.54006 2971.46757 2452.30636 447.88916
89 178.00 1062.30350 2447.86370 2532.90329 2912.80313
90 180.00 1105.18477 720.47440 2782.36812 2501.72564
91 182.00 2801.25266 1988.68687 2391.24174 2191.82100
92 184.00 2347.30725 1829.43432 1055.11748 146.12367
93 186.00 1070.77331 1273.24720 2241.02265 2637.84214
94 188.00 2167.43829 1248.19606 1418.65102 1089.31838
95 190.00 361.94300 392.15310 339.01695 2180.81500
96 192.00 786.42074 1347.82382 2941.13254 1497.37828
97 194.00 1821.63840 1121.44772 2954.71378 2785.52350
98 196.00 2000.00329 2835.37004 1963.81607 920.68481
99 198.00 1611.14093 1118.53112 1813.23140 1770.76400
