3
50.0
30.0
3000.0
4500.0
0.1081
100
0 0.00 1326.47940 641.10420 1419.55856 2703.54248
1 2.00 2388.07428 509.07419 254.38661 1546.35603
2 4.00 1898.82257 1005.56477 2455.27039 2253.41441
3 6.00 2018.38701 673.92200 597.38980 73.27616
4 8.00 734.52763 1425.40903 2549.21308 218.48469
5 10.00 1243.32303 1889.29614 583.30571 2089.06275
6 12.00 1483.13151 731.95332 1968.17403 16.63445
7 14.00 2252.89343 2310.13857 319.76189 1275.43858
8 16.00 527.66005 2873.89813 1553.87325 150.65516
9 18.00 747.59484 2545.00904 1369.38548 2404.24981
10 20.00 2002.73320 2963.67736 1786.35696 2850.11883
11 22.00 2674.27778 1837.95697 2157.82188 1514.33449
12 24.00 2491.70751 1643.61585 2691.62431 2230.96633
13 26.00 1424.02331 777.57465 741.71921 1912.98431
14 28.00 2297.44105 1563.89944 1880.24531 823.79234
15 30.00 232.45006 857.18445 815.14532 959.12871
16 32.00 1620.45667 415.12218 693.78444 2081.84944
17 34.00 2119.25743 192.68655 1222.79811 1627.83342
18 36.00 1247.32270 620.50317 1260.43055 2714.51544
19 38.00 1752.23824 2086.56896 2570.19610 2296.78373
20 40.00 1141.14309 17.68825 1055.27641 2260.42538
21 42.00 2560.34385 2860.29102 1257.06385 2242.54701
22 44.00 1638.39693 1809.75777 661.61608 658.26490
23 46.00 1307.50793 87.07446 1008.38863 2037.42566
24 48.00 1212.95001 495.13419 1402.17045 382.88339
25 50.00 1866.77088 80.89936 1182.06077 1693.17595
26 52.00 81.30614 1928.24894 407.09846 1385.09533
27 54.00 150.85390 1137.31159 634.98085 980.53741
28 56.00 2283.68912 1137.37865 2256.02947 2495.77286
29 58.00 756.81460 245.71870 58.14986 1618.25714
30 60.00 2999.72349 1049.88103 1950.43228 2343.69915
31 62.00 1955.26397 2262.69961 2848.83520 598.08205
32 64.00 61.14005 457.14704 378.66292 2008.37653
33 66.00 1691.90875 653.89362 2098.39491 2300.69430
34 68.00 503.36743 1821.74248 2243.77696 343.59861
35 70.00 2457.90352 2894.16232 324.29625 77.03528
36 72.00 935.87173 2032.04186 2874.51851 1189.96332
37 74.00 2145.04412 227.98943 2071.84325 1881.72719
38 76.00 305.70392 2317.44265 2550.87972 1801.23484
39 78.00 363.16520 2951.53305 2347.90604 1041.61130
40 80.00 1285.13404 1111.71263 1517.88237 1023.69352
41 82.00 2548.72688 2466.99275 316.61661 2882.36270
42 84.00 1906.75532 2486.12193 2121.92593 1306.46144
43 86.00 2201.38591 2896.42119 810.24719 2424.59766
44 88.00 1614.51872 1450.49251 1306.72348 2193.07864
45 90.00 805.18661 2555.13948 2492.19306 259.98869
46 92.00 2644.89355 731.59032 1394.12540 1830.99511
47 94.00 1136.96791 86.09999 2552.85851 545.51957
48 96.00 636.35955 2393.49707 1021.01653 2640.95994
49 98.00 2103.55125 828.80573 30.45334 2844.18773
50 100.00 256.83889 2160.22399 1465.73354 2274.49396
51 102.00 2071.82802 1937.70870 1472.46401 2378.79860
52 104.00 279.16005 664.78920 2075.36147 918.61809
53 106.00 1744.66676 1419.78147 1592.76579 1276.51144
54 108.00 2237.80631 992.37389 2108.56483 812.74928
55 110.00 754.21103 361.96765 577.75288 358.66422
56 112.00 1607.59190 2286.56883 555.44953 649.15392
57 114.00 1452.59576 2173.75500 2929.82107 1573.91061
58 116.00 848.99611 301.57832 582.35273 682.44949
59 118.00 538.32463 42.44510 1602.40527 822.93398
60 120.00 2922.88479 1660.07690 2092.25218 378.83848
61 122.00 2605.38359 1472.63608 2618.15920 1722.19266
62 124.00 1408.19083 1321.40639 553.09101 154.13015
63 126.00 2823.19079 1433.18756 2466.34694 1202.12233
64 128.00 222.24651 1888.33712 160.82722 447.59275
65 130.00 1688.51879 911.50654 2981.75437 355.35469
66 132.00 2293.33034 1818.95295 2372.22249 677.06141
67 134.00 1567.71761 1351.54339 1328.16301 2580.50000
68 136.00 2970.09378 916.14073 1863.08196 1828.89274
69 138.00 2220.26792 2842.77060 623.36372 633.07559
70 140.00 1981.28441 471.17128 521.44064 225.19461
71 142.00 8.02717 1351.51111 1781.43359 873.77787
72 144.00 694.42870 2120.86749 2108.96267 1362.09398
73 146.00 2062.15476 2771.73313 2363.48408 1875.17402
74 148.00 1983.54913 2801.00538 1275.41690 1633.68714
75 150.00 1942.90417 2725.23434 2479.89348 214.22951
76 152.00 497.76837 922.83544 2246.87317 1707.62115
77 154.00 865.83176 373.06097 2066.03397 2099.20105
78 156.00 2828.02872 1501.41653 1481.38566 241.32556
79 158.00 119.58235 1296.08599 966.96475 751.10371
80 160.00 273.98066 2885.73331 2507.87584 1725.59733
81 162.00 2852.35883 2998.71725 2016.84475 808.53308
82 164.00 120.69502 2268.80649 1411.50247 1954.52847
83 166.00 2748.21836 544.46744 1755.98888 1904.35416
84 168.00 1475.17741 273.72722 1043.88317 999.92518
85 170.00 2010.40053 2573.19928 989.41099 2081.02102
86 172.00 864.65339 2835.58062 2440.69810 1650.28983
87 174.00 1364.47773 943.55147 969.82136 2910.55418
88 176.00 1212.52517 1543.78876 2964.35764 1972.98116
89 178.00 1627.78078 1239.74271 562.74762 1085.33808
90 180.00 2269.32946 1876.22623 2279.97161 610.67472
91 182.00 1647.65892 2783.01828 1314.34829 2094.75009
92 184.00 364.27825 2919.44045 1826.61500 717.89239
93 186.00 475.13449 1652.51702 1656.75423 279.62760
94 188.00 2976.77142 2738.78964 1384.34368 352.39845
95 190.00 2496.42952 1495.12651 2149.80998 1526.61605
96 192.00 820.27469 2504.17184 2940.73390 731.19272
97 194.00 1653.79523 1150.75804 2765.60445 1524.72267
98 196.00 2637.97877 2592.08080 828.74221 2370.01855
99 198.00 1244.82727 2802.74518 1523.21303 2461.64842
