3
50.0
30.0
3000.0
4500.0
0.6737
100
0 0.00 2985.34613 2166.13106 1743.73394 2075.76214
1 2.00 639.08635 2984.16294 2750.81766 2073.76745
2 4.00 2887.68298 1304.89263 2086.13845 998.61404
3 6.00 2973.13904 2963.61357 1744.28054 753.50364
4 8.00 2687.43788 1547.79747 81.64609 459.57362
5 10.00 836.40003 2932.36190 859.02828 883.81790
6 12.00 1812.12847 1265.79697 2364.97134 1048.41796
7 14.00 356.48534 2661.26061 2943.56515 1228.76853
8 16.00 2409.95229 408.30943 396.93872 2764.78749
9 18.00 2603.43412 186.30740 2825.68010 1396.00191
10 20.00 1971.69262 1005.86362 756.96958 90.76798
11 22.00 948.21842 696.19677 1136.30209 393.95901
12 24.00 391.60899 1906.99692 898.52720 744.22735
13 26.00 639.53948 1319.97789 2025.56181 2425.27882
14 28.00 2740.77135 2146.41983 2725.31930 202.21734
15 30.00 1241.56911 1946.10049 852.80644 1369.70479
16 32.00 2623.01330 1255.10943 2584.73229 2399.40223
17 34.00 315.41951 1876.63000 629.12076 2095.58552
18 36.00 1474.62819 2542.30781 1672.80198 1464.81010
19 38.00 2274.88841 142.45822 1185.27848 232.72279
20 40.00 2090.86342 896.42300 1867.74869 1531.97120
21 42.00 1540.79831 1130.12694 1060.91821 978.31038
22 44.00 2500.14210 239.71462 2790.27692 495.74204
23 46.00 2563.54318 2041.98599 528.06176 418.52948
24 48.00 2814.42489 2744.61060 1569.93473 1620.88346
25 50.00 1298.37385 124.51087 2775.97822 2502.54332
26 52.00 1840.35827 1170.33983 2767.02741 1817.16195
27 54.00 2283.53953 526.80935 1504.50459 468.95731
28 56.00 2078.03716 1597.84698 859.67542 2650.28498
29 58.00 985.01569 133.36804 237.72740 660.65787
30 60.00 2023.53535 2443.47387 1621.18210 2601.14316
31 62.00 1380.81470 2378.00815 2263.90687 502.76104
32 64.00 2237.37646 2753.89250 623.95549 1297.77232
33 66.00 1144.90585 1309.43638 878.93969 2362.94410
34 68.00 2788.40229 2246.91625 1635.42018 408.55208
35 70.00 2834.22322 2107.27031 2333.38792 558.45781
36 72.00 432.07543 1388.30528 1136.15714 87.18075
37 74.00 729.60279 18.87650 2981.82410 1449.35137
38 76.00 1683.11439 2493.48551 1312.89457 239.98068
39 78.00 2230.13891 1220.09969 1997.51424 682.66797
40 80.00 665.59270 1913.18032 1040.87620 2610.25808
41 82.00 2270.23713 2867.87299 2112.69865 1441.01597
42 84.00 1026.36938 1275.84849 578.63346 1951.12223
43 86.00 2576.33518 2554.10841 1358.74836 1932.95001
44 88.00 2301.31035 167.80401 991.77497 1018.97066
45 90.00 1069.35860 1752.03376 654.97204 2824.55490
46 92.00 2327.84739 661.87908 1908.08509 2474.74252
47 94.00 510.64583 1033.17278 2773.40333 1344.48666
48 96.00 2734.79929 936.51739 489.65102 763.72124
49 98.00 2289.90655 2912.87586 993.20214 1013.25346
50 100.00 2724.72541 1563.62268 2179.33579 2101.07369
51 102.00 668.79516 1736.54180 1349.60449 2746.50823
52 104.00 1374.46009 116.03255 312.78353 1246.70712
53 106.00 2913.19796 1612.31108 2863.02104 1079.05534
54 108.00 1751.34394 1912.89543 2592.68066 1199.19274
55 110.00 1934.77040 698.54002 1172.92251 2360.31242
56 112.00 2621.26063 1140.34091 30.47761 2891.72883
57 114.00 835.61244 2013.60961 2693.33058 2238.38370
58 116.00 1293.70296 2238.33251 621.68728 2135.02649
59 118.00 1870.79903 211.65933 2069.35092 850.27044
60 120.00 1806.86298 1056.74783 1395.73484 2068.41535
61 122.00 87.02226 1977.70638 1269.72185 485.04266
62 124.00 2032.17062 785.31117 938.35722 2520.91573
63 126.00 2032.46750 837.14227 478.97960 823.76073
64 128.00 1464.56910 72.08834 1665.47570 969.09285
65 130.00 177.47069 386.32057 2155.23242 676.16678
66 132.00 2865.64561 1727.76189 86.80756 351.98475
67 134.00 2164.02201 1513.66363 273.35223 2277.62039
68 136.00 431.34225 671.53694 1067.56113 1649.17136
69 138.00 160.02312 2673.27757 1644.34327 2994.63476
70 140.00 114.57278 2020.97565 2839.93728 1097.92596
71 142.00 655.37900 1371.10288 2513.11558 593.18148
72 144.00 1211.10055 63.52752 1907.66384 1349.55535
73 146.00 497.10232 2300.83978 212.63328 956.31040
74 148.00 1142.91482 1824.45881 1980.15074 1104.27266
75 150.00 2090.51277 1744.09813 2693.92183 1060.35968
76 152.00 1483.91225 1705.03790 1834.81623 1112.56067
77 154.00 1103.53366 2673.09691 972.63043 1945.61486
78 156.00 2064.98680 1160.16808 1689.43505 1894.62378
79 158.00 1329.33133 901.08750 1093.64962 2670.27484
80 160.00 2519.52308 2692.71181 1677.45232 1872.79689
81 162.00 2826.17925 2069.03642 392.94437 2559.72108
82 164.00 2690.65376 430.23654 2799.08574 2827.21264
83 166.00 2682.66022 2320.92037 1935.71319 1501.87100
84 168.00 2324.52611 222.91773 1950.33400 288.84208
85 170.00 201.30324 1887.45702 554.92211 898.10825
86 172.00 2723.03274 1474.27809 2131.59762 959.00832
87 174.00 180.12671 613.52845 2368.47596 1994.43320
88 176.00 1420.75285 1157.15188 1868.88349 786.23120
89 178.00 607.44356 1538.67262 2323.83059 424.48965
90 180.00 2853.21426 565.65854 2186.34544 2049.60599
91 182.00 725.91716 2170.48631 274.68576 505.59405
92 184.00 2976.04931 2634.15999 857.19265 2210.35384
93 186.00 518.61753 600.82506 2318.71114 700.65476
94 188.00 1931.95724 2382.89661 66.15598 751.54348
95 190.00 528.08231 2149.64848 2468.22206 2703.53470
96 192.00 1085.09223 2491.35929 494.29794 1434.58561
97 194.00 950.95348 1704.54928 2122.20615 846.93937
98 196.00 2451.89833 1823.34642 758.64197 408.88642
99 198.00 2732.69075 710.00048 461.58983 907.46023
