3
50.0
30.0
3000.0
4500.0
0.1000
100
0 0.00 1918.28040 75.03227 825.08796 669.63221
1 2.00 2209.41364 2030.09846 2676.53870 260.81650
2 4.00 1265.76546 89.39166 655.91392 1516.06586
3 6.00 79.60791 596.51295 1949.65331 1634.82444
4 8.00 661.32187 1767.79705 2428.29137 19.49628
5 10.00 2417.45776 2094.41818 1020.75155 466.43850
6 12.00 2871.63922 1009.78364 278.23753 290.14913
7 14.00 2542.48310 1811.17809 2421.38482 2189.19536
8 16.00 1608.68427 2919.34729 1135.60313 1656.12189
9 18.00 2488.21399 1855.55926 2585.12070 1732.05644
10 20.00 2113.71551 137.47315 683.69483 868.16389
11 22.00 239.37593 698.37266 303.00429 833.92081
12 24.00 1907.05333 1094.49654 1110.54290 628.52109
13 26.00 800.93347 2809.96376 1944.10616 1827.39302
14 28.00 513.41594 2187.38039 490.20748 1138.36633
15 30.00 2968.57005 1919.99928 1670.84923 2053.84275
16 32.00 2528.55576 2327.99973 687.14422 96.30073
17 34.00 946.35914 803.22263 632.94853 2828.72914
18 36.00 2629.10288 944.03364 1966.31600 1186.89570
19 38.00 2743.64277 1376.55556 794.64050 739.88252
20 40.00 1684.10440 788.22483 1753.75797 2693.46865
21 42.00 1198.20152 657.96228 2992.61282 1528.57888
22 44.00 272.72824 141.34913 328.94739 1882.33813
23 46.00 2376.23809 1266.47990 190.58312 1144.85786
24 48.00 2988.36414 1587.34304 2913.23513 2582.33911
25 50.00 34.44307 2162.16546 2045.13111 1610.91099
26 52.00 800.47557 1922.88540 334.65652 1304.29575
27 54.00 1361.17112 2861.44778 2627.55882 790.16715
28 56.00 1501.75834 535.95564 2737.88352 2611.55571
29 58.00 895.33437 1916.84848 1826.91063 458.51781
30 60.00 2287.53240 1618.13709 2335.87944 1591.06102
31 62.00 1.71569 972.46817 58.43023 2787.29585
32 64.00 2636.16563 2494.99659 922.54238 173.77550
33 66.00 2634.02880 2840.84834 256.96036 1457.97139
34 68.00 207.63756 2281.80650 2297.50329 385.17439
35 70.00 1425.84713 1649.41078 795.16989 2617.29912
36 72.00 1269.41382 635.39462 1617.88827 2189.79321
37 74.00 603.45319 935.14887 2985.44807 1949.63417
38 76.00 1314.30025 1552.72752 363.01259 674.09201
39 78.00 1014.25669 1764.92616 690.34420 660.65215
40 80.00 212.97926 1893.30887 686.82535 2716.26004
41 82.00 2578.90620 212.57205 714.01390 2006.93333
42 84.00 642.71042 396.93555 2806.54272 1713.12928
43 86.00 1418.01308 2353.85827 2422.49099 571.22974
44 88.00 290.79244 1293.15355 1270.73587 1401.07400
45 90.00 2187.22755 2020.09364 2952.49563 295.25361
46 92.00 1207.86385 1017.90782 2585.01761 745.96900
47 94.00 570.62673 1345.84064 1265.64492 835.63543
48 96.00 749.41934 2769.79680 1329.39224 2584.04731
49 98.00 1650.97594 151.76499 2997.84741 2508.08276
50 100.00 2906.98877 2779.10095 2546.08720 498.93333
51 102.00 1456.92338 641.24190 1203.12088 175.90620
52 104.00 1136.91936 2955.92653 795.60917 2352.21181
53 106.00 1365.02510 1269.02246 2871.95292 2986.26807
54 108.00 1667.30497 2155.22483 464.39048 890.12348
55 110.00 2906.12809 1737.54087 1626.58560 2243.92668
56 112.00 171.49582 1752.53278 1508.55115 2558.15968
57 114.00 472.29818 2882.33671 240.33440 557.47488
58 116.00 1785.10532 2025.63766 705.61169 359.65984
59 118.00 2670.86194 738.64604 1783.55746 1858.14453
60 120.00 1257.67475 1751.01687 1568.34815 2804.11877
61 122.00 612.77760 2148.57540 716.05786 1187.35754
62 124.00 2015.07067 899.99124 948.53159 2255.59348
63 126.00 217.62934 1374.85657 2995.36332 2988.28934
64 128.00 219.78216 639.46294 795.60124 2799.77813
65 130.00 2642.59252 2637.81073 1108.58127 473.24050
66 132.00 2501.23486 2110.61978 1835.03330 2961.69919
67 134.00 1961.92895 23.46932 2451.31241 898.13626
68 136.00 1990.16614 2816.79001 402.87334 346.28601
69 138.00 321.10793 1659.67092 817.04464 1814.48948
70 140.00 2152.83656 610.79194 1902.71388 791.95170
71 142.00 1465.59556 2716.00947 2538.31114 276.89540
72 144.00 1270.72732 830.04067 10.63707 2313.35767
73 146.00 1911.34013 785.86579 2223.69273 1655.04126
74 148.00 1283.06076 29.00910 225.73158 2649.31918
75 150.00 2711.78571 1636.77087 2503.78506 1747.52870
76 152.00 444.28136 382.33656 924.77505 2696.94447
77 154.00 2388.36691 2582.10775 2696.77391 630.22962
78 156.00 748.58922 308.38087 2340.34873 2652.40410
79 158.00 1219.13217 1861.98453 463.66001 2789.64305
80 160.00 2593.81709 2928.61810 2432.31516 2644.24861
81 162.00 74.35909 2209.69342 996.55640 2792.44766
82 164.00 2406.70542 2592.19209 2432.24795 800.41713
83 166.00 2362.12353 324.28688 2616.50035 2575.77975
84 168.00 667.30115 2449.75982 1380.90970 915.57260
85 170.00 2386.03650 682.78646 70.99330 579.38936
86 172.00 984.78585 2593.05883 2900.66731 837.37498
87 174.00 1924.44522 1199.03515 2943.44906 1608.64720
88 176.00 2817.71142 346.02526 2911.20183 535.70345
89 178.00 2887.60295 796.39909 325.20764 1303.69128
90 180.00 2185.63518 941.03194 1818.62656 1534.26918
91 182.00 1155.58630 1729.76413 764.16752 2126.35585
92 184.00 5.07383 2776.72550 1615.35599 2158.29000
93 186.00 2225.85023 2011.88551 1092.66442 209.92143
94 188.00 1992.71305 990.60011 941.74694 2544.04584
95 190.00 2159.26279 900.96680 927.85399 1225.17873
96 192.00 1207.20116 886.96561 381.86340 1261.33900
97 194.00 2821.09101 2031.95384 2708.41664 1846.54475
98 196.00 902.84962 1643.81164 1.21782 860.74115
99 198.00 1289.66445 1739.95434 1964.11687 1394.96457
