3
50.0
30.0
3000.0
4500.0
0.4960
100
0 0.00 1084.81687 109.49829 2924.90168 326.55930
1 2.00 1530.77967 1501.79564 1450.11789 904.01155
2 4.00 436.72326 705.88044 2592.28325 2435.08508
3 6.00 922.79859 921.71569 1257.82842 2216.76211
4 8.00 1135.21109 457.08114 331.38854 260.64195
5 10.00 2371.88972 1298.47090 758.33346 2214.76437
6 12.00 1068.84098 1070.75161 1724.49615 516.20261
7 14.00 2909.68967 1979.77443 829.23683 849.16472
8 16.00 2455.08099 2299.24480 303.22605 2130.77236
9 18.00 1479.17287 586.69434 1651.29371 1593.58925
10 20.00 1390.79793 7.56436 2006.07031 700.50518
11 22.00 676.04192 2031.50465 2366.86506 1501.32838
12 24.00 2592.00023 2418.87466 2172.04696 1584.70527
13 26.00 831.68233 2404.11225 1610.52103 2979.21727
14 28.00 1215.45482 2598.51403 54.85963 2540.22673
15 30.00 2449.67602 2978.88992 545.23451 482.99360
16 32.00 2634.48797 933.00625 1969.53456 836.89767
17 34.00 2406.44169 559.46433 2589.56956 355.39159
18 36.00 1204.34573 932.86607 2231.92254 1583.67776
19 38.00 12.57386 2837.90426 1490.01378 301.44034
20 40.00 2189.94236 2616.88517 1155.15167 2962.36286
21 42.00 607.90728 187.44593 2096.60208 315.10372
22 44.00 1340.16543 2484.21589 1868.69293 2737.25740
23 46.00 148.49594 268.39634 828.06744 2815.07519
24 48.00 629.56981 2756.95076 1424.53162 350.32934
25 50.00 320.81347 2069.57655 2242.61561 1769.08202
26 52.00 1399.90431 1956.69467 1244.82264 2342.02285
27 54.00 314.88687 1891.02286 1163.86127 2781.93856
28 56.00 2281.67886 2819.72025 2051.22873 1850.51704
29 58.00 2253.76756 152.78562 1521.98024 295.56653
30 60.00 1944.04253 2536.20301 1908.39763 2464.42682
31 62.00 985.97026 1093.97574 28.27676 361.44099
32 64.00 618.09909 1312.64853 670.37063 1590.32742
33 66.00 2118.50640 67.90145 2767.87193 1674.33513
34 68.00 2027.98714 2511.36293 1567.75872 10.38935
35 70.00 412.80546 1403.94602 2281.35838 2145.17662
36 72.00 1403.84478 2836.48023 317.35087 82.47112
37 74.00 2070.77825 333.20458 1846.70838 2927.84388
38 76.00 463.88617 2681.27183 2030.53832 2637.34580
39 78.00 1764.23594 2963.53240 753.94263 1471.23002
40 80.00 361.84340 593.89645 1016.54400 680.05510
41 82.00 1342.22609 1257.67597 2589.87348 2699.01091
42 84.00 20.92233 2394.80668 1641.08965 2021.20924
43 86.00 2148.95409 1099.00921 1055.69396 2601.39475
44 88.00 1501.50389 44.19143 1953.99553 2007.38903
45 90.00 879.48067 2395.20766 404.86032 2629.01689
46 92.00 2892.02629 486.80779 2472.72152 1172.10921
47 94.00 114.15432 2979.94258 1807.39447 2290.25507
48 96.00 1654.45810 2540.74780 778.74480 1999.14538
49 98.00 59.76930 2402.54106 2046.72078 1069.52193
50 100.00 1310.79198 2070.28062 737.72345 2549.11340
51 102.00 2743.17205 1094.03136 2245.70344 2632.41564
52 104.00 426.11267 965.56219 2207.39964 2516.18869
53 106.00 2683.94736 2470.35429 1165.18557 13.23546
54 108.00 2783.23093 652.75685 1091.93603 2937.67539
55 110.00 2864.97350 1946.33320 2300.53126 2678.36411
56 112.00 469.62224 2545.60387 2108.44883 2084.51443
57 114.00 1860.00834 2597.10760 1733.66192 865.67519
58 116.00 2565.83837 1510.16765 661.17194 30.65669
59 118.00 2738.62417 2215.77062 1802.06105 2428.46869
60 120.00 2442.14228 949.17847 685.89947 442.08031
61 122.00 1104.90288 213.80477 1428.81352 1094.18524
62 124.00 2422.62826 1650.14852 1164.40426 872.40494
63 126.00 2138.74541 735.20409 2003.23981 2807.15439
64 128.00 2587.50530 698.01763 1649.85185 280.41720
65 130.00 977.55490 2460.55614 2641.39337 828.41185
66 132.00 1496.00676 778.73003 2980.87529 1471.75192
67 134.00 2460.78868 1755.62341 1273.45886 2877.46863
68 136.00 960.17190 740.34571 1010.88010 2233.38000
69 138.00 2743.18226 333.50127 1638.02598 229.08007
70 140.00 1347.12032 1478.03788 2421.54001 401.95922
71 142.00 1776.82600 2295.23057 1493.25162 295.38713
72 144.00 1086.84176 464.29343 2562.24578 1918.47544
73 146.00 2287.28169 2436.29454 1385.57934 681.24825
74 148.00 1150.05717 460.52486 2360.30366 1305.39505
75 150.00 2214.43732 2972.32578 2315.10562 1268.55450
76 152.00 1387.72795 424.03928 1074.30913 1324.62884
77 154.00 81.94941 610.72261 2480.73020 1391.53581
78 156.00 1084.96140 2416.52690 2264.09610 1442.05303
79 158.00 2984.72378 2257.91545 1443.46332 2167.98028
80 160.00 649.53909 1460.02794 920.68686 684.81274
81 162.00 47.83724 557.13719 1326.90148 2464.01384
82 164.00 2521.60988 1509.76460 972.95287 1377.05625
83 166.00 543.20368 149.43161 1687.86747 996.99236
84 168.00 2311.73345 1183.28171 1584.23192 2943.79552
85 170.00 2680.50884 557.80948 1548.58325 900.77215
86 172.00 137.07973 1249.85838 752.01501 30.85679
87 174.00 1958.10795 1131.74085 620.62327 1434.70439
88 176.00 202.79339 2504.50453 619.58170 1014.77192
89 178.00 2179.88740 2900.68540 1202.66020 1252.70687
90 180.00 415.08947 1811.22617 653.66433 1587.04147
91 182.00 2166.10668 2507.68678 1822.14439 1219.31091
92 184.00 2015.46578 90.62864 789.73873 2755.56763
93 186.00 1569.94665 1180.15298 2038.27038 529.09472
94 188.00 2081.76513 2340.51629 2332.26233 779.12472
95 190.00 1040.55941 76.19804 1574.47891 2502.73165
96 192.00 2316.00856 1422.79610 1733.13151 2226.61112
97 194.00 2870.97928 982.11565 2561.26326 1287.19291
98 196.00 772.11713 26.50370 575.55616 1968.71287
99 198.00 965.00709 1350.69553 2210.23615 1500.57488
