3
50.0
30.0
3000.0
4500.0
0.7707
100
0 0.00 1601.65393 422.59938 2833.65230 1161.22354
1 2.00 137.73076 368.00068 1844.18358 1749.46263
2 4.00 332.52187 2466.68882 2204.90474 386.72725
3 6.00 2582.13469 2802.81456 919.55655 1411.58081
4 8.00 2111.04365 504.36197 587.77858 2405.12290
5 10.00 2052.01180 1610.04074 412.16452 1575.63210
6 12.00 1085.66274 350.76786 2898.30477 1372.72291
7 14.00 1302.32134 1693.76823 2515.37178 2659.33623
8 16.00 145.83490 2437.95883 11.77381 1964.93681
9 18.00 2791.64397 2547.58956 2439.57064 1820.15258
10 20.00 174.38468 2359.87897 1860.45222 2568.18488
11 22.00 2223.61785 2591.62364 2510.05317 563.61814
12 24.00 2865.32250 1362.58970 302.57774 385.81825
13 26.00 2327.53667 2404.95422 1910.82519 1716.39356
14 28.00 1901.73472 2697.11071 2193.02905 1148.07243
15 30.00 2478.77947 2446.52807 2169.37893 1251.21728
16 32.00 548.61662 106.95391 1172.05822 1275.06873
17 34.00 651.19874 2375.97172 1804.87676 2956.23336
18 36.00 1058.42131 1565.77130 863.84657 2195.37961
19 38.00 1149.78256 969.09790 2020.78985 274.03101
20 40.00 829.54576 705.05270 1929.61499 941.63635
21 42.00 2833.19916 1785.90063 1581.15857 851.45386
22 44.00 2017.68765 2681.90530 183.86489 2652.43641
23 46.00 1587.65875 568.87936 2844.19838 147.81081
24 48.00 840.05953 43.44798 2864.28853 1800.74676
25 50.00 2212.50377 740.25569 552.28909 162.32400
26 52.00 1752.77224 2820.78024 1695.01686 2373.65184
27 54.00 73.33048 794.99462 11.72846 2783.61819
28 56.00 606.63504 72.14554 1859.20711 1404.17186
29 58.00 288.57781 1671.78664 706.82890 985.63624
30 60.00 2068.37896 2816.10804 387.65595 2609.54146
31 62.00 1424.14535 1929.20805 1468.55650 1063.79698
32 64.00 771.76529 1193.51079 1312.71317 1331.43935
33 66.00 1427.44580 675.72571 961.47194 1672.24882
34 68.00 320.21792 1404.45817 291.97236 2727.41220
35 70.00 1218.85985 317.25833 2673.94581 741.18943
36 72.00 651.46739 2315.69961 2234.92605 382.61060
37 74.00 798.76791 1388.01399 153.01291 416.50774
38 76.00 206.92240 176.60739 1925.00498 623.08227
39 78.00 764.05006 2562.02417 1909.76304 1708.18207
40 80.00 1309.99214 1417.64925 2564.03394 1618.78223
41 82.00 1839.10227 2655.94575 1512.73956 2674.91583
42 84.00 2437.06846 1419.46281 645.65516 2653.69644
43 86.00 1694.91546 2494.03929 1809.06348 1811.01903
44 88.00 130.20351 1349.76668 335.76641 1801.54255
45 90.00 444.11467 1324.81309 1798.36308 1702.07782
46 92.00 2362.53703 945.17470 2003.87261 262.60239
47 94.00 863.47022 542.27916 2369.31203 268.71674
48 96.00 2821.23749 560.91926 531.82599 2499.69984
49 98.00 2118.59448 2569.12477 2164.93362 975.60770
50 100.00 266.52769 11.56584 828.31840 754.28653
51 102.00 1181.62211 2629.65701 1176.88794 870.30419
52 104.00 630.79590 481.10425 2334.41172 2425.09169
53 106.00 1255.20924 278.71413 442.06254 2070.05441
54 108.00 2941.73822 2122.63072 1894.62179 1390.16563
55 110.00 450.73825 2759.54517 2872.92148 1193.92038
56 112.00 1500.67764 957.42035 1385.44673 140.87196
57 114.00 1881.59963 2707.37757 2760.25324 2765.22214
58 116.00 958.82297 1447.21131 169.13464 2748.00535
59 118.00 565.06505 2251.82954 654.14201 42.79420
60 120.00 1764.00474 2698.53716 1996.80446 635.11919
61 122.00 2926.40879 1026.31946 2192.65285 1272.38572
62 124.00 2872.02029 2795.48168 2654.12638 851.05887
63 126.00 1109.02837 1239.56363 1438.30260 1658.21995
64 128.00 927.19857 1387.56340 83.42992 867.88475
65 130.00 2410.27606 1913.16710 660.65797 2135.21360
66 132.00 2460.13618 1061.12117 2366.85748 2282.14975
67 134.00 1239.32746 2591.58968 855.13707 2466.93961
68 136.00 195.17385 890.05894 1232.45566 602.08805
69 138.00 363.26233 937.82597 612.03898 2918.60231
70 140.00 2268.89265 2452.87728 1544.02058 324.67585
71 142.00 2187.26579 2977.18197 1187.64991 2023.85771
72 144.00 1076.92622 2451.03840 1082.79209 1739.74747
73 146.00 981.62671 1235.52317 125.32507 2785.82974
74 148.00 2764.64366 2755.13229 685.99837 656.78372
75 150.00 2231.86628 460.33864 1708.10669 1185.48461
76 152.00 816.14206 768.86129 419.01528 26.11420
77 154.00 479.26757 2912.28584 383.64609 277.74359
78 156.00 796.69568 1059.37966 2753.42720 1901.69273
79 158.00 2517.53718 593.88034 1923.52210 689.55659
80 160.00 1189.49652 135.22156 210.26009 431.76547
81 162.00 1288.93115 642.01132 554.65645 2538.76205
82 164.00 138.71541 232.43523 2370.22565 465.76667
83 166.00 1771.01245 428.23059 48.42294 2337.48966
84 168.00 1085.11092 2271.62802 934.19163 2936.82065
85 170.00 570.57715 458.48709 1822.06664 1107.84200
86 172.00 260.84766 2967.74428 2001.14391 2805.86029
87 174.00 1703.29744 2693.30976 1670.97577 76.73157
88 176.00 2415.78254 2030.61320 2002.84424 2429.96725
89 178.00 594.40963 163.30565 1637.30996 1615.49100
90 180.00 637.25298 2996.16410 882.17396 1496.48196
91 182.00 1373.72197 1871.10693 150.89232 2930.96983
92 184.00 1517.33959 932.11158 1197.71577 2941.62624
93 186.00 1131.85739 925.82304 1686.02466 1294.28881
94 188.00 2052.85160 14.62138 2903.26527 1901.34773
95 190.00 631.08483 1225.42406 476.30734 2046.82946
96 192.00 1067.94300 2186.32959 1588.13255 1006.17080
97 194.00 542.30259 2361.38903 1281.52094 1712.59228
98 196.00 2378.27073 1131.01079 1696.69631 2550.83089
99 198.00 632.14541 2739.31042 428.26032 1343.77770
