3
50.0
30.0
3000.0
4500.0
0.5768
100
0 0.00 609.92428 955.93351 1522.80029 2141.19000
1 2.00 1074.46990 2683.29270 1800.36901 323.39086
2 4.00 1711.36508 1415.98100 273.86905 756.44732
3 6.00 727.39794 2688.73954 1516.07182 1239.50283
4 8.00 1900.71090 2559.19132 2036.33601 720.19545
5 10.00 467.29899 2629.78918 274.85774 2984.74364
6 12.00 1484.56553 416.12720 1972.19906 1269.84786
7 14.00 438.75809 1555.34303 931.13383 1616.17815
8 16.00 791.60890 2666.91458 2704.92514 2965.50384
9 18.00 1494.17993 385.60707 7.84117 2432.53201
10 20.00 2067.61830 2203.91233 1973.48692 62.37335
11 22.00 1173.36892 148.88849 912.58263 2238.84890
12 24.00 2369.73222 958.88863 1767.68482 1678.43502
13 26.00 1013.76129 625.41447 429.72266 2632.23490
14 28.00 1201.93317 1955.10722 2188.89941 2637.32474
15 30.00 2088.22200 594.44240 703.41533 2695.80132
16 32.00 2535.04724 2728.72872 1144.16826 2138.30508
17 34.00 2497.81798 602.31728 38.59042 2721.22351
18 36.00 170.59327 113.14880 157.24574 2462.26619
19 38.00 1765.93285 197.89950 1330.10183 341.87418
20 40.00 10.65451 2821.53724 2560.82372 1595.08350
21 42.00 134.56464 1580.18199 2947.19166 691.92290
22 44.00 2097.06093 836.03713 1005.30874 2642.34350
23 46.00 1800.41002 539.13165 2048.82845 1864.91261
24 48.00 690.34539 2770.38729 2118.83136 1900.07167
25 50.00 1251.47718 265.56138 2310.94329 1181.72432
26 52.00 1601.36877 1928.09162 1535.53482 2432.32349
27 54.00 420.99159 411.31616 1905.56827 1559.73843
28 56.00 1046.37037 2952.42624 2283.09671 909.29950
29 58.00 1376.59181 2092.22272 769.30385 1373.99558
30 60.00 11.23765 1042.44780 2153.42322 220.95043
31 62.00 2484.62628 2993.59614 109.00761 1046.55459
32 64.00 1645.44044 636.27283 2339.26474 733.52066
33 66.00 2586.05387 1297.95117 2789.60574 1813.98085
34 68.00 1856.20162 870.64775 418.52448 1673.09865
35 70.00 2962.30629 2240.98812 419.79246 1266.57221
36 72.00 698.34156 2996.09460 2200.33961 1067.93477
37 74.00 86.34488 2185.41983 1216.60814 1457.46529
38 76.00 1436.80862 2600.32182 1527.26134 1436.14870
39 78.00 2609.19906 375.79585 1592.31112 2431.47410
40 80.00 650.23196 2780.51084 1297.32660 1577.89383
41 82.00 1994.40400 1072.60513 263.34477 1964.22112
42 84.00 2637.29350 2346.95040 484.39507 2772.95526
43 86.00 515.69269 476.74592 1275.34265 1304.94403
44 88.00 1544.16972 2073.38958 33.57919 2097.71096
45 90.00 584.14870 1930.74409 256.87583 1185.52056
46 92.00 2451.06859 507.02423 1650.89082 1922.47154
47 94.00 2027.93491 2142.37707 2902.36785 2.02727
48 96.00 874.30178 1751.19612 2425.27048 1696.80173
49 98.00 318.51742 970.37654 1867.46066 1440.81676
50 100.00 456.88177 968.14822 1809.78486 1488.01673
51 102.00 889.15745 1647.13387 563.88292 1671.13109
52 104.00 2878.77599 1596.60327 951.26333 2772.83304
53 106.00 2755.36805 2823.57115 872.72642 2319.62008
54 108.00 328.08134 2841.67360 1162.59474 1448.53783
55 110.00 1748.13702 1714.97150 2860.19215 417.22536
56 112.00 2871.79841 2588.91670 2602.20769 1052.75662
57 114.00 278.43767 1598.63051 240.83641 342.45226
58 116.00 2930.98684 1576.74637 118.13340 2619.11239
59 118.00 1083.18295 130.76066 2155.19796 550.90701
60 120.00 809.30913 2112.01802 542.84112 2843.68246
61 122.00 1683.53442 2666.98085 1048.74231 1389.16661
62 124.00 149.36843 698.74365 49.98095 423.88768
63 126.00 588.53084 370.47357 2193.25921 449.77646
64 128.00 1900.86027 191.42357 1521.52735 2506.83950
65 130.00 108.38676 825.71114 1714.86199 2907.11752
66 132.00 1204.50051 1929.38392 1033.88865 2986.39077
67 134.00 486.15283 2552.94621 1224.22293 632.46184
68 136.00 357.19868 1682.38040 1153.32534 2659.30653
69 138.00 40.92025 2856.67678 1916.81596 59.43889
70 140.00 408.30452 785.03769 518.28325 1154.68413
71 142.00 2131.75697 416.67847 2105.24705 1722.65318
72 144.00 1090.44012 1408.72060 2377.81508 1905.16902
73 146.00 2982.42697 2091.85856 979.89467 2652.38875
74 148.00 2071.13866 2420.27885 2287.92052 915.22659
75 150.00 2838.11124 2883.09327 1102.43578 1224.02024
76 152.00 2330.91838 1488.11342 149.09910 1141.28824
77 154.00 2709.65435 2366.95748 1085.66104 911.78665
78 156.00 2819.23284 656.60942 990.91907 196.75043
79 158.00 1142.45167 1287.41213 1646.91925 1609.37755
80 160.00 2468.16378 1061.80749 2621.99522 595.87995
81 162.00 2242.61498 803.00393 594.89744 890.02062
82 164.00 2224.22804 685.92269 2819.33610 1059.52115
83 166.00 1641.09785 1286.87857 480.06338 1249.47276
84 168.00 1483.57027 1302.52976 1174.91110 899.14065
85 170.00 939.56951 462.77241 2582.03004 2434.21214
86 172.00 1418.28680 1573.57475 13.72627 1523.67762
87 174.00 1826.84342 731.10956 2319.41870 1951.33313
88 176.00 2314.36056 1830.25207 655.32919 2487.36224
89 178.00 755.46675 731.56515 2926.19027 1291.87071
90 180.00 1791.18894 1011.64944 1606.71587 1068.09320
91 182.00 2289.47690 2371.33671 957.38180 178.72015
92 184.00 2983.57833 95.64327 524.60538 807.41978
93 186.00 1390.44325 2198.44908 24.57165 1373.65692
94 188.00 841.09223 2753.29792 2274.47486 2275.46172
95 190.00 1701.43367 2090.82894 1340.50976 2744.03498
96 192.00 1470.06708 425.63548 2916.32866 944.19683
97 194.00 1904.80866 2766.25763 2000.86292 2908.48137
98 196.00 14.36154 1686.68441 85.73205 1265.13038
99 198.00 1005.24749 2978.42032 329.81605 115.35465
