50.49 1524.32 2 8572.00 6208.43 9277.73 7559.54
59.47 873.28 2 8767.82 3684.27 9448.89 3137.68
80.84 2141.87 2 2469.63 8833.46 553.25 9790.05
83.37 768.66 2 8947.15 7293.34 9707.79 7404.17
83.95 3597.27 2 9188.19 2431.58 5644.87 1810.90
101.04 4851.88 2 4504.01 2994.39 7475.08 6830.20
108.22 4611.20 2 6402.10 793.59 2222.60 2741.65
109.04 5451.80 2 2980.39 9769.84 2318.46 4358.37
113.67 5383.44 2 3463.55 6545.79 3622.07 1164.68
114.46 3122.87 2 5520.31 7782.68 7867.69 9842.32
114.83 5341.28 2 1132.31 6317.48 5352.20 9591.90
116.62 4631.23 2 6688.14 8483.44 2209.42 7304.71
119.93 1796.34 2 5903.10 8463.27 5530.68 6705.96
124.50 3425.09 2 4688.63 2194.92 6412.26 5154.71
125.34 5366.89 2 4551.02 3691.91 9024.65 727.08
130.34 2716.89 2 6211.52 6707.11 7378.36 4253.55
130.87 343.56 2 7907.54 2906.11 8108.84 3184.51
135.05 3252.39 2 6862.69 172.18 4414.43 2313.23
136.67 4133.26 2 4650.69 9394.49 2475.51 5879.90
142.94 6447.05 4 4788.92 4774.72 3225.20 5672.75 4833.73 2370.03 5716.53 2772.49
160.43 4821.53 2 6861.18 2923.36 9959.53 6617.60
161.32 4966.05 4 9299.33 9760.82 7118.40 7648.14 7909.63 7540.80 6906.83 8064.14
162.54 3226.79 2 4484.34 648.26 1284.92 1067.57
168.21 1710.25 2 3201.57 3253.33 4475.54 2112.30
171.33 7466.46 4 8326.06 4690.75 7639.07 3252.17 3733.13 5926.27 4706.89 6516.41
179.55 4177.37 2 820.71 1898.82 454.42 6060.10
179.89 3494.46 2 8863.65 6884.90 5663.59 8288.77
183.62 1080.78 2 8956.34 8243.93 9454.34 9203.14
184.16 6207.98 4 4995.18 5693.83 2779.61 6375.09 4985.90 8104.14 5536.16 7166.78
185.12 5256.24 2 8401.66 9572.41 9456.04 4423.01
186.19 6409.52 4 2472.59 4373.45 5167.94 3456.32 3848.21 272.25 3858.11 157.00
192.71 4535.54 2 9312.34 4835.05 9443.40 9368.70
194.78 5838.85 4 1210.67 4588.13 3645.66 7416.54 3194.88 5840.54 3387.32 6266.56
199.16 8557.94 4 3236.87 122.95 4064.20 2367.45 2866.53 7394.39 3718.59 7914.34
201.67 8783.52 2 8139.76 404.90 7789.72 9181.45
208.85 8242.63 4 9068.46 5853.19 5944.11 9162.27 5417.02 5703.22 5253.47 5601.40
217.39 2569.47 2 2928.81 1401.05 1647.43 3628.20
220.96 4148.23 2 1489.79 5263.95 1529.16 9412.00
221.94 10997.21 6 2049.86 4412.20 2639.46 7926.46 4381.50 3797.84 5287.20 3500.75 6009.27 3903.03 5505.29 2843.82
223.79 3289.32 2 9268.53 3844.27 6069.82 3077.51
226.13 7006.34 2 9822.19 6712.56 3041.58 4948.44
227.17 8058.58 2 4436.90 1404.96 3997.30 9451.55
228.37 5718.53 4 6834.68 5018.60 7450.50 6388.04 9777.78 4250.52 8883.37 4813.91
229.72 3985.89 2 7046.28 4404.51 6544.05 450.39
229.79 5589.26 4 1989.51 3946.66 4844.31 2919.61 3359.72 4137.63 3597.89 4726.31
238.45 8322.32 2 1819.66 9495.72 4047.61 1477.16
242.37 4918.67 2 4060.67 137.77 6711.17 4281.22
248.85 2742.40 2 8933.18 2298.23 6267.07 2940.57
249.49 3874.61 2 2967.87 6428.22 1839.78 2721.47
251.91 3295.70 2 6874.25 3764.80 7387.40 509.30
252.31 7915.70 2 332.37 4534.39 6982.15 240.35
253.24 3962.20 4 6360.52 7834.28 7242.73 8677.80 6306.72 7101.94 5437.33 7366.43
259.80 3190.00 2 6027.38 6793.64 5495.16 3648.34
260.58 8428.90 2 1419.35 5215.74 8704.28 9455.56
271.89 7194.74 2 6589.40 3537.92 119.38 390.99
272.08 5803.83 2 231.04 8741.40 5706.79 6817.71
277.66 6583.01 4 6805.32 1145.81 3824.07 4367.26 3432.76 3667.24 2309.58 2845.33
284.36 9018.20 4 2243.95 5691.62 3282.10 8250.80 8142.22 7709.07 7487.61 6509.86
288.33 7416.31 4 164.16 2862.58 2419.96 4370.95 3698.49 7892.10 3482.84 6960.12
299.27 9963.32 4 3881.27 2423.32 844.71 4731.34 4499.02 280.94 4794.43 25.22
303.96 5798.09 2 5795.50 9452.21 2107.57 4978.16
305.11 8155.44 2 7351.42 9363.19 3029.75 2446.95
306.84 7742.24 4 414.31 8292.60 2252.64 6554.15 3357.15 3008.69 2111.66 2175.34
308.87 10143.61 2 1116.39 9785.24 7250.45 1706.49
316.88 8144.14 2 9489.63 5537.31 1377.79 6261.93
324.51 10225.41 4 9343.07 4748.03 5641.22 4489.02 3713.93 9340.34 2435.14 9140.14
333.00 14949.85 6 9255.58 2904.50 8697.29 1031.49 9975.32 1564.31 1256.85 6577.08 1347.31 6100.68 1859.04 7039.26
333.05 7452.32 4 4958.15 1657.17 1011.48 2523.82 3161.78 3015.91 2611.09 4088.54
339.75 8487.34 2 7295.50 2357.12 646.21 7631.77
343.80 8290.18 2 7296.31 2598.50 2117.19 9071.82
363.72 8586.02 2 9696.33 9592.47 9110.30 1026.47
389.35 11067.70 2 7712.15 9163.04 972.79 383.81
390.00 9999.89 2 139.12 5899.86 9686.06 8875.40
430.52 15926.01 6 5291.82 5306.95 9334.09 5158.91 7373.88 5481.23 333.39 5592.67 1236.22 4430.45 257.91 5405.80
432.61 12830.40 4 4013.78 2477.85 7100.55 181.78 6074.69 7704.14 7014.76 8729.83
