14.10 104.76 2 9691.00 597.60 9614.39 669.06
46.91 2145.65 2 1839.10 948.46 3912.92 1499.00
62.78 2439.24 2 3232.82 4767.00 2893.22 2351.52
63.43 2871.42 2 3373.15 216.81 3922.32 3035.22
80.58 3529.11 2 7237.29 4328.56 9473.31 1598.21
84.65 1432.73 2 2824.56 7907.09 4229.91 8185.87
85.70 884.89 2 1285.36 9561.06 1239.15 8677.38
98.22 3211.17 4 2289.27 5928.35 2465.86 6330.70 2370.18 8196.57 3272.14 8248.37
112.14 2707.11 2 109.14 2609.88 1440.60 252.84
113.84 4592.08 2 7247.57 8071.24 8640.98 3695.68
118.71 4435.26 2 5549.96 5772.20 3310.61 1943.78
122.48 2524.05 2 5501.27 6288.90 6463.28 3955.38
125.65 2082.48 2 7508.51 4924.56 5451.11 5246.79
126.48 6224.13 2 7913.75 6617.72 1727.80 5929.37
130.20 4709.97 2 4885.88 4697.53 193.97 5109.60
130.75 937.56 2 2603.42 1191.68 2853.82 288.17
135.24 5462.00 2 2094.56 3262.01 2334.38 8718.74
137.09 5854.45 4 4289.97 1218.47 4825.53 1461.20 1294.28 2818.97 2727.58 3200.36
141.30 6165.05 2 3080.08 1586.02 6304.59 6840.58
147.05 5352.38 2 4909.40 6026.00 8909.11 9582.73
148.84 2342.17 2 2088.37 5827.39 71.52 7018.24
149.94 4996.99 2 9852.85 6047.71 5363.10 8241.36
150.35 6317.64 2 9704.31 631.25 4470.78 4170.01
152.18 908.91 2 1072.62 2.71 312.00 500.28
154.03 7301.62 2 9551.96 5493.29 2277.39 4865.35
154.85 4242.55 2 5525.75 3688.22 3152.69 7205.01
159.54 5777.11 2 2762.10 1430.83 8477.73 590.21
161.36 4967.77 2 9098.07 1476.15 6258.90 5552.64
162.44 5421.91 2 7334.20 7354.95 1949.43 7988.48
162.49 6724.67 2 3125.37 9157.38 9725.28 7868.06
165.03 6151.27 2 2660.07 4494.85 7774.33 7912.82
170.24 1711.96 2 112.12 2742.31 0.09 4450.61
170.97 8548.28 2 9897.62 6321.93 3994.18 139.50
172.09 3104.46 2 2015.86 6076.19 3344.86 3270.58
179.39 3769.32 2 5815.83 3681.18 8985.79 1641.79
180.32 5716.15 2 2759.49 7062.97 4533.33 1629.01
182.22 4310.97 2 5005.84 3229.50 7559.63 6702.63
189.11 6455.31 2 6516.35 7623.74 787.10 4649.39
189.77 4988.48 2 2607.55 2392.65 6447.59 5576.85
190.62 3530.88 4 8329.30 6742.06 9524.25 7927.63 8866.52 8178.60 8802.91 9320.43
193.85 1992.30 2 5632.31 632.84 6918.02 2154.76
193.93 3396.48 2 2164.24 1809.19 3339.32 4995.93
194.52 4825.95 2 192.56 7655.37 4922.27 6696.42
196.58 8229.06 2 1271.33 3218.33 6326.82 9711.36
196.62 6030.99 2 5656.17 5685.30 8832.60 558.59
199.11 6255.39 2 3266.10 8360.73 345.34 2829.09
199.54 3776.94 2 8843.80 2523.33 5110.99 3099.02
199.60 4580.23 2 2814.17 5562.63 5108.80 1598.63
201.32 6866.08 2 5938.45 7584.62 1077.45 2735.52
206.04 9501.87 2 9433.38 8036.22 4163.45 129.68
208.44 8521.83 2 955.83 7501.92 6236.07 813.08
209.30 6565.17 2 7172.70 1318.67 638.78 678.95
214.67 2333.61 2 5589.44 7029.47 7919.64 7155.69
214.84 4241.81 2 7538.59 9208.19 4801.76 5967.40
215.49 6474.67 2 6418.19 3959.90 1549.84 8228.46
219.75 8387.52 2 6458.42 9577.26 5975.87 1203.62
221.53 6976.48 2 7546.60 9723.19 3381.58 4126.42
222.25 6412.61 2 2190.01 2326.66 1526.31 8704.83
226.50 3325.07 2 6566.10 9594.29 8763.76 7099.02
227.63 5681.43 4 6033.68 6514.09 7199.42 7199.69 5118.05 4056.91 4578.84 3907.54
228.91 3645.60 2 3975.39 3774.25 371.61 4324.88
231.64 6581.89 2 6971.25 5500.31 401.30 5896.69
237.40 5770.22 2 3609.38 543.68 6261.18 5668.47
243.19 6259.27 2 8742.34 2001.43 5702.07 7472.73
243.31 2665.52 2 5736.93 9772.32 7922.78 8246.86
247.34 2667.15 2 5439.97 5195.69 5754.65 2547.17
247.88 8394.20 2 1515.70 5227.81 9401.23 2350.14
252.52 7325.78 2 2127.78 5362.30 9152.01 7442.54
253.28 6064.09 2 7950.03 6670.24 9378.25 776.74
255.70 8384.88 2 8143.64 4484.98 1152.49 9114.24
255.80 8189.87 2 524.83 8428.93 2255.20 423.95
256.96 4048.08 2 4070.02 5802.12 3721.10 9835.13
257.46 4172.91 2 7261.99 5407.67 3207.11 6393.14
260.04 3202.01 2 5504.49 9422.90 7397.11 6840.11
261.16 6057.86 2 6457.72 9709.40 7418.46 3728.21
265.78 6188.80 2 2799.79 6536.26 2974.70 349.93
266.00 4299.95 2 6757.11 4078.26 9613.86 864.46
279.64 6482.01 2 1745.81 1125.87 7248.09 4552.45
292.15 6507.41 2 7188.71 2026.99 2672.84 6712.43
294.47 5123.73 2 3963.50 8234.43 8807.23 9905.04
301.82 6590.79 2 7425.26 2865.17 884.16 3672.97
303.17 9358.27 2 1848.32 416.60 8046.36 7428.13
311.28 8664.00 2 7287.48 9612.08 972.33 3680.50
312.80 6440.25 4 4507.69 5392.12 3416.50 6326.97 6803.38 8897.41 7447.94 8510.98
315.84 8591.93 2 1200.77 1418.38 4569.28 9322.46
318.06 7302.91 4 8207.14 5445.91 7877.24 4891.80 3732.67 9018.21 3254.87 8364.69
327.32 9065.87 2 9832.83 9145.66 1203.25 6367.10
327.56 7478.11 2 7673.13 1476.33 6726.58 8894.29
328.47 8523.71 2 4657.02 1750.23 132.69 8974.08
334.01 9100.61 2 8864.40 6949.19 2731.35 225.59
350.38 8419.15 2 2532.00 1376.41 9247.19 6454.64
385.51 11075.27 4 9631.90 1880.70 9958.37 441.23 6896.75 8103.54 5632.12 8569.98
386.66 10032.78 2 3434.54 9182.99 9827.14 1450.50
