28.49 824.36 2 2884.08 5326.66 3340.55 4640.21
32.47 1523.39 2 4085.16 7512.81 4181.80 5992.49
67.78 2888.78 2 8261.38 4494.56 9239.11 1776.27
71.33 1066.42 2 7166.25 5115.60 6496.30 4285.89
80.08 3303.96 2 1722.71 9072.81 3833.53 6531.04
89.65 4082.61 2 3921.73 8590.57 4948.33 4639.14
92.63 3431.57 2 7429.65 8835.12 6541.16 5520.57
95.41 3970.34 2 9742.47 4102.94 6364.17 6188.76
103.74 3187.00 2 6768.72 8670.63 9955.35 8621.69
107.41 2370.33 2 4915.77 2447.28 2600.00 2952.92
107.98 3599.05 2 6040.07 3312.59 9201.56 1592.67
109.64 2581.91 2 971.26 6420.36 740.70 8991.95
112.80 3539.85 2 703.66 4170.90 2600.29 7159.77
116.74 5636.88 2 3194.03 3631.75 1056.39 8847.58
117.74 1686.78 2 1753.87 8971.34 142.33 9469.48
119.80 4890.14 2 5693.06 4719.14 909.66 3702.96
126.46 3023.08 4 2210.22 3708.51 3423.67 3093.08 3627.24 2912.18 2243.10 2783.16
129.23 3361.43 2 4446.72 7873.74 6995.62 5682.31
135.85 1292.49 2 5856.77 5812.70 4642.71 5369.34
137.51 6875.34 2 1591.18 7775.25 7344.61 4011.17
142.22 6810.97 2 9602.39 7617.53 3177.75 5356.27
145.63 5781.50 2 3227.24 2929.82 8944.46 2070.07
150.29 3614.42 2 4058.45 6184.60 1704.10 3442.14
150.34 1916.98 2 7814.13 3188.58 6339.06 1964.26
156.80 4439.99 2 9447.92 1583.02 6338.95 4752.85
159.85 5792.75 2 1209.82 7765.97 6470.89 5341.71
160.11 1105.68 2 2132.16 5017.80 3200.16 5304.00
165.95 5897.44 2 3983.97 8223.16 7687.62 3633.73
170.50 5024.94 2 4398.62 2948.80 7437.33 6950.83
177.76 7487.87 2 8746.50 1752.11 9371.41 9213.86
178.26 4513.10 2 7780.14 7892.74 6499.97 3565.01
180.57 4528.58 2 4593.22 9127.03 9063.02 8399.77
180.76 5038.03 2 1558.77 8526.10 3142.96 3743.63
181.19 8059.41 2 7321.48 9454.89 3250.20 2499.41
183.62 7580.97 2 4611.80 2450.47 6032.49 9897.13
185.52 6576.11 2 7535.78 1117.84 1689.53 4128.93
187.69 5584.30 2 2594.21 7211.39 7454.57 9961.18
189.34 3667.16 2 2149.94 4872.31 5693.29 5817.14
190.12 8605.79 2 1385.72 6199.20 9989.10 5995.68
190.64 6932.10 2 1240.57 1459.84 2624.99 8252.29
191.26 4463.04 2 6896.99 6508.07 2450.87 6896.37
191.32 2165.98 2 2693.83 9328.44 4719.82 8562.38
191.40 7269.99 2 237.20 4808.08 7260.32 2929.63
192.03 2301.36 2 9811.54 6534.91 7887.49 7797.55
192.22 2111.05 2 3036.18 1449.87 3337.22 3539.34
194.06 6503.11 2 5944.28 7613.23 1480.24 2884.30
194.56 927.81 2 7498.26 3245.46 7752.43 4137.77
195.37 2068.69 2 4171.24 7622.23 4040.81 9686.80
195.91 1895.31 2 194.80 7043.39 2086.09 7166.73
196.23 8511.66 2 8634.38 8503.09 1613.79 3690.64
197.81 3190.67 2 3046.41 9252.95 4431.98 6378.83
207.21 4660.73 2 1164.06 833.86 1973.96 5423.69
209.04 1552.13 2 1517.73 1504.20 2988.56 1999.94
213.68 5984.00 2 2025.30 6642.44 3984.91 988.40
216.25 9112.48 2 7967.54 9728.05 5002.15 1111.57
216.28 5814.02 2 5667.02 2479.72 2560.72 7394.36
216.96 3248.09 2 7452.14 4497.08 4252.98 3935.42
220.24 6412.13 2 8457.46 7830.87 5241.18 2283.71
221.49 6974.35 2 8654.09 4852.46 1691.21 5252.37
223.54 8376.95 2 3398.35 9129.75 7955.53 2100.85
229.22 4860.87 2 4705.06 1631.31 655.59 4320.15
229.22 5461.09 2 1947.99 8057.66 6144.13 4562.54
230.95 7947.59 4 1465.26 2923.33 280.05 2116.62 3842.27 6367.62 3029.57 5842.35
234.37 6918.27 4 3295.15 671.98 4560.66 402.33 5532.84 5347.54 6091.38 5519.76
235.41 3170.26 2 3750.19 1014.40 6396.29 2760.46
235.47 3673.62 2 3256.85 5599.72 1994.52 2149.80
235.59 5579.27 2 1765.32 5072.93 5142.00 9514.36
243.66 4183.20 2 2947.97 3734.75 3218.46 7909.20
244.83 5941.33 2 2996.37 8672.61 2490.22 2752.88
245.12 10356.19 2 4622.12 9624.74 68.83 323.23
245.18 3959.03 2 3254.83 4796.83 7212.64 4698.72
251.27 6663.55 2 8611.39 1115.24 8865.17 7773.96
253.10 6554.78 2 4.95 7545.60 6013.54 4926.05
254.90 5745.13 2 1029.17 3000.61 6095.27 5710.08
256.01 7500.51 2 913.59 1900.14 8306.92 636.69
261.59 6279.53 2 5385.90 1826.56 7787.92 7628.53
263.87 6793.28 2 5612.64 3088.04 4400.44 9772.29
264.16 3508.05 2 3963.08 4863.58 480.31 5283.97
267.64 8481.89 2 7412.58 8726.16 9704.37 559.75
280.51 6225.54 2 3536.12 8053.71 9749.86 7670.49
284.02 5101.00 2 2607.19 5310.27 2914.19 218.52
286.49 8924.26 2 9031.34 5225.58 608.65 2275.86
287.96 4998.14 2 8845.85 1841.40 4683.26 4608.04
288.67 7933.71 2 9456.97 4875.80 3192.08 9743.54
298.01 6400.31 2 9088.87 4870.41 2801.43 6067.05
299.37 7768.25 2 8523.57 6101.23 1571.33 9567.07
302.43 5621.60 2 3330.12 6776.69 7040.60 2553.58
310.01 7300.66 2 5029.43 8564.03 1068.35 2431.38
310.70 7134.95 2 9711.33 460.00 6594.18 6878.01
312.71 6435.47 2 7721.01 680.04 7859.01 7114.03
317.55 8777.66 2 1545.98 1563.88 7663.97 7858.11
321.82 7091.05 2 880.05 2452.27 5727.33 7627.87
329.61 7180.40 2 3139.61 8534.33 9051.03 4458.40
339.68 7383.95 2 7476.50 231.38 1191.90 4107.79
340.11 8305.47 2 3694.49 9236.06 1110.31 1342.85
361.56 8178.06 2 320.84 5042.12 7982.78 7901.38
375.98 8999.16 2 9129.82 5122.62 162.01 4372.07
