54.70 2234.97 2 4735.19 8493.41 3007.36 7075.77
61.82 2491.04 2 8057.76 9147.41 5623.86 9677.86
64.57 228.35 2 66.12 5516.44 118.51 5294.18
73.61 3680.25 2 1432.60 6602.12 2210.43 3005.01
78.39 3219.62 2 5572.87 1340.93 2428.59 2033.37
78.41 320.25 2 6840.42 8478.67 6537.36 8582.19
83.10 3854.87 2 9415.86 6713.43 7858.05 3187.34
85.00 2149.99 2 3798.40 8333.63 4993.01 6546.08
87.65 3182.51 2 3329.64 9570.20 153.34 9371.60
88.26 2813.21 2 3592.60 2615.62 5128.17 4972.77
89.29 2964.49 2 5520.79 7755.14 3806.62 5336.50
90.61 3130.50 2 2425.93 6044.02 2045.13 9151.26
98.71 3635.43 2 9620.78 1173.16 9995.72 4789.21
99.20 2259.92 2 4123.92 8425.45 2314.33 7071.70
101.11 3955.61 2 7243.05 5588.50 4793.94 8694.74
102.82 2540.91 2 8466.97 9451.88 6682.16 7643.39
102.83 2241.55 2 6667.55 6165.19 4832.04 4878.54
105.92 4295.95 2 6029.22 8736.20 1881.63 7616.96
108.22 1510.78 2 4339.10 7843.76 5658.57 8579.60
113.40 3969.89 2 986.08 9813.18 4694.90 8397.31
116.09 5604.64 2 6259.93 4272.01 4956.21 9722.90
122.43 1521.69 2 3891.57 8965.26 3317.30 7556.09
122.95 3747.52 2 1692.66 7203.14 4883.16 9168.99
123.11 3055.46 2 2747.41 9774.79 171.43 8131.57
127.13 4356.53 2 5791.43 4175.78 1524.11 3298.65
129.30 6065.10 2 4163.25 1492.18 3764.60 7544.16
132.19 3809.28 2 91.41 5057.33 3732.01 6178.35
142.70 2834.76 2 329.02 9287.66 3144.85 9614.69
143.18 5359.06 2 9143.30 3707.05 4139.30 5625.25
143.90 3894.78 2 963.14 1488.97 1919.32 5264.56
144.22 3211.14 2 953.62 5281.59 425.52 2114.17
150.89 6644.71 2 7245.85 1904.82 2684.62 6736.72
154.29 4314.72 2 8152.14 2673.25 3968.96 3730.52
158.57 5628.61 2 6416.94 4905.96 1682.34 7949.76
163.12 3756.07 2 5870.36 7522.54 7127.11 3982.96
165.92 8195.89 2 609.58 9485.20 8797.14 9115.78
171.69 3184.54 2 7116.77 6339.01 7396.55 3166.78
176.75 5037.73 2 561.15 94.50 1713.84 4998.58
177.38 3268.86 2 2697.66 1325.07 1873.92 4488.44
178.87 3143.51 2 930.64 5980.44 3244.30 3852.38
183.96 897.95 2 5106.76 5187.98 5805.18 5752.35
184.48 2323.87 2 2914.48 6949.58 4910.07 5758.79
186.73 8536.25 2 6467.06 9222.26 8471.33 924.64
188.45 7222.45 2 6848.47 2573.27 8215.92 9665.08
191.61 4080.66 2 1065.51 51.95 3082.67 3599.17
193.25 5962.47 2 7595.86 935.01 3792.64 5527.01
193.38 4569.11 2 4906.03 3558.11 9411.43 4318.48
194.62 3631.16 2 3807.32 1388.40 3011.31 4931.24
195.96 7898.24 2 2212.74 1459.23 2607.74 9347.58
196.25 3612.50 2 632.67 4346.76 4211.02 4842.31
198.37 2118.43 2 5436.45 7907.21 3595.29 8955.02
201.07 2853.55 2 6817.13 5500.99 9530.05 4616.22
205.10 6755.11 2 4060.27 5650.02 9902.33 2258.57
205.35 7767.41 2 5421.37 6418.09 587.32 338.24
208.02 4100.80 2 769.21 2517.00 2465.90 6250.34
210.93 746.27 2 5277.15 6391.09 5969.71 6113.08
211.57 7378.25 2 6740.33 8061.68 9097.73 1070.16
220.25 5312.43 2 5547.40 4080.44 262.62 3539.14
221.02 2250.96 2 4829.26 4761.63 4381.66 6967.63
222.18 3108.93 2 6576.02 3550.09 6470.00 442.97
223.10 5954.88 2 6796.95 6606.72 856.94 6186.16
226.55 1927.60 2 6141.07 1973.24 5922.03 3888.36
227.78 4989.11 2 5938.06 1955.48 1069.72 3046.58
228.36 6918.07 2 769.37 1624.50 2404.72 8346.51
228.71 5535.56 2 2918.47 3878.00 847.00 9011.36
232.13 3006.44 2 4159.75 9617.28 1160.69 9406.76
237.74 4786.86 2 1138.88 5638.51 5922.27 5456.29
240.15 3307.73 2 1416.75 3118.90 4553.33 2068.67
241.66 7182.84 2 3405.93 7690.06 9548.58 3967.03
242.53 4526.54 2 7890.77 739.65 9907.01 4792.35
243.70 4884.96 2 7083.67 4384.55 2913.31 6928.35
244.32 3816.18 2 4457.79 3911.34 7723.42 5885.90
244.78 4738.92 2 6333.36 2420.21 6586.63 7152.36
245.00 5750.21 2 9488.23 3322.17 6201.92 8040.76
246.20 7610.14 2 1399.51 9884.78 7241.64 5007.93
249.15 5057.48 2 8189.66 7956.57 4091.42 4993.03
252.09 4704.65 2 5369.06 6381.80 849.82 7689.54
254.86 5743.18 2 2424.24 3760.55 8164.95 3929.35
264.18 9009.24 2 743.48 9255.85 8993.12 5635.10
264.31 5515.72 2 4008.05 5066.13 9203.92 6917.09
267.62 9281.25 2 8681.17 8875.54 4755.00 465.62
272.68 3733.98 2 5870.05 3479.25 8455.18 6173.63
275.04 7152.05 2 3295.42 3347.36 8154.75 8595.08
276.01 4100.53 2 3259.85 4575.50 2623.53 8626.37
276.64 5331.83 2 5004.66 3449.67 245.63 1045.49
279.76 5888.14 2 9836.08 6774.72 3996.18 7526.83
282.66 5133.05 2 8491.80 6479.70 6771.39 1643.54
283.00 5250.18 2 3189.09 3002.64 8101.86 1150.85
286.24 9512.16 2 9743.23 536.96 4370.88 8386.75
287.66 9083.15 2 7980.55 7131.09 820.38 1542.21
294.91 8745.69 2 9052.08 9781.73 5719.60 1695.83
310.96 6048.21 2 7047.36 2057.84 7523.25 8087.30
312.66 6433.10 2 5598.49 9584.63 2318.56 4050.47
317.03 10851.36 2 7735.55 296.26 2733.27 9925.86
317.91 6595.59 2 1844.52 6404.79 4321.34 291.92
337.17 10058.32 2 2008.51 3141.83 9645.75 9687.25
342.34 10416.87 2 9742.25 1361.24 3206.65 9472.79
344.75 8137.71 2 9839.00 2439.13 1744.53 1601.36
354.78 8138.88 2 625.64 1017.52 8719.79 1869.60
358.10 9704.82 2 9657.17 4304.56 105.48 2587.38
