31.82 290.80 2 2651.38 5758.64 2930.28 5676.29
77.28 1763.82 2 6518.14 6217.71 5283.12 4958.42
77.57 3578.49 4 2257.48 2346.74 1819.47 2171.49 3117.38 29.73 3644.37 321.55
87.24 862.03 2 8809.52 1470.35 8583.01 638.62
88.11 4405.41 2 6770.35 1308.71 2397.46 774.41
98.94 2947.20 2 4421.59 2531.86 7284.40 3232.09
100.86 3843.13 2 2904.90 1472.98 774.96 4671.89
103.86 2493.24 2 1715.16 3242.82 1965.70 762.20
103.97 4698.68 4 1944.32 2701.70 3002.55 2376.37 591.01 2618.03 1096.61 3670.87
114.94 3846.95 2 3873.95 1780.33 5962.32 5011.08
136.08 3603.85 2 4157.63 4257.74 7363.81 5903.38
139.93 3196.40 2 835.25 5813.08 1023.75 9003.92
141.72 4685.82 2 9815.72 6509.14 7969.37 2202.41
143.70 2284.82 2 3922.57 6416.39 2228.38 4883.38
145.85 6292.72 4 2759.38 3638.06 4780.51 2888.19 7992.13 1171.93 7653.09 810.53
155.91 3395.56 2 8885.64 2642.73 7020.16 5479.96
156.78 7139.13 2 8822.39 9849.49 1770.53 8736.67
159.69 684.27 2 7227.36 4173.56 6818.04 3625.22
160.03 1801.41 2 5307.39 7674.99 6326.73 6189.72
161.95 6597.32 4 5542.14 7185.93 2779.59 8834.43 1796.32 6254.60 1774.22 6873.64
166.98 8148.92 2 9712.15 4733.21 3334.90 9806.25
171.13 5956.34 2 2346.08 3396.04 4655.38 8886.51
171.69 8484.53 4 7330.43 4163.08 8775.27 918.66 4539.74 1660.22 3983.58 1962.45
171.96 5498.24 2 474.46 8179.70 710.11 2686.51
171.98 5199.14 2 4132.20 7499.52 9131.35 6071.36
173.13 4456.59 2 4156.24 9950.30 8600.52 9619.24
173.76 1987.91 2 6632.86 3796.90 8384.60 2857.12
173.83 4591.71 2 9828.45 1650.57 9283.56 6209.84
175.01 5850.51 2 9040.89 2386.12 4784.01 6399.52
191.95 5997.71 2 9128.62 5977.21 7000.54 369.74
195.01 4050.65 2 8318.16 3899.53 4345.48 4690.46
195.98 8698.86 4 9077.60 6524.05 7524.31 6416.81 3064.83 2708.95 1736.37 2516.75
196.65 5132.43 2 5052.55 2612.69 324.20 616.54
198.20 5410.05 4 1410.10 366.86 4569.57 3236.69 4620.93 3950.30 4705.38 4368.17
203.30 4064.82 2 3410.00 8084.88 7420.75 8745.73
207.27 4563.72 4 7198.91 997.05 6065.44 2341.33 3689.72 2184.18 4052.80 2404.03
207.89 8694.47 2 1614.20 1112.43 9787.02 4078.70
209.88 10093.92 4 3904.29 1580.38 2117.80 1713.27 8521.00 4110.11 8687.42 5566.05
212.99 6749.61 2 3184.21 1387.93 9909.38 813.97
214.40 6419.99 2 6388.72 1128.20 1726.52 5541.84
215.66 1782.77 2 1610.25 2843.20 703.23 1308.41
221.54 8777.07 4 21.00 4647.18 3381.65 4247.41 8095.21 2610.91 8495.04 2662.60
232.97 7048.52 4 3807.27 6045.11 2807.41 8469.75 6366.50 9648.98 5698.01 9752.41
233.97 4498.64 2 7637.85 9452.14 3308.52 8229.57
239.67 9783.64 4 7646.74 5699.19 8258.92 3839.28 1182.55 2398.65 1679.91 2055.88
241.86 3393.22 2 5642.32 3198.79 8889.42 2213.76
242.80 5039.75 2 1574.78 2764.20 2441.72 7728.82
245.54 8976.86 2 1142.32 264.85 8090.03 5949.33
249.38 4469.15 2 4802.95 7515.14 9077.79 6211.66
250.49 7724.27 2 674.49 847.77 8381.48 1364.15
250.95 2647.28 2 2314.07 5046.03 3737.05 2813.71
255.86 6893.04 2 2725.94 6726.53 1033.77 44.42
257.23 10061.37 2 7242.18 917.90 2509.94 9796.92
258.07 3803.65 2 4343.86 1675.79 2711.20 5111.22
259.80 4590.11 2 602.21 2240.71 5170.07 2692.05
263.16 7658.04 4 1704.37 2296.22 870.73 886.03 3400.14 4989.12 2909.64 3894.20
265.96 8198.10 2 9797.56 5788.15 1696.57 7046.31
268.26 5713.23 2 3309.58 8177.69 5508.09 2904.40
273.82 8491.08 6 8430.57 7398.68 8953.91 8976.70 5747.81 6600.77 7086.88 5996.22 7023.28 6088.04 6008.18 5346.42
280.30 5814.78 2 1621.09 7865.38 3974.08 2547.95
283.64 10182.17 2 441.00 9097.74 7615.40 1872.46
283.98 6098.76 2 5626.08 7607.85 9920.65 3277.55
285.01 4950.44 2 4076.17 689.48 5988.18 5255.77
286.10 6904.96 2 7740.68 4587.47 2235.09 8754.83
286.85 4842.64 2 3493.28 6032.32 8303.69 6590.12
289.45 5272.61 4 1407.37 3978.72 1888.55 1439.23 2460.68 2634.61 1795.58 3823.97
292.28 6714.23 4 4917.74 3246.21 4376.57 588.50 1698.97 1577.98 2622.28 896.76
292.90 7144.99 2 2520.07 8124.18 7989.03 3526.20
296.78 8438.81 4 2114.79 3072.54 3452.32 2933.95 4680.03 9172.49 5017.09 9826.68
305.16 10258.15 2 2466.91 8439.41 9173.56 677.30
305.34 7466.91 4 4579.65 5925.76 6947.29 3407.09 6402.23 822.91 7071.66 2017.16
306.93 8846.49 2 170.91 4861.70 8452.61 7971.98
319.59 9679.58 2 9638.30 4255.35 150.78 6174.02
320.61 6230.45 2 9923.83 2023.32 8282.72 8033.76
335.82 9190.81 4 9204.85 1547.10 5703.50 821.48 760.49 1705.32 1289.03 1435.02
346.42 8420.99 2 9415.88 8707.47 3751.16 2476.58
350.95 10747.72 2 1037.83 233.39 7850.55 8546.05
355.88 9494.02 2 8734.25 9502.09 5637.40 527.35
368.29 8714.59 2 659.57 850.29 8843.11 3845.92
409.38 10868.97 2 6915.44 410.67 1024.10 9544.48
