43.13 1556.47 2 8113.63 5341.86 8602.94 6819.41
56.30 2814.80 2 9479.98 9043.24 7030.91 7655.74
69.09 2454.33 2 1936.46 4365.25 579.23 2320.33
79.34 2267.02 2 4949.29 7352.19 3569.58 9151.01
94.40 2519.81 2 1371.31 9759.38 2305.36 7419.09
95.34 3967.16 2 6954.41 4297.19 4268.34 1377.70
97.03 2351.42 2 1142.39 4989.07 337.56 2779.67
101.81 190.65 2 419.56 7173.58 608.13 7145.50
109.06 2653.07 2 444.16 2057.30 1844.27 4310.85
109.24 2761.79 2 6097.48 4953.57 8627.73 3846.63
110.35 5217.38 2 2705.08 417.41 356.00 5076.04
111.40 4070.14 2 2442.44 2924.13 6061.24 4787.01
116.69 5434.54 2 6503.37 4315.16 3034.18 8498.34
126.15 2307.27 2 6592.30 7824.26 8102.59 6079.99
126.18 3208.97 2 9074.50 8102.44 5909.59 7572.52
128.31 4515.65 2 2926.83 6536.44 5268.44 2675.35
129.83 4091.50 2 9779.10 6983.42 6499.08 4537.63
132.14 3206.97 2 3881.11 7212.97 6779.70 8585.14
133.99 2799.56 2 3375.32 3946.01 6155.47 3616.95
136.23 2611.51 2 1787.84 4627.24 4399.09 4664.40
136.39 1019.27 2 6090.38 8080.34 5107.96 7808.74
141.49 5874.38 2 7931.81 5680.49 9909.39 148.99
143.83 2891.58 2 9658.85 4802.08 8443.25 2178.43
146.02 3801.07 2 9379.76 4635.03 5726.03 5683.03
146.47 4123.45 2 3409.44 8292.39 4340.76 4275.49
148.27 2813.60 2 2761.44 8690.55 1272.22 6303.38
154.40 3620.13 2 1243.06 5684.41 3209.89 2645.18
156.23 4911.45 2 522.60 3051.48 5415.49 3478.05
158.00 6800.25 2 5886.17 2271.26 7474.76 8883.35
161.37 5968.46 2 7055.02 6218.72 2797.84 2035.55
166.84 3941.82 2 585.85 9388.34 2764.46 6103.29
169.90 7595.22 2 4379.53 8971.47 9825.35 3677.09
175.59 6479.67 2 2107.70 3723.90 8163.80 1419.61
175.62 1580.96 2 1381.40 2602.79 2868.85 3138.44
176.93 6246.67 2 3841.77 8271.79 844.93 2790.92
177.63 8681.53 2 6124.33 805.93 5514.25 9466.01
180.85 7242.52 2 2202.87 7131.34 9414.27 7802.08
187.10 555.02 2 5641.31 8973.02 5798.28 8440.65
188.32 2316.16 2 5376.16 7764.48 4076.17 5847.55
188.40 219.99 2 994.67 2847.91 1185.51 2738.49
190.77 4438.33 2 3533.35 7183.19 6005.79 3497.30
191.82 5991.06 2 5189.13 1625.49 3812.91 7456.34
192.76 3638.11 2 8307.27 326.00 7262.60 3810.90
193.00 8950.01 4 7379.24 5524.96 6977.72 5034.45 521.40 7656.82 539.98 9004.25
194.54 3527.07 2 2245.81 5034.96 5744.39 5482.33
195.58 8378.89 4 1805.93 437.19 1223.76 768.04 3496.67 6552.09 2501.99 5436.46
196.56 5128.22 2 1469.02 6179.49 495.80 1144.47
198.34 4016.80 2 5081.82 5814.86 3440.53 2148.69
198.74 3337.19 2 2430.73 7676.43 3619.65 4558.21
200.07 4803.66 2 774.79 4438.13 5110.36 2369.79
200.29 9914.70 2 353.62 9810.56 9499.08 5981.48
201.72 385.79 2 7989.92 66.65 8325.04 257.77
205.34 2866.79 2 6326.30 7726.45 8998.72 8764.06
205.78 4989.02 2 3257.89 3713.59 8226.93 4159.70
208.98 4948.78 2 7881.64 3349.86 4081.38 6519.78
209.64 1082.05 2 9888.06 7534.69 9245.16 6664.34
211.53 1976.49 2 3793.75 4385.87 5086.67 5880.81
212.16 3708.13 2 9146.36 6533.30 6052.19 4489.68
214.06 9403.15 2 7198.27 8126.22 766.12 1267.16
214.07 1803.74 2 4266.90 3228.00 3185.78 1784.16
216.78 1538.76 2 4389.17 8853.49 2884.79 9176.93
221.21 4760.53 2 4180.80 7330.46 8475.95 5277.56
222.81 4740.52 2 514.32 4723.29 5244.48 4410.17
232.38 3319.05 2 2892.91 4771.06 1346.06 1834.51
232.93 7146.51 2 3140.27 640.43 1798.04 7659.77
242.29 4014.33 2 9941.34 452.38 7387.48 3549.58
243.18 4159.00 2 8974.26 8983.54 5914.78 6166.30
243.40 8369.85 2 9509.67 855.37 2499.33 5428.05
244.45 9222.62 2 259.92 6087.39 8931.69 9226.99
245.49 5474.55 2 8802.27 3618.81 3519.85 5056.43
246.41 7320.48 2 2590.55 2574.45 6783.88 8574.90
247.07 11853.34 2 9714.66 214.43 553.57 7736.13
248.49 5924.62 2 2691.83 8360.09 2930.65 2440.29
249.19 4259.31 2 4488.95 4088.75 4497.54 8348.05
249.72 9186.19 2 7292.26 7354.14 571.19 1092.10
249.92 4996.10 2 155.12 1207.89 2633.76 5545.79
256.40 7419.93 2 6418.87 8758.53 1430.79 3265.41
257.40 3769.76 2 2106.81 5191.35 5751.38 6154.77
261.74 8286.90 2 385.02 6844.41 8605.70 5798.91
269.10 5654.92 2 8668.80 9186.23 9042.60 3543.68
275.74 5286.84 2 8955.99 5935.53 3698.74 6494.05
277.43 8271.31 2 4706.85 9735.01 6219.16 1603.13
280.72 4235.83 2 2031.41 9418.06 5711.65 7320.89
288.21 7410.31 4 4188.50 5693.42 4023.18 5569.41 8267.84 1252.81 7119.84 1190.30
293.79 7989.70 2 7481.88 1154.17 2410.46 7327.98
299.65 11282.71 2 9246.61 1318.73 151.83 7995.89
303.37 6168.39 2 1431.97 8139.87 7346.26 9892.05
311.85 7892.60 2 4314.20 6900.47 9899.33 1323.78
312.39 6919.50 2 9447.68 968.99 2973.49 3411.17
328.99 9149.64 2 815.06 4210.23 9832.48 5760.12
337.97 8498.65 2 7659.56 9163.42 9366.21 837.89
349.20 7559.80 2 5208.94 8310.38 2949.42 1096.15
364.66 12532.99 2 446.11 9303.09 9118.73 255.35
366.32 10716.08 2 9301.25 7428.54 1263.98 340.76
367.45 8872.62 2 1410.03 2068.43 8387.90 7548.65
373.55 12577.41 2 9978.21 784.45 773.11 9355.18
392.11 10005.64 2 273.50 9025.41 9598.57 5398.30
