36.20 1309.80 2 4700.21 2057.78 5311.31 3216.29
45.94 1697.19 2 2741.86 1480.16 1115.15 996.16
82.64 2531.96 2 7336.85 6521.19 8242.40 4156.70
88.28 2713.79 2 464.08 3030.11 2774.73 4453.33
89.40 4369.76 2 9704.87 5800.39 6443.61 2891.96
99.02 2851.15 2 6972.12 3599.75 9627.11 2560.47
103.36 4867.83 2 9575.69 7519.44 4784.19 6660.79
111.36 4268.11 2 9283.49 154.95 7935.50 4204.60
116.34 2116.96 2 4646.84 6813.44 3062.32 5409.57
116.53 2426.68 2 8414.96 8633.51 7353.81 6451.14
131.94 4096.89 2 2671.17 7463.16 2690.87 3366.32
137.33 3666.54 2 4748.03 5717.85 6722.51 8807.33
138.87 5843.59 2 8386.04 1261.80 5768.66 6486.43
139.28 6563.97 4 6735.73 4773.41 8457.15 4360.71 8028.06 8537.01 7862.34 7965.04
140.55 3227.55 2 6414.25 7702.74 9624.16 8039.76
146.40 7319.81 4 7607.40 5444.15 5883.27 6013.88 8970.41 2346.28 8941.28 1636.82
149.74 5087.11 6 3894.43 6299.30 3368.29 6691.04 4979.80 9467.57 4906.11 9497.78 4733.99 9422.33 5553.23 9909.78
149.94 3596.85 2 2854.71 6919.64 461.83 9605.06
150.00 2099.94 2 1178.23 6448.61 1745.44 8470.50
153.26 3462.84 2 1395.66 4909.73 4200.75 2879.27
160.15 3107.67 2 8499.67 3078.74 7369.60 183.83
165.13 6456.35 2 9659.73 9167.02 9943.58 2716.92
167.50 3274.77 2 9872.26 5742.18 7161.09 7578.94
168.07 8203.71 2 7414.51 8005.51 4943.31 182.84
170.73 3336.54 2 2787.08 2814.07 5522.01 902.87
171.31 5665.42 2 3339.65 9996.87 8984.97 9520.14
177.49 6974.71 2 3554.38 4502.81 8474.49 9446.40
181.22 5561.00 2 4263.79 4030.83 2347.55 9251.25
181.28 6863.93 4 2821.74 6399.00 4701.49 5279.72 7842.39 6919.72 7067.75 7746.41
185.61 6980.62 4 8780.58 3207.09 8109.56 5403.06 8122.42 1321.85 7879.59 1874.00
189.58 2379.19 2 6546.34 3052.33 7740.25 5110.27
192.86 5543.09 4 4781.99 8706.70 3793.35 5772.18 4670.34 5255.03 3524.58 6107.98
193.97 6898.73 2 6898.48 9715.59 32.24 9046.82
199.66 9183.14 4 4463.67 4415.40 2105.95 4483.24 8067.31 4325.31 8646.71 4962.17
209.40 5769.77 2 619.78 6248.82 1419.24 534.71
214.89 3144.28 2 1657.42 4875.93 2571.11 7884.53
215.50 3374.85 2 8796.87 5264.99 8321.14 8606.15
215.96 6198.10 4 3881.97 739.58 6027.38 3847.72 4270.92 4764.32 4322.21 4327.13
216.35 2017.65 2 1138.02 3233.00 3021.43 3956.67
219.98 5999.03 2 2085.00 7707.87 2996.52 1778.50
225.35 4767.41 2 4793.41 3064.91 5498.93 7779.83
225.84 8592.03 4 9395.27 6731.11 7803.47 6858.26 2105.22 8280.75 1605.49 9285.36
226.71 7035.33 2 9949.76 5864.19 3895.91 9448.44
229.61 6980.36 2 8028.17 3431.07 1759.32 360.75
233.17 9658.65 2 554.05 9692.63 9960.22 7498.68
245.18 5958.75 4 8805.34 6759.36 9954.43 5754.55 8851.39 2869.92 8140.21 4010.31
248.78 6239.24 2 8270.92 5576.24 2078.08 4816.71
249.56 4078.18 2 6884.76 4563.91 9883.79 1800.32
249.79 4489.58 2 7493.48 1003.32 3167.44 2204.02
253.92 4895.75 2 3794.00 8719.87 7843.20 5968.08
256.90 3345.20 2 2130.75 8338.18 4810.74 6336.18
258.28 3814.00 2 6640.81 4611.73 5672.27 922.76
259.68 7484.06 2 4205.30 2628.42 2472.77 9909.19
276.60 7730.20 2 5796.64 1541.83 5739.58 9271.82
286.36 8717.80 4 5424.00 5532.98 5628.82 9059.31 9934.97 9056.80 9813.75 9927.79
288.29 7514.34 2 3577.50 9487.90 3300.07 1978.68
288.41 5920.69 4 3644.13 5291.09 2220.18 3576.05 996.90 6203.24 299.64 5824.40
288.48 7224.09 4 6909.74 1435.83 7622.96 4874.16 9541.69 7186.96 8850.53 7338.02
290.36 8818.09 2 2631.68 9148.43 5901.23 958.88
290.85 6842.50 2 3835.50 6165.77 520.09 180.12
291.63 6481.66 2 6657.20 501.96 182.50 201.88
299.24 14262.03 6 5380.20 1226.19 6942.00 4002.78 8573.52 3185.59 1267.97 5382.29 573.72 6106.15 1167.76 6283.51
308.02 6401.07 2 575.37 463.22 6973.53 656.05
309.70 8784.88 4 8742.00 4748.98 4245.19 6173.89 1366.42 7928.90 1456.90 8619.15
311.14 9156.75 4 1590.18 5009.09 792.58 1714.67 3849.07 4740.45 5265.68 4362.00
313.01 9050.32 2 537.11 2436.40 8162.94 7310.30
317.12 11855.79 4 6031.57 3981.03 6698.91 211.35 1026.10 3548.87 633.12 2157.59
328.53 8126.51 2 690.61 5951.42 8044.74 2493.52
338.34 7216.80 2 8811.35 2894.25 1718.05 1564.85
340.20 8809.95 2 774.93 8958.17 4601.92 1022.85
340.68 7133.86 2 8650.77 9492.97 6772.67 2610.77
340.81 9140.33 2 8662.00 9571.98 3808.98 1826.41
354.29 8314.26 2 7001.98 9976.82 9753.65 2131.10
384.88 14843.87 4 4283.27 3336.73 821.09 1450.85 8545.30 6865.94 8097.21 8264.00
388.34 10516.78 2 8433.44 9543.92 916.29 2188.99
414.97 11148.26 2 442.89 8414.60 8747.52 977.07
433.79 12489.72 4 9510.89 3594.61 9989.26 68.12 9515.75 8019.10 9437.20 7056.43
486.47 15623.66 4 3700.32 9026.40 8270.86 9794.93 6617.22 303.50 6165.81 1580.63
