24.79 1239.73 2 3893.41 4617.13 5006.84 4071.97
49.26 1362.95 2 4773.47 8380.65 5865.57 7565.21
50.95 1547.53 2 2868.36 5392.29 2258.44 3970.02
79.77 1588.61 2 2186.04 8974.94 3557.95 8173.98
79.86 3293.18 2 30.74 6210.58 2137.02 3679.05
90.01 3900.43 2 9790.02 1197.01 7247.78 4155.11
92.29 2914.73 2 7780.18 3374.92 4923.76 3954.97
103.63 4681.29 2 4722.73 7028.39 2638.87 2836.49
104.73 1336.37 2 6417.49 7594.95 7460.19 6759.09
108.35 717.47 2 547.73 6222.18 229.61 5579.09
111.70 3084.77 2 5090.76 1834.04 5720.42 4853.86
113.50 1475.15 2 5687.61 1469.32 5653.40 2944.08
116.19 4009.35 2 4353.71 7907.32 463.58 6936.86
119.63 4381.53 2 4072.48 7471.45 8295.83 6304.78
123.25 2562.59 2 2552.44 8073.25 4028.55 5978.50
128.80 2639.81 4 8080.70 8695.80 7723.00 8873.38 6567.71 8302.82 5694.82 7922.99
133.17 5358.52 2 6065.68 5058.53 735.02 4512.92
134.91 5245.46 2 6954.17 8572.77 2939.48 5196.80
136.15 6507.47 2 1067.46 7786.33 1120.15 1279.07
138.19 6509.40 2 5971.97 9243.26 2443.86 3772.91
141.18 3959.25 2 5286.08 4074.57 2119.61 6451.36
141.98 5698.97 2 3351.91 4182.69 922.25 9337.78
144.52 3525.78 2 5727.87 9425.91 4207.38 6244.84
152.94 2447.12 2 8985.22 5202.09 6572.59 5611.53
158.75 2137.58 2 5506.14 5729.13 3447.17 6303.53
163.40 5570.11 2 8474.32 4244.74 5613.71 9024.18
163.90 1095.01 2 6298.62 731.63 7377.30 543.24
166.78 1838.92 2 1642.45 7523.33 9.78 6677.16
167.05 7552.44 2 7920.83 1339.26 579.45 3112.28
167.32 5066.15 2 6911.08 180.54 8222.57 5073.99
168.16 6108.15 2 3203.78 7451.61 999.46 1755.08
170.39 5019.38 2 5740.87 9349.62 7146.53 4531.08
171.06 3752.80 2 1550.01 6402.39 4571.81 4177.04
172.60 6729.81 2 1165.13 1287.86 7803.07 179.69
173.65 4582.34 2 1451.81 7835.31 5792.80 6367.77
176.48 7923.84 2 709.13 1231.74 5259.61 7718.67
177.65 5682.47 2 6145.09 1241.37 1024.75 3705.63
180.74 1136.86 2 8260.06 9228.29 9230.90 9819.82
185.66 9183.15 2 5525.50 8640.16 8918.24 106.72
188.21 2710.56 2 9984.43 1167.84 9796.51 3871.87
188.51 2225.34 2 4077.91 1771.89 6295.37 1959.00
190.62 8331.21 2 4072.79 1706.01 7229.54 9416.00
191.07 7453.72 2 2031.82 3905.90 8845.40 883.80
191.78 3989.06 2 8045.85 7840.76 4062.31 7631.05
197.40 6869.85 2 2374.26 8628.34 9127.24 7366.58
202.33 5116.33 2 5616.60 9946.92 2281.10 6067.31
206.33 5716.58 2 7762.69 4298.75 5639.15 9606.28
211.04 2252.15 2 1326.66 9313.87 3578.79 9306.11
211.08 8354.22 2 8712.35 272.70 1539.92 4556.29
213.35 6167.30 2 8391.86 8070.77 2230.28 7805.28
213.73 4986.28 4 5445.00 1466.12 3751.91 559.86 6609.19 934.97 6482.85 801.04
214.35 7917.72 2 9631.29 1158.29 3040.06 5545.31
218.44 5822.13 2 3257.78 6625.43 9078.60 6501.90
220.09 1904.75 2 7259.87 1686.94 5788.07 477.86
221.30 4464.99 2 5138.99 6003.92 9073.39 3892.86
229.80 7490.23 2 7610.84 8542.02 896.55 5222.12
230.77 11338.66 2 1848.29 8203.49 9972.63 293.98
238.37 4218.50 2 8630.16 6713.93 5963.12 3445.50
239.35 6567.48 2 3446.83 4074.72 6635.83 9815.98
240.60 10030.11 2 421.59 1929.39 9902.58 5202.57
242.15 5307.47 2 2020.59 812.14 1933.33 6118.90
242.30 9414.87 4 6211.79 9839.20 7938.11 9851.47 8313.92 2904.01 7802.43 3426.09
246.82 4941.15 2 7299.76 2205.11 2798.00 168.18
251.76 5288.23 4 5824.62 4433.14 4952.69 4426.95 4111.35 1436.48 2815.01 1623.12
252.37 7118.75 2 9022.49 5662.68 4341.48 299.40
256.77 6938.28 2 9234.61 2166.32 5617.94 8087.42
257.12 8456.06 2 8568.35 9532.88 8905.40 1083.55
261.40 6770.09 2 1489.52 5876.11 7731.45 8497.64
262.61 9730.38 2 9931.91 5808.44 648.40 2893.50
264.42 5220.87 2 5654.21 9324.85 667.94 7777.40
264.92 8346.16 2 8916.07 6419.36 1739.15 2159.07
266.13 4906.58 2 2026.19 9158.19 4013.12 4671.93
267.28 5764.08 2 7143.15 4490.25 1397.31 4032.19
268.70 4134.76 2 4311.60 2847.61 529.00 4517.39
269.57 5278.60 2 9702.97 1984.39 4538.66 891.87
270.26 4113.09 2 6820.49 8320.00 3983.60 5341.82
271.14 3856.93 2 6390.62 8781.81 8942.66 5889.93
276.08 7704.01 2 8072.32 3136.95 3368.52 9238.26
277.67 8583.50 2 174.99 8187.73 2847.01 30.72
279.27 4463.39 2 9276.84 9050.43 7409.16 4996.58
281.13 4456.74 2 5133.91 9151.71 751.79 8339.58
282.67 7933.44 2 1201.86 8433.08 7772.19 3986.70
288.09 5604.49 2 9795.44 3177.56 4677.28 5461.13
295.55 6077.54 2 3798.30 2188.71 4219.00 8251.67
296.56 8828.23 4 982.53 8306.14 2719.01 8989.94 8822.87 7664.91 8546.37 8325.30
297.24 5862.19 2 8914.01 5451.89 3070.98 5925.55
297.57 7078.59 2 5554.64 920.70 8724.48 7249.88
299.47 8073.49 2 8235.61 8233.25 254.85 9453.44
335.86 7892.92 2 9764.33 3759.81 1903.87 4474.89
339.38 7068.88 2 9736.78 1716.20 5461.25 7345.48
347.77 7588.40 2 8273.23 1023.38 1933.85 5194.24
349.39 8969.48 2 9271.67 4642.55 2049.17 9961.11
349.50 9375.20 2 227.35 9365.74 6746.32 2627.99
367.16 9757.96 2 9076.38 6780.33 785.95 1633.83
378.75 9737.74 2 8641.23 2940.17 430.01 8174.61
