20.60 529.81 2 3367.22 4804.34 3584.97 4321.35
64.07 2603.61 2 3257.92 6526.19 765.74 7279.71
73.70 2484.99 2 6457.13 7815.40 4085.28 7074.09
87.91 2795.50 2 1678.19 3311.33 4457.03 3006.63
88.65 332.26 2 2726.15 2868.54 2394.27 2852.60
93.36 4668.07 2 164.01 7007.96 4575.76 8533.53
97.95 4597.65 2 807.94 9633.74 2148.93 5235.99
106.79 4339.51 2 6396.61 4349.37 5171.23 186.47
110.98 1948.79 2 2799.40 3573.28 4615.51 4280.08
118.62 5730.89 2 514.90 8462.79 6212.25 9081.85
122.81 4840.69 2 7909.88 2293.26 3431.56 455.61
123.14 3957.05 2 4072.04 5592.88 517.71 3853.63
128.05 4602.32 2 8592.65 5389.17 8712.93 9989.92
128.68 5733.97 2 4223.77 200.03 959.22 4913.95
131.17 5758.58 2 2925.31 5629.75 7232.05 1807.02
132.39 2919.31 2 6752.02 8901.92 3881.24 9432.01
134.05 3602.29 2 6288.68 2581.65 5086.70 5977.49
137.25 1762.43 2 3726.01 3570.68 5062.41 2421.68
137.58 5378.93 2 5609.90 721.01 8314.39 5370.59
142.08 3204.09 2 9094.90 9148.30 6054.54 8137.17
148.55 1627.52 2 7356.12 8149.33 5849.14 7534.64
149.63 4481.45 2 7473.58 2156.32 3040.45 2812.59
152.48 6524.22 2 9764.05 9263.52 3242.05 9093.31
153.11 755.65 2 5861.67 167.76 6419.04 677.99
154.56 7627.95 4 6424.78 8721.83 7961.18 9510.91 8665.37 4332.30 9323.42 4480.31
156.02 2300.92 2 4116.18 9838.53 6312.98 9154.22
157.01 5350.55 2 5781.06 6010.82 840.59 8065.13
161.19 5759.50 2 3230.76 3507.94 189.45 8398.98
161.67 1883.49 2 5023.82 7488.76 4478.22 9291.49
166.15 5607.49 2 8596.54 1474.30 8682.27 7081.13
168.36 5617.88 2 4596.66 5241.81 7589.87 487.73
168.60 3729.86 2 3081.25 4451.52 1997.21 882.67
172.29 4214.55 2 274.96 7532.37 2400.26 3892.93
173.13 5456.55 2 7472.08 7187.31 2326.29 5372.17
176.36 7918.15 2 2840.87 2074.87 9655.51 6106.96
176.67 5033.41 2 4444.96 3131.62 411.40 6142.53
184.54 5227.24 2 2649.66 4957.95 7733.83 3743.34
187.63 5981.74 2 4216.79 4767.78 8422.12 9021.76
187.68 3783.92 2 6711.07 134.79 9579.78 2602.28
188.09 8004.63 2 8248.24 7493.90 2642.94 1779.48
188.23 5211.38 2 5024.35 3342.82 5874.33 8484.42
188.81 1840.63 2 2132.14 5907.81 902.89 4537.83
190.71 7535.61 4 5141.62 7895.86 2493.68 6468.25 6291.85 7605.91 5729.70 7587.41
192.00 3100.22 2 5111.22 6689.30 2806.64 4615.58
195.96 3897.80 2 3616.73 4214.15 786.64 6894.35
196.03 6501.52 4 6742.65 1505.39 4484.93 2198.41 2223.50 4397.44 1240.32 4465.01
197.39 5569.51 4 4461.25 4596.96 3170.90 4711.85 2537.50 8258.27 2076.97 7769.56
201.96 5597.96 2 4198.92 4753.20 250.22 8721.19
213.00 8249.89 2 217.36 794.66 7641.27 4392.75
217.05 3652.68 2 8553.65 3155.46 8381.76 6804.09
217.20 3759.87 2 1804.81 7043.72 4963.80 9082.68
217.32 5565.79 2 8004.90 6546.94 4226.66 2460.02
221.77 6488.50 2 225.27 8665.76 4212.50 3546.91
224.14 9507.01 4 332.93 1300.53 2162.35 3275.48 556.97 8622.04 1466.81 9453.54
228.56 5128.09 2 4017.93 765.01 7301.66 4703.84
237.90 4595.24 2 6231.42 4223.31 9146.26 670.85
238.83 6941.30 2 465.11 8511.06 7384.75 7963.09
244.29 7314.41 2 593.95 5883.61 7887.66 6433.50
247.22 5961.08 2 4250.50 930.09 6428.36 6479.10
248.26 7212.89 2 2905.05 2633.92 2441.66 9831.91
256.42 3220.88 2 7654.29 7323.40 9927.53 9605.17
257.08 4353.94 4 86.63 3553.41 650.31 2582.01 3738.88 2675.36 3851.79 2591.16
258.79 3039.69 2 1027.96 6082.66 3699.75 4633.10
265.42 7271.12 4 5978.54 5676.97 5835.50 3998.95 7355.98 8335.48 6508.99 7819.73
265.74 7886.82 2 9538.31 9137.88 8649.19 1301.34
268.64 5232.04 2 6819.59 7547.82 4062.87 3100.94
277.32 5765.89 2 2256.60 3573.49 820.87 9157.77
279.66 6982.84 2 7183.29 7013.84 6916.55 36.09
282.89 6344.67 4 3024.46 1282.02 3646.80 1677.88 1879.78 6057.08 1189.27 5503.77
291.08 5353.85 2 3302.92 8076.51 8395.03 9730.01
292.42 6620.89 2 1664.83 7220.07 7830.91 4808.51
292.78 12738.76 4 4278.33 1724.30 6485.22 15.34 3763.92 8309.21 2939.46 9206.61
295.85 5792.72 2 5773.36 3035.89 8861.93 7936.53
296.39 6119.72 2 3492.62 9508.66 9356.65 7758.20
319.66 9282.81 2 3834.00 8854.38 7081.70 158.23
320.25 7412.37 2 9446.76 4184.08 3182.80 8147.15
327.28 7064.17 2 1106.02 4607.16 7578.98 1778.15
334.41 9920.39 4 3728.64 1331.67 3760.96 3083.27 4041.16 9779.51 3075.28 8676.15
336.66 9432.84 2 547.95 672.33 8756.71 5319.34
342.63 9431.52 4 7406.50 3395.84 8670.64 4969.01 2611.50 2992.32 3024.46 2037.87
347.67 11683.28 2 289.03 9995.40 7368.63 701.40
353.17 9258.48 2 9693.75 9186.73 763.55 6743.16
357.22 8461.02 2 5380.37 9424.64 971.01 2203.39
361.61 11980.34 2 9936.18 867.64 1018.02 8867.31
365.28 8763.97 4 5324.93 9545.94 7035.77 9820.30 917.00 8915.29 1730.49 9147.28
367.73 9486.67 2 3278.68 8768.24 8067.31 578.86
454.83 14841.54 4 2820.26 166.87 759.76 1708.09 8971.91 8737.61 9979.59 9792.06
