44.22 811.23 2 3651.30 4670.38 4188.03 5278.67
78.85 2142.73 2 2618.02 5018.08 3876.81 6752.07
104.40 4820.12 2 9085.66 3009.56 8744.86 7817.62
113.11 4555.33 2 4860.20 8595.63 1877.94 5152.20
114.64 3332.09 2 7838.54 6013.34 7999.23 9341.56
115.88 4294.00 2 5259.49 7238.17 3365.43 3384.48
118.39 2919.40 2 4473.77 8515.26 7366.61 8122.34
130.16 308.23 2 2171.34 5706.64 2429.94 5874.36
138.39 819.50 2 6110.89 1898.59 6778.66 2373.64
139.18 1759.01 2 4736.49 3705.57 3296.29 4715.49
145.37 3168.69 2 1973.44 627.54 2830.27 3678.18
147.64 7381.82 2 8663.82 6279.55 3572.83 934.18
150.31 6715.69 4 8849.76 5869.13 7279.31 8523.92 5254.35 7484.69 6205.76 8449.66
152.15 7307.66 2 9967.10 8543.23 9332.80 1263.15
152.16 4108.03 4 1055.23 4263.72 1131.76 6276.15 1974.78 5636.40 2763.05 4964.36
160.27 2013.45 2 2046.09 437.10 4058.97 484.88
169.10 6254.91 4 4072.22 2904.81 621.24 2850.23 2373.27 3324.36 3309.34 3641.88
170.80 6240.17 4 4436.20 8506.74 5077.90 7118.06 5956.60 3611.12 6640.47 4466.37
172.56 6527.79 2 7370.94 5104.21 1362.30 2553.08
172.72 7036.09 2 410.19 536.38 5133.02 5751.88
175.76 6087.83 4 7759.64 3000.25 9857.30 4908.19 7676.39 4520.26 6795.40 3973.01
181.27 663.47 2 9587.37 1217.35 9863.53 1820.62
183.06 7153.20 4 2817.25 7394.51 4160.55 8963.88 8847.75 8453.07 9220.23 8454.52
186.10 9104.78 2 783.86 9473.71 1400.32 389.82
189.42 5870.99 2 7880.92 6589.91 4885.79 1540.38
192.19 7109.54 4 3682.67 3326.41 4966.53 4931.60 5107.80 8588.03 3721.04 8738.80
192.22 3010.77 2 2833.27 9391.28 5197.33 7526.91
193.34 1167.11 2 1391.05 7815.02 1458.94 6649.89
196.96 9747.91 2 9763.92 3263.58 219.92 1280.23
197.72 3385.80 2 9520.61 5595.98 6149.38 5282.13
199.16 6858.07 2 2483.19 5961.35 6156.95 170.27
199.81 7090.30 2 3699.37 8793.84 1174.72 2168.25
201.99 5499.59 2 8014.20 9582.19 4239.63 5582.44
205.93 9096.59 4 1380.83 9317.98 3385.84 8245.57 8519.52 5868.82 7622.07 5124.99
209.34 4766.79 2 8833.53 9833.24 5463.22 6462.30
209.84 5192.10 2 3210.60 1586.76 6257.47 5790.85
211.11 9955.54 4 3465.90 5306.87 2708.95 7166.90 7088.17 2175.15 6380.85 3274.17
211.80 9890.02 4 5162.05 4434.65 5262.67 1049.78 8245.55 6000.03 8580.21 5357.84
212.75 9337.70 2 8680.73 984.67 3432.95 8708.23
216.51 4425.33 2 5605.16 4475.46 1695.60 6548.83
222.98 3549.13 2 5664.78 3111.00 5264.75 6637.51
223.77 3488.60 2 3059.55 9498.73 3840.22 6098.60
233.09 8354.58 4 9832.73 5474.19 7765.23 4309.26 3105.40 6879.89 2635.07 7342.38
233.53 5376.50 2 1849.41 24.39 6691.11 2362.04
233.53 1876.57 2 6016.54 2148.36 4142.31 2241.91
239.16 6058.13 4 5518.68 5972.17 2325.86 5125.04 928.35 3694.24 927.05 2939.46
240.32 11515.94 2 325.33 2375.14 9677.04 9095.43
240.95 4247.41 2 9827.58 5690.37 7031.38 2493.21
245.45 7772.64 4 6224.87 3362.12 7784.36 6160.63 8307.80 9236.32 9655.27 8703.40
245.64 7182.17 2 5027.42 7591.32 508.15 2009.23
246.89 2944.26 2 6660.85 7908.04 3718.40 8011.42
256.60 6129.93 4 4122.14 4528.06 5938.83 6512.05 4041.81 7477.31 5182.83 6830.99
257.81 3590.69 2 3255.52 7755.58 6625.92 6517.26
258.31 4115.31 2 2077.89 4859.70 5579.97 2698.41
260.67 5933.26 2 7279.31 4130.28 2748.14 299.86
262.16 7708.11 4 5830.71 2230.68 6682.30 4202.34 5559.88 8871.67 5235.12 9556.64
272.37 7818.57 2 244.44 879.95 3685.54 7900.55
281.10 4854.84 2 3297.02 5841.22 6864.86 9133.64
286.55 9627.34 2 9698.61 2146.90 3730.12 9700.88
288.15 7207.27 4 4631.00 5588.05 3788.55 7939.26 7664.96 7649.84 7590.04 8468.91
289.50 6975.09 4 5496.66 4436.27 5601.85 1373.71 8547.38 2726.26 9033.16 2265.56
290.91 10245.28 2 9288.89 8191.24 558.82 2829.18
291.70 4984.87 2 3373.24 8497.30 1317.65 3955.99
301.41 6870.36 2 9387.43 8052.04 2682.69 9551.51
302.21 10710.74 6 3645.37 5556.84 6580.27 6993.55 5089.75 5604.91 7903.06 3531.92 8606.43 4146.12 7823.19 3561.21
305.34 8467.19 2 2729.69 8433.24 1351.15 79.02
313.70 7084.97 2 6499.26 9747.73 6456.02 2662.90
319.64 6281.82 2 7486.11 6516.59 2611.38 2554.48
321.26 8063.10 4 1441.73 6150.50 3267.82 5014.43 102.37 1525.96 514.58 2654.95
329.73 8186.38 4 3886.01 4182.99 4919.40 3008.02 9960.00 5193.61 8832.51 5208.27
332.04 11602.17 2 77.78 9885.12 7438.18 916.58
364.18 9309.21 2 9812.48 6754.90 643.22 5146.81
381.64 12081.94 6 7428.58 4047.58 7616.25 5992.71 8103.74 3302.81 2921.02 2780.94 4340.94 2396.18 4371.62 3109.52
385.13 15556.53 4 3640.14 2209.97 208.22 3011.26 9016.38 9301.29 7822.38 9112.67
394.68 10234.06 4 5024.16 5616.22 4668.92 3676.45 21.29 8866.92 1073.71 9621.29
