9.95 297.63 2 5741.88 4866.30 5921.63 4629.08
21.84 1092.15 2 7843.14 4353.54 7873.27 5445.27
39.72 986.09 2 9433.33 4347.27 9825.80 3442.65
42.89 644.68 2 3942.68 3181.27 3827.90 3815.65
60.04 2202.01 2 3899.83 5779.31 1956.67 6815.17
64.29 3114.56 2 2361.54 6626.12 778.94 9308.63
65.10 2655.18 2 8170.34 8872.62 9032.56 6361.33
86.37 4018.63 2 5550.88 8220.23 1761.74 9558.83
94.22 3511.06 2 1275.56 2941.85 3692.23 5488.85
96.48 4124.01 2 1.84 1467.25 1492.16 5312.56
108.41 4920.65 2 3789.11 4942.95 6601.65 905.33
109.27 2263.47 2 5126.63 4692.32 7338.15 4210.16
119.39 3769.57 2 1797.97 5094.15 5520.50 4500.46
120.47 3923.71 2 4560.29 7889.28 6044.30 4257.04
121.99 2699.36 2 9228.65 7494.25 7269.72 5637.06
122.82 2140.95 2 4466.53 8078.41 2612.53 7007.75
125.30 3865.01 2 8468.04 2367.50 5017.29 4108.38
127.89 4794.35 2 5451.19 6624.88 4748.71 1882.27
136.08 4803.90 2 9902.18 846.63 6422.43 4158.55
137.78 2489.16 2 4401.85 6375.75 2108.57 7343.61
138.93 4646.65 2 3553.07 1857.91 6045.73 5779.39
145.32 4766.08 2 5461.66 3669.70 9782.33 5681.50
148.06 5503.04 2 157.08 7213.39 4867.01 4367.35
148.62 6531.08 2 3165.98 5702.76 9132.04 3045.50
157.01 4350.72 2 614.18 4731.61 1690.79 516.20
157.40 6469.95 2 8612.48 8656.80 2352.41 7022.22
165.17 1458.42 2 1438.73 7687.07 2183.86 6433.38
166.19 2609.29 2 2194.16 2832.97 1930.80 237.00
166.45 3722.69 2 1676.00 3987.45 3013.67 7461.51
174.16 4807.94 2 1115.49 1746.14 5917.70 1511.36
175.81 6190.30 2 7048.83 1131.64 4815.33 6904.97
176.17 4108.65 2 7524.28 5325.21 3798.01 7056.08
178.01 3600.38 2 3911.54 7731.51 7490.91 7343.13
179.51 4175.34 2 4745.90 1451.50 8702.78 118.63
184.04 3601.77 2 119.61 976.99 1039.07 4459.42
187.65 4282.72 2 9561.84 4317.86 9180.42 8583.56
194.25 8412.26 2 531.27 7033.54 8207.53 3592.45
194.77 4538.60 2 3349.67 2670.88 982.77 6543.43
197.57 2478.52 2 8440.49 7809.37 7853.82 5401.29
199.52 6376.20 2 9903.65 8088.96 6243.17 2868.16
200.43 5921.28 2 4849.19 7993.72 8620.14 3428.48
207.32 9966.23 2 696.08 1087.45 8140.67 7713.43
207.46 4272.87 2 5660.69 9671.66 8960.02 6956.54
209.30 7364.94 2 527.74 3435.46 7785.27 4688.69
212.01 5700.66 2 9272.23 4488.21 6784.93 9617.63
212.95 8947.57 2 3845.95 9244.82 8399.63 1542.67
217.58 3278.92 2 5672.44 9350.42 3589.18 6818.36
217.68 7884.07 2 780.82 6336.88 7980.98 3125.00
218.14 9806.77 2 892.87 81.19 9864.22 4041.97
219.09 5554.59 2 5887.24 1949.26 3374.07 6902.78
219.89 8194.49 2 7788.70 4649.36 782.35 8899.15
221.07 8153.69 2 884.46 4724.52 7416.86 9604.11
223.48 6673.77 2 3450.76 6422.61 7554.84 1159.94
223.78 5688.90 2 1799.17 5476.13 6728.02 8316.90
227.14 2057.07 2 7991.75 2205.73 8044.54 4262.11
228.19 6409.75 2 6828.76 410.18 9177.12 6374.24
229.70 8785.22 2 1420.87 7312.93 9835.79 9836.68
230.56 7728.22 2 1325.39 2809.72 8578.58 142.03
230.80 5739.90 2 919.41 9385.05 6566.06 8354.59
232.40 5720.12 2 9504.89 6380.83 7080.75 1199.77
234.39 8019.54 2 825.10 5055.96 8514.45 2778.49
239.85 5492.71 2 7771.06 3827.99 3326.55 600.59
244.57 5628.60 2 9556.06 2646.65 4405.75 4917.22
246.05 10502.69 2 9974.56 6700.66 1342.77 717.46
246.78 8039.25 2 4959.48 9935.86 7703.68 2379.47
246.89 5044.59 2 5153.83 9399.11 4906.79 4360.58
253.92 8495.89 2 844.01 1450.70 9339.42 1541.50
259.42 6570.87 2 7698.81 3234.04 1619.66 739.97
264.83 7041.33 2 2533.36 4669.56 9361.82 6387.81
269.25 10162.45 2 9605.81 7982.23 2892.08 353.26
271.60 6579.88 2 5713.45 2505.96 4458.82 8965.12
272.49 5324.32 2 5929.45 4892.33 629.93 5405.52
274.08 6503.88 2 2664.36 7000.55 9046.18 5746.40
274.66 5332.78 2 3077.31 5339.40 8342.50 4493.07
278.15 5007.75 2 6538.32 4712.20 9180.19 458.02
279.11 7955.52 2 8564.41 1299.07 6563.95 8998.97
284.09 6104.64 2 6306.17 3592.61 848.62 6327.91
285.86 7992.93 2 9226.95 2763.84 4269.83 9033.91
285.88 7594.06 2 9285.86 6103.02 1784.42 4920.57
286.62 4730.87 2 7931.02 7642.28 5930.85 3355.04
287.03 5351.49 2 7012.97 1305.38 1722.49 499.58
291.29 6764.30 2 5346.26 9609.26 804.57 4596.39
298.88 7844.15 2 1488.54 6403.35 9328.94 6646.06
300.24 5811.76 2 5910.42 8178.00 1063.31 4971.43
301.44 5171.92 2 999.68 8473.67 6124.42 7776.62
304.99 5449.38 2 5534.08 4386.61 9256.76 406.99
310.11 6405.42 2 3073.37 7936.97 4561.85 1706.89
314.25 7712.58 2 3841.64 1910.03 6958.82 8964.61
319.66 6283.05 2 1207.45 1412.37 4151.54 6962.96
322.26 6712.90 2 8115.21 9821.93 6783.98 3242.35
322.77 7938.38 2 7353.24 1399.43 1930.93 7197.39
327.49 8474.64 2 7665.08 6477.93 1766.18 393.31
338.31 9415.70 2 33.07 9541.55 8179.77 4820.66
343.62 9481.14 4 4006.15 6322.73 4583.70 6780.78 9588.24 906.67 8742.55 1489.54
344.67 10333.36 2 9126.09 7154.00 1032.87 729.20
360.22 9411.06 2 428.15 1181.87 8071.04 6673.16
365.61 8780.44 2 9758.53 5759.67 1373.29 8364.27
366.55 9527.40 2 5793.46 9248.16 368.78 1415.90
410.57 12028.26 2 9958.34 370.43 560.54 7877.79
