22.89 844.43 2 2678.91 6636.60 3422.41 7036.95
70.43 1421.71 2 9240.04 4342.43 7894.04 4800.16
73.49 2974.31 2 5714.57 462.20 8483.86 1547.37
84.22 2910.97 2 4293.56 2110.13 6043.58 4436.32
85.56 3177.98 4 1615.25 9094.91 3342.47 9363.20 3436.71 9646.67 3027.04 8592.11
90.98 4549.15 2 6887.94 2161.67 5349.09 6442.64
98.40 1120.13 2 4601.15 8195.92 3960.02 9114.43
103.11 3955.63 2 6316.33 3719.54 3227.14 1248.93
106.68 4734.13 4 4833.87 1322.34 6474.45 1977.04 6174.25 3503.98 4766.17 3404.66
114.60 3030.19 2 8349.18 6133.83 5713.54 7628.99
126.01 3800.33 2 4765.53 3375.58 4061.01 7110.04
129.07 6353.34 2 4262.45 7956.21 8644.29 3355.73
133.40 3069.79 2 8301.84 9745.42 9123.71 6787.70
135.97 5998.35 2 7238.23 3528.32 2382.75 7050.32
140.30 6515.06 2 1068.57 4322.85 6093.04 8470.23
142.02 6700.89 2 6209.61 4603.03 956.54 442.85
148.47 5023.36 2 5188.92 1647.91 9744.86 3763.92
157.76 3888.21 2 7879.60 8788.02 6341.34 5217.03
157.93 5096.39 2 2263.94 9280.96 6472.74 6407.07
158.21 3810.42 2 1258.74 6103.76 2227.74 9788.91
160.57 2128.28 2 6718.69 8651.26 7911.85 6888.90
160.95 3847.33 2 6108.19 9850.52 2728.97 8011.27
162.56 1627.84 2 2931.20 4756.53 2534.98 6335.41
163.19 6759.57 2 2824.22 1648.74 193.97 7875.58
165.79 6689.68 2 9949.19 9631.72 9147.40 2990.27
166.93 2846.61 2 1436.08 7053.29 611.65 4328.68
168.09 3404.50 2 7031.71 6361.55 4323.24 8424.27
169.90 6694.97 4 1302.86 6012.90 658.16 6990.02 5171.31 5454.14 4829.29 4778.82
170.84 1742.18 2 481.98 2485.38 1320.69 958.38
174.24 6111.82 2 3073.85 8943.27 8665.49 6475.89
174.33 3316.69 2 1760.36 2485.84 4005.52 4927.09
174.52 6425.88 2 6296.65 3426.08 3043.01 8967.36
180.67 3733.73 2 3180.99 6586.59 524.97 9210.77
182.45 6922.54 2 8818.69 2578.83 1912.69 3057.17
184.11 7205.26 2 9678.46 9149.34 7276.17 2356.34
184.56 6027.96 4 1274.45 8789.81 2586.25 9600.02 4055.18 6945.23 3282.59 5715.78
185.24 9062.07 2 9778.23 1535.29 1345.82 4854.27
188.44 2822.05 2 5387.34 1908.77 8189.32 1572.83
189.55 2177.62 2 3932.70 712.06 5937.31 1562.69
189.81 4590.58 2 7197.03 1432.50 5627.68 5746.49
191.27 2863.50 2 2417.28 3468.41 3241.97 726.23
192.57 6228.55 2 1537.90 330.53 4125.91 5995.95
193.14 7756.83 2 6931.01 1778.17 6531.35 9524.70
193.98 5398.90 2 1635.84 5752.09 6373.71 8340.64
195.00 2549.93 2 8953.61 8178.20 6751.04 9463.03
197.20 3660.22 2 2213.15 196.94 4814.02 2772.34
204.21 2610.30 2 5863.83 8444.81 8222.96 7327.60
207.51 2075.29 2 2460.31 8398.96 4305.83 7449.81
208.86 4742.93 2 6219.73 3057.77 2311.98 5745.69
214.53 9826.52 2 9695.31 4499.63 37.51 2686.53
219.28 9263.80 4 8107.03 8267.26 6264.84 7209.95 5828.24 1584.51 5676.24 94.84
222.67 5333.42 2 5874.82 2771.77 8536.72 7393.42
223.98 6799.14 2 9628.27 6473.81 3230.42 4172.56
224.38 6118.87 2 4065.79 8646.65 6449.21 3011.06
227.30 5365.12 2 1745.17 4688.10 6939.13 3343.74
230.91 2845.36 2 731.58 415.36 1538.43 3143.92
234.84 2142.05 2 3858.74 2430.73 5230.03 4076.32
235.31 8865.70 2 1253.61 4709.00 8641.44 9610.09
235.41 8270.68 2 530.51 7604.75 7178.32 2684.30
244.08 7703.86 4 4154.39 6935.40 4516.10 4888.91 7875.17 7972.50 8420.35 7056.65
246.19 5309.38 2 5343.21 4986.56 8039.72 9560.22
248.66 3432.86 2 6858.39 6927.30 4224.58 9129.04
250.26 7712.94 2 4649.73 7793.72 4026.84 105.98
250.92 3745.91 2 5623.77 3854.12 8086.76 6676.45
255.23 8061.52 2 1688.11 4312.76 9127.76 7417.54
256.77 7238.53 2 9503.65 8114.25 2676.39 5709.04
261.22 5161.01 2 9741.06 6164.70 8744.86 1100.75
263.45 4572.45 2 1314.23 8740.01 7.76 4358.18
264.69 5234.43 2 6920.07 8583.22 3140.59 4961.78
264.98 5749.10 2 8007.84 355.93 4863.14 5168.73
266.02 5601.16 2 8859.26 9034.19 3492.97 7429.23
269.72 10186.06 2 9690.05 8332.89 1258.91 2616.99
273.12 4255.80 2 5134.44 5008.37 981.63 5938.97
273.60 4779.92 2 4200.27 4453.93 8772.64 3060.72
275.52 5376.15 2 1341.28 8520.74 6713.51 8726.08
288.67 6633.48 2 7292.26 3100.60 9609.98 9316.01
289.03 4651.50 2 8173.00 3532.21 4204.64 5958.85
303.53 11476.68 4 1483.08 2417.27 824.20 3529.12 9442.23 1136.49 8630.45 198.79
310.37 6418.75 2 5051.86 7451.63 5928.61 1093.04
311.49 9174.38 2 9857.60 4231.01 1014.71 1787.13
314.37 9618.29 2 1981.28 8272.35 8259.95 986.08
316.16 9507.99 2 2485.52 8981.46 6792.14 504.74
316.51 8725.44 2 2667.73 9976.67 523.27 1518.85
329.22 7161.08 4 8495.79 7326.80 9930.11 6277.11 5998.96 4855.92 6608.38 3818.09
339.84 10091.86 4 283.37 7087.02 1212.76 9318.20 3656.38 3564.95 4322.43 2306.14
346.16 8108.07 2 786.47 2845.30 7543.10 7327.34
350.16 9007.99 4 6571.33 8917.77 5082.56 7077.22 7161.19 2374.47 7338.59 885.95
363.88 8693.75 2 382.65 7992.49 8958.31 6564.44
394.18 12308.96 4 8130.12 8558.51 9587.92 6318.04 1315.96 2325.70 1314.61 2776.67
