45.73 1186.61 2 3160.73 2320.66 3787.67 1313.20
59.50 1275.19 2 1051.40 6255.43 2097.07 6985.29
69.80 1289.82 2 8333.81 799.05 9300.92 1652.47
75.55 1677.74 2 5135.99 3767.09 3536.39 3261.03
76.35 2317.49 2 4138.56 6487.00 2842.69 4565.68
82.99 4149.66 2 9951.15 7220.44 5812.45 6919.21
84.90 2245.25 2 6969.54 2988.08 6225.83 5106.57
88.81 1440.48 2 6745.12 8144.91 5403.94 8670.48
100.00 4099.80 2 8678.11 621.02 9418.93 4653.34
108.33 3816.44 2 8743.38 4183.70 8615.77 7998.01
108.56 4228.21 2 1305.36 6356.66 2995.09 2480.76
109.04 3651.90 2 4915.43 8474.36 5576.01 4882.70
118.97 3048.63 2 3283.39 444.56 792.42 2202.19
120.15 5807.41 4 9625.61 4349.64 6040.43 4219.32 6953.79 3328.71 7883.24 3494.73
121.39 5069.46 2 6572.31 3352.88 2523.23 302.56
127.34 3766.95 2 6134.53 3901.13 9223.42 6057.21
138.01 2700.74 2 3421.23 4252.83 1928.78 6503.74
141.71 1785.37 2 9710.66 5374.37 9543.40 3596.85
144.19 5909.27 2 2131.80 4399.93 6751.87 8084.26
146.58 6828.90 2 2788.00 9774.54 2863.43 2946.06
151.05 2552.35 2 9082.42 5212.08 7264.45 7003.58
155.31 7665.38 2 2130.29 9947.21 9169.39 6912.56
157.62 6480.88 2 9135.90 7154.73 9084.40 674.06
159.78 5589.19 2 9381.42 9148.70 5233.12 5402.94
161.33 2266.37 2 4312.34 7461.11 2072.29 7116.75
165.90 6395.11 4 7582.96 474.86 7611.80 1756.03 3950.93 775.74 5015.02 1563.19
170.63 4931.37 2 1440.25 4627.68 3787.19 290.60
174.58 8429.23 2 9910.46 9878.71 5814.27 2511.68
177.13 4556.26 2 8587.78 8513.69 4529.16 6443.17
177.70 4785.09 2 7567.46 9559.58 7042.33 4803.39
181.55 3677.59 2 5837.81 6376.32 8642.27 3997.31
183.20 4060.01 2 2229.32 5788.47 4498.68 9155.03
192.12 5206.16 2 7671.03 559.35 3305.92 3396.57
193.33 1266.52 2 7748.42 743.06 6501.11 962.81
195.66 5782.82 4 2218.64 6377.27 3564.53 5840.11 3469.59 8700.86 2183.24 9415.18
196.26 9412.98 2 8958.13 5159.32 272.15 1531.91
200.19 6909.26 2 4602.72 7926.69 7546.36 1675.87
203.28 2463.89 2 3678.45 8910.32 3242.10 6485.38
207.40 5169.98 2 4581.53 386.78 1042.61 4155.69
208.89 7244.47 2 7457.92 9179.64 2079.85 4325.91
210.07 7003.54 4 9447.41 7024.23 7433.80 4067.00 7777.96 1861.53 6658.38 2275.56
210.79 3039.74 2 6968.38 5813.66 8979.74 3534.53
210.99 2749.68 2 6883.29 3867.23 5631.45 6315.41
211.15 9857.32 2 1188.28 8870.87 9811.88 4095.90
212.67 7233.37 2 9294.67 7489.72 5451.40 1361.84
213.76 3888.08 2 1437.81 2238.46 3558.54 5497.24
216.06 6202.75 2 7759.49 2206.26 6360.28 8249.14
219.57 8678.71 2 8545.14 6806.62 1760.21 1395.10
222.62 10330.76 2 8033.17 1361.03 1323.13 9215.96
224.29 2614.70 2 9076.78 4914.26 7105.33 3196.69
228.25 7612.38 2 5610.38 8311.62 4376.32 799.94
229.57 5178.49 2 6774.89 2790.47 1596.60 2745.87
231.70 8785.07 4 6926.79 5326.16 3816.35 4364.79 2865.58 8834.28 2929.80 7876.48
236.65 9332.35 2 4327.91 415.04 9253.26 8341.81
238.35 3917.69 2 8398.41 8975.71 5591.51 6242.66
238.75 6237.56 2 2785.37 6712.03 8977.77 7461.28
239.25 5062.36 2 533.41 8910.93 5481.14 9982.12
239.90 3695.00 2 8942.20 7736.40 6452.38 5006.24
240.41 6120.30 4 6236.00 705.53 4881.90 240.29 6897.84 2834.23 5551.59 3230.31
241.50 4875.18 2 4037.00 211.76 6358.88 4498.52
246.12 7505.96 2 9116.00 3121.72 1632.17 2545.74
248.96 6348.07 2 290.07 6592.35 4232.41 1616.81
251.33 7666.67 2 7633.02 9709.59 3310.67 3377.51
256.47 7323.72 4 6449.23 2328.47 6022.88 3522.49 3909.74 7867.71 4652.45 6894.72
260.77 6838.41 2 6773.90 2617.70 3127.86 8403.05
263.26 6662.96 2 591.57 1287.74 7184.11 2253.89
265.12 5955.77 4 1657.01 7669.47 671.01 6291.52 708.78 3187.70 1849.74 2993.69
272.71 4035.69 2 3616.97 8304.53 1647.66 4781.95
276.27 6713.46 2 2184.60 4570.34 8377.05 1977.27
276.99 5949.39 2 4431.10 3003.63 3645.50 8900.92
277.89 6494.61 6 3809.72 6081.53 4946.37 5683.46 4735.84 3857.17 6600.50 3680.91 6116.05 3708.54 6229.61 2620.77
288.46 5423.01 2 9510.71 1885.53 7287.82 6832.02
290.78 4838.88 2 3169.84 5681.83 7074.02 2823.13
297.00 5749.86 2 2419.72 7234.95 915.62 1685.31
320.48 10424.07 2 8737.54 3801.14 101.59 9639.10
323.96 7998.09 2 8968.85 1434.12 9330.29 9424.04
324.51 6725.52 2 1760.27 7165.49 8227.41 9011.78
325.80 12589.84 4 2432.01 62.92 1702.15 3443.91 9939.41 4831.17 9244.68 4481.62
328.06 7202.75 2 9920.16 8780.53 2857.31 7367.85
331.83 9591.45 2 381.91 6736.59 9466.46 3659.75
338.72 10335.86 2 9552.15 5759.21 289.36 1173.28
343.09 7354.37 2 8172.99 6077.82 2528.81 1362.95
346.51 8625.40 2 600.42 2045.09 7894.92 6648.11
349.98 7598.90 2 9108.97 2366.67 1538.63 3024.87
353.23 8261.37 2 6439.86 7942.99 220.52 2505.14
380.14 10106.87 4 2024.81 5128.91 1728.73 2002.75 7746.10 1414.97 7729.04 2335.52
382.80 12439.89 4 7213.41 5045.55 9420.60 6896.79 911.17 7592.07 1309.81 8532.40
