29.50 775.01 2 2631.11 1875.37 1856.30 1858.05
73.40 3270.12 2 9710.11 3476.01 9440.56 217.02
79.00 1149.81 2 4138.22 3558.03 5101.93 4185.20
83.20 2660.12 2 9183.04 5803.79 7666.22 3618.49
84.85 2942.61 2 432.18 3636.30 1269.10 815.22
97.14 3056.78 2 8017.73 2155.69 9035.66 5038.00
100.38 1219.24 2 5743.50 2296.36 6962.62 2313.46
106.62 4531.21 2 5626.55 8680.32 4757.93 4233.14
107.37 5168.69 4 4430.77 4559.13 3403.31 3740.66 997.52 3686.59 1012.82 2237.98
108.49 4424.71 2 6918.39 476.20 2791.49 2072.07
115.70 4885.09 2 7102.18 2048.12 8542.08 6716.18
116.87 3543.53 2 2875.01 8035.76 2011.66 4599.02
117.90 1495.11 2 7841.21 6280.80 6841.09 7392.16
118.46 4222.95 2 1801.90 6164.21 4292.14 9574.78
129.28 3564.11 2 1455.46 4536.89 3317.57 1497.91
130.54 2426.87 2 4730.80 560.65 4423.61 2968.00
131.18 6258.93 2 507.09 3257.97 6315.72 926.88
134.47 4123.47 2 7998.50 1796.15 4249.85 3513.90
141.22 2260.76 2 1903.61 3913.51 3650.25 2478.13
148.05 4102.44 2 7483.26 8419.79 6851.85 4366.23
153.40 3769.83 2 6296.44 3705.75 5297.25 7340.76
154.08 5604.13 2 401.48 768.11 5953.39 1531.43
156.03 1701.31 2 7742.31 2389.80 7634.74 691.89
158.91 6545.31 2 2672.71 4591.28 8385.93 7785.07
162.05 3902.46 2 1452.80 1082.73 5280.13 320.67
166.73 8336.34 2 3551.32 8828.10 7996.36 1775.72
169.76 4787.79 2 8101.93 9718.39 3649.75 7957.41
171.09 3054.57 2 8189.15 3410.09 7000.71 6223.99
173.18 3358.85 2 4489.73 6397.88 1467.22 7862.90
174.23 3511.31 2 1195.18 7710.69 2635.47 4508.37
174.45 7522.70 2 8004.00 6156.03 774.20 8234.74
175.03 6251.47 4 2834.19 826.85 4569.03 1388.46 1262.59 2820.04 541.39 2419.54
176.45 6622.74 2 8894.45 1399.34 4014.53 5876.74
182.19 4409.41 2 5044.24 7790.58 985.26 6067.92
183.50 4174.76 2 7086.68 3683.05 3026.55 4654.62
186.14 6606.81 2 8558.94 1755.34 2012.46 864.48
186.76 7437.89 2 1937.41 3121.11 8673.47 6275.11
189.06 6353.23 4 6290.57 4730.69 4874.28 4262.66 574.43 4546.95 27.40 4623.60
191.63 3881.47 2 9204.26 6275.86 5653.98 4707.01
195.08 5754.03 2 7008.63 9683.18 8708.73 4186.03
196.73 7436.43 2 2825.16 4470.11 9664.27 1549.98
197.97 3198.42 2 7173.75 6294.80 9280.76 8701.13
198.51 6725.31 2 3140.85 77.16 8892.59 3562.47
198.81 5440.53 2 5735.37 1426.84 345.21 688.24
199.38 9869.13 2 614.52 1509.26 9806.85 5101.02
200.06 3503.21 2 3757.93 6435.83 279.30 6021.58
201.97 8098.53 2 4791.35 8968.50 7195.45 1235.03
209.72 4686.08 2 4490.81 8405.68 5390.77 3806.82
212.33 2716.63 2 672.43 4673.53 489.89 1963.05
212.50 1525.24 2 9337.51 6628.96 7970.81 7306.07
212.67 3233.58 2 9781.93 8301.95 6576.48 7876.36
213.86 4792.87 2 1084.41 3785.91 4444.50 368.10
222.80 2540.08 2 3059.09 281.71 4908.57 2022.80
224.38 10619.22 4 8791.24 5473.30 5985.98 3337.52 496.62 875.91 1327.06 189.46
229.36 7968.05 4 760.15 709.98 2714.10 3959.45 1778.31 6978.24 2650.67 7498.76
230.19 3809.48 2 9392.91 2202.80 8384.37 5876.35
233.51 8075.47 2 913.10 3830.72 8695.00 5988.28
233.65 3582.45 2 3447.26 8440.09 6683.27 6903.15
237.52 5676.14 2 572.05 3471.61 3630.84 8253.07
239.03 2551.52 2 7224.79 4160.65 4728.84 3631.06
242.09 3804.53 2 846.27 6710.25 4641.46 6976.61
242.24 3911.93 2 4618.32 8232.81 8511.37 7848.95
242.40 7520.03 2 7748.15 9059.19 3229.94 3047.82
242.74 11036.93 2 5479.67 15.64 405.57 9817.04
243.52 2276.08 2 5370.47 3728.44 6044.10 5902.55
248.18 7509.00 2 9805.21 2030.83 2381.16 3157.09
253.34 5166.85 2 8190.82 648.55 5611.13 5125.33
261.68 5784.17 4 5809.67 8187.76 3179.35 5946.26 4106.70 7600.87 3903.43 7981.57
268.15 7107.66 2 839.62 3784.24 7690.78 1892.04
281.65 8982.52 2 8705.10 28.98 8196.32 8997.08
287.92 7295.87 2 1799.27 123.50 5379.85 6480.33
296.29 9414.48 2 107.24 9666.57 2695.54 614.88
303.15 7357.58 2 680.03 2783.38 5717.71 8145.82
309.25 5962.70 2 1206.48 1307.18 1130.06 7269.38
314.06 9303.23 2 7174.74 736.36 5888.58 9950.26
320.06 9202.99 2 8280.35 9791.17 3340.49 2026.32
323.67 6383.42 2 6666.68 9451.23 6546.05 3068.95
325.47 7073.65 2 7824.36 6098.11 3517.06 487.08
330.16 10907.90 6 5517.99 6799.62 6043.06 4935.81 8409.37 4670.85 8049.93 8626.08 7394.97 9678.72 6639.47 8524.92
335.99 7199.65 2 2621.40 4492.75 9803.78 4991.26
346.28 8514.23 2 6858.47 9904.89 8174.35 1492.96
347.81 10190.34 4 4253.79 6525.53 1359.34 6902.95 7212.38 4501.67 6667.72 5273.82
356.88 10244.05 4 8651.13 7395.04 5065.20 8809.41 263.90 6063.64 1005.57 5631.68
368.98 9449.25 4 3683.95 2401.58 6072.13 3738.16 9274.56 8339.09 9849.05 9285.08
411.86 13993.11 4 8166.21 7226.83 9904.69 8650.04 431.60 3503.86 67.06 2609.60
458.20 14410.00 6 4268.02 6560.38 3541.01 8159.55 3569.24 4244.16 7352.49 9087.60 8443.01 9709.34 7470.08 8792.81
