37.09 1054.51 2 3325.16 8470.63 2675.11 7640.31
56.45 2522.39 2 3566.09 4372.65 4538.17 6700.21
66.30 1715.16 2 8806.96 5765.87 8882.26 7479.38
86.62 3330.82 2 5108.97 6195.89 4165.56 3001.46
90.61 4030.46 2 5501.46 6250.87 1773.47 4718.98
97.59 4879.28 2 2984.01 8041.57 6094.12 4281.97
100.70 2135.08 2 4739.84 3795.40 4715.30 1660.46
101.93 4896.62 2 2676.23 7454.23 7296.83 5833.43
108.68 5334.09 2 49.77 2637.09 5119.99 4293.99
121.37 5468.63 2 2320.53 4047.66 7743.97 3346.08
129.18 4459.15 2 9340.12 9509.02 7449.47 5470.52
130.67 5433.70 2 2666.01 7827.56 3694.74 2492.14
134.43 4421.73 2 261.34 7847.92 3932.96 5384.00
135.70 4885.08 2 4748.21 1566.54 4576.67 6448.61
140.83 5741.31 2 7774.55 9489.72 9238.04 3938.07
143.32 2866.10 2 6722.35 4116.94 8890.07 2241.96
149.93 5096.56 4 2960.35 4703.89 4236.12 4819.74 6389.15 6159.11 5538.90 7115.79
157.65 4682.33 2 5559.32 1399.38 7319.15 5738.41
158.49 6424.54 4 6987.42 6997.10 5485.29 5002.11 4077.22 7618.89 4291.66 6687.56
166.58 7128.90 2 8489.96 6979.69 1592.54 8781.57
169.48 3074.06 2 2829.26 6544.53 5903.15 6576.94
171.77 2488.58 2 3023.63 2611.33 1559.36 599.14
175.46 8372.88 4 6251.02 8669.70 7196.79 6669.23 2425.03 6618.71 3380.64 5611.93
179.30 4965.01 2 5726.57 5056.27 6649.44 9934.76
180.54 4627.23 2 3286.37 6000.82 328.61 9559.33
181.54 8177.18 2 3900.87 1577.06 7875.34 8723.37
182.04 3502.04 2 1615.50 9118.51 1505.22 5618.21
184.74 4436.97 2 2721.75 2718.97 4762.38 6658.84
186.53 6826.65 2 7520.51 7589.17 7873.28 771.64
187.26 4762.95 2 4013.52 7184.15 5676.86 2721.09
191.36 2367.76 2 7726.07 6075.72 9697.53 4764.37
193.38 6069.10 2 9914.95 6328.35 3886.00 7025.31
196.29 6114.37 2 3444.73 4054.59 9171.61 1912.55
202.59 6629.50 2 1839.44 6424.44 8383.29 7486.65
204.03 9501.29 4 1775.64 3836.48 2246.06 2714.53 9598.16 3709.26 9401.86 2866.19
204.24 4511.81 2 8817.00 8532.16 9258.30 4041.98
206.84 8542.08 2 3882.57 9237.79 1507.35 1032.58
212.99 3949.72 2 5829.67 3094.37 8475.96 162.24
213.48 8074.09 4 961.82 8604.44 1964.59 7682.14 6738.11 5000.93 7829.97 4420.22
213.67 3383.70 4 5100.76 4908.59 3885.36 4065.20 2945.64 4287.03 2532.71 3443.94
216.66 8133.17 2 1015.06 8969.37 5152.69 1967.34
216.79 5539.30 2 2510.45 5444.04 1037.29 104.22
221.38 9368.86 2 1540.96 2025.48 9107.83 7549.78
223.75 6287.75 2 8332.31 6567.91 2051.18 6856.51
229.42 4971.00 4 7872.04 988.82 6051.96 2388.42 7018.90 864.10 7886.18 796.91
230.77 4638.45 2 9706.49 5207.55 8030.04 882.65
231.23 3361.43 2 3118.88 750.52 1389.31 3632.84
231.25 7662.49 2 5886.31 8992.78 113.48 3954.12
232.28 3213.97 2 5428.03 7047.87 2759.17 5257.12
233.16 3158.15 2 9098.22 4259.19 6045.09 5066.84
234.50 8924.87 2 4619.05 292.27 231.21 8064.03
235.49 3874.48 2 513.99 5968.12 4333.42 6618.90
237.97 7398.44 2 1074.36 3499.04 7733.57 275.40
238.35 7817.74 4 1098.37 6420.31 2921.32 4601.65 7025.16 3832.68 6204.22 4514.98
240.01 4400.43 2 9858.73 1221.14 5775.95 2862.68
240.97 7348.70 2 5851.01 7614.19 813.04 2264.21
241.44 9072.10 2 8300.98 40.67 954.19 5363.05
244.54 3027.14 2 2589.91 8739.65 4764.11 6633.37
248.51 4925.74 2 9179.71 4993.17 6146.66 1111.99
255.60 6180.24 2 4955.12 2032.78 1352.32 7054.25
257.66 6882.77 2 7697.08 2578.17 8953.19 9345.35
258.49 7724.40 2 8649.75 4936.24 2165.10 739.13
260.08 5903.84 2 2990.74 1367.17 4845.79 6972.00
261.15 3957.61 2 4042.07 7604.22 3616.25 3669.58
265.71 3385.59 2 1002.91 1355.76 1407.19 4717.12
272.52 8625.85 4 5334.79 1003.91 3192.51 746.87 455.90 5633.52 613.83 4780.55
273.77 10388.65 2 1178.25 9792.12 9790.46 3982.32
278.11 4105.33 2 5995.05 6723.16 9882.75 8042.07
278.38 4919.11 2 1842.31 6381.52 864.22 1560.62
278.70 5634.75 2 4865.59 8087.26 9342.37 4665.45
281.01 4450.70 2 7004.34 4450.80 8080.27 8769.49
285.09 6154.52 2 1672.21 3231.75 7576.60 4968.48
285.45 5672.59 2 9819.75 5978.84 9811.62 306.26
286.68 8434.12 2 6022.22 2464.48 1443.79 9547.73
288.91 5045.64 2 8388.32 50.94 8184.12 5092.44
294.78 10938.78 2 1088.85 1386.95 9307.48 8605.75
300.39 7319.32 2 2495.04 1517.52 3483.51 8769.79
303.42 6271.17 2 3640.62 5048.66 8865.13 8517.38
303.55 9677.70 2 7716.59 475.61 3115.51 8989.58
304.45 9422.38 2 5442.91 329.80 9648.16 8761.71
305.42 8871.15 2 996.89 9207.81 3821.58 798.37
308.68 8434.14 2 920.16 1325.20 5336.18 8510.84
324.84 8441.75 2 761.35 2374.69 9200.81 2177.95
345.59 10479.56 2 1353.59 9062.12 6690.07 43.08
349.32 8665.77 2 4514.18 9390.80 9170.15 2082.07
354.14 12607.24 4 7971.42 2653.02 9843.70 961.68 7283.70 9550.13 8373.33 9281.43
362.21 8410.74 2 34.30 6381.71 8127.31 4091.78
362.79 8639.66 2 9557.21 4209.79 1800.33 405.25
378.18 10209.18 4 1059.67 9904.09 830.03 8590.21 7007.56 3407.33 6539.10 2744.54
