28.25 812.72 2 7345.85 7959.73 7997.55 8445.31
68.43 1921.30 2 6901.36 5153.87 6694.86 7064.05
71.45 3372.74 4 2880.11 1922.01 2240.96 2578.22 3438.47 2321.03 3403.24 3552.41
71.88 3293.92 2 2197.02 9090.70 3391.53 6021.00
72.29 3114.55 2 7113.85 9598.03 8330.81 6731.07
83.13 4056.43 2 9389.64 3467.64 6975.14 208.07
85.33 4266.65 2 8928.77 4171.37 4733.38 4947.89
95.03 4051.55 2 6218.42 2824.57 7492.54 6670.56
106.85 2842.43 2 6649.95 1516.11 7535.07 4217.22
108.74 1636.79 2 1972.96 3015.31 369.70 3344.93
112.22 3611.09 2 2921.23 4415.18 5058.97 7325.52
113.35 4867.40 2 1290.97 1994.84 6057.49 1009.04
123.01 650.41 2 4400.80 9310.36 4895.41 9732.72
137.21 4560.61 4 2453.16 8091.45 2281.82 8017.69 3413.20 5050.23 4134.09 4093.09
139.97 2398.67 2 9829.51 8053.88 9890.00 5655.97
146.13 1906.27 2 3947.82 2636.94 4988.27 4234.22
146.57 4128.41 2 7133.70 6603.62 5197.78 2957.24
147.18 4059.22 2 4020.03 6808.71 5536.10 3043.23
149.81 2190.67 2 3692.94 5262.56 5882.39 5189.45
150.94 6347.13 2 636.66 4306.20 6175.63 1206.88
154.21 5610.52 2 992.94 6470.93 3346.08 1377.72
160.83 1441.71 2 7813.49 4752.28 7200.33 6057.10
164.12 1405.98 2 4490.75 8663.46 3252.16 7998.12
164.26 712.84 2 8968.64 1202.83 9361.82 1797.43
166.50 3624.83 2 8943.39 6277.44 5332.89 5955.49
167.77 7988.36 2 8424.67 6569.58 1311.59 2933.94
168.44 2222.04 2 7912.04 1421.40 5896.24 486.51
170.93 5046.60 2 5277.92 9204.51 7002.95 4461.89
172.09 4904.32 2 6974.71 8876.75 7815.63 4045.06
172.91 5945.61 2 4587.53 8523.90 7946.07 3617.74
176.47 7923.38 2 4159.84 9937.67 3036.52 2094.33
176.61 7230.44 4 9266.32 4378.27 8485.95 4391.08 4571.36 8415.97 4157.50 7690.33
176.95 747.36 2 1440.34 2555.55 896.29 3067.94
179.87 7593.50 2 466.76 8777.14 2674.91 1511.78
181.07 5053.46 2 2839.28 928.20 5517.86 5213.36
181.20 1659.85 2 528.74 5702.44 1893.96 4758.36
181.94 6697.15 2 852.34 3724.36 7548.45 3606.43
187.61 5180.61 2 5925.04 2413.40 7741.58 7265.09
188.19 6609.60 2 297.63 1455.84 99.49 8062.47
190.31 1815.63 2 8876.56 4442.29 8069.21 6068.55
190.61 5930.53 2 2051.34 5444.25 7883.42 6520.37
190.69 6434.62 2 6414.66 9025.11 578.10 6316.08
191.44 7671.75 2 6299.26 8708.69 9109.86 1570.33
193.33 1666.68 2 2571.78 1146.45 993.34 1681.56
195.19 3059.69 2 7619.51 5047.64 4609.36 4499.29
196.22 4910.84 2 6724.34 7143.51 5196.67 2476.33
200.02 9001.00 2 470.49 181.31 8809.06 3570.44
200.08 2404.19 2 189.74 7867.57 2452.87 7056.18
201.84 3592.19 2 4175.75 5730.59 5657.64 9002.87
202.06 3002.81 2 6459.17 8659.54 7072.09 5719.95
202.16 8408.18 2 1109.31 1058.92 6105.73 7821.56
205.23 4261.49 2 1208.66 5717.65 402.82 1533.05
207.98 6498.86 2 7250.99 7400.52 1260.06 9919.24
208.43 5421.32 2 3278.47 5823.69 8228.43 3612.68
215.88 2594.20 2 4072.76 1691.91 6144.75 3252.91
216.29 6314.74 2 1247.50 2979.61 7368.59 4531.47
218.15 6507.26 2 6269.90 3544.73 477.33 6509.62
218.30 6114.92 2 3503.37 2845.35 7847.89 7148.54
222.75 4137.55 2 5409.94 9580.79 8900.43 7359.13
223.80 3889.83 2 5593.53 1924.27 6187.04 5768.56
223.94 5096.79 2 3714.67 9910.20 3032.60 4859.26
224.38 4319.15 2 6645.02 4096.28 2328.22 3953.97
225.18 6059.00 2 621.94 8885.09 4762.53 4461.64
228.80 8439.90 2 1643.25 614.68 7591.92 6601.76
236.16 5907.76 2 3693.32 9518.22 6016.00 4086.20
238.80 10840.02 2 1586.05 8279.49 8944.57 319.70
243.40 3469.84 2 606.32 4648.24 4070.76 4841.72
244.75 4337.44 2 4370.17 4149.36 8596.48 3173.82
248.14 4606.89 2 4017.98 449.84 8619.74 232.63
252.41 3220.52 2 8293.72 2892.49 9720.82 5.43
255.44 4472.18 2 271.71 585.02 3899.40 3200.41
256.60 3730.24 2 6357.99 2034.57 9679.12 3733.05
258.26 3113.24 2 3006.38 3953.05 1229.77 1396.50
258.35 7117.38 2 2126.43 4733.56 7464.96 9440.70
260.75 3437.53 2 3801.54 3514.18 6322.07 5851.59
261.51 9675.39 2 7426.98 9092.31 79.02 2797.81
262.45 6822.65 2 8942.53 8890.57 2155.81 8191.25
267.13 11556.75 2 9473.83 8236.10 419.69 1054.11
267.62 4381.20 2 7852.14 3046.13 4067.46 839.08
268.73 3536.34 2 5564.79 2794.58 4319.62 6104.45
268.98 5049.04 2 4128.23 3242.18 3755.13 8277.41
269.84 6291.96 2 7961.59 7073.99 5610.44 1237.82
271.99 4799.71 2 4074.94 2337.40 8861.56 2691.60
275.59 9679.31 2 7570.46 1600.27 278.91 7965.99
277.12 10956.03 2 9436.43 847.78 3148.05 9819.45
278.69 9634.68 2 9869.55 1104.42 599.46 3729.79
280.22 7611.12 2 4887.94 1223.28 3486.49 8704.27
288.04 4902.22 2 9335.07 4821.86 5978.68 8394.88
291.63 8981.32 2 8238.12 1443.46 1271.24 7111.51
298.69 5734.62 2 9853.09 7820.24 5375.36 4237.52
301.28 6463.83 2 4929.79 7523.90 3850.49 1150.81
305.69 10184.64 4 979.88 7116.40 1293.85 7045.25 8284.38 819.47 8632.72 1180.58
307.19 5659.34 2 5103.28 454.85 7391.83 5630.82
317.71 7385.26 2 1209.66 2025.59 7521.34 5860.29
323.44 7271.93 2 9634.75 6750.97 2463.16 5547.07
368.12 9105.83 2 9114.93 4517.42 10.01 4646.52
