19.50 575.22 2 5322.66 5541.04 4796.91 5774.39
33.61 1680.65 2 653.04 3103.92 2099.00 3960.54
56.89 1944.61 2 7510.83 9009.44 6699.92 7241.97
61.60 1679.97 2 5838.07 7311.28 6092.03 8971.94
63.14 3057.18 2 5876.61 5755.92 8886.59 6291.05
78.55 3727.50 2 4300.12 9716.69 3414.55 6095.91
91.11 855.71 2 8263.52 7976.01 8555.85 7171.79
107.40 2670.19 2 8333.95 4452.95 5770.92 3704.07
107.63 4781.65 2 1637.26 7042.72 5403.03 4095.99
107.87 4393.42 2 5828.39 4380.40 5610.40 8768.42
110.72 2936.16 2 8664.66 8437.10 5728.59 8459.23
114.39 4119.69 2 5404.48 6392.98 9073.04 4518.53
124.09 1504.49 2 2394.09 4873.43 1859.37 3467.17
124.90 3144.86 2 4646.79 7490.02 7688.02 6689.36
127.39 5269.36 2 8238.85 8898.33 3285.93 7099.79
134.16 6208.16 2 5312.92 2339.53 9311.24 7088.70
136.53 4826.30 2 8738.49 5230.72 3912.19 5233.70
137.99 5399.65 2 8457.28 8385.92 8200.02 2992.40
141.31 4165.49 4 2210.11 7893.19 1951.59 6733.35 894.30 8290.59 199.75 7444.13
143.54 6877.09 2 5751.16 7902.97 6894.94 1121.66
144.63 4831.50 2 5387.71 2751.02 9164.36 5764.38
147.05 2252.69 2 5447.02 4218.24 7657.09 3782.10
151.37 6368.63 2 3485.29 5198.99 9454.48 7418.97
154.81 7040.29 2 5220.67 9046.02 1702.01 2948.09
157.49 6174.28 2 819.49 143.89 3281.66 5805.99
160.74 3936.88 2 4020.57 9150.13 788.66 6902.07
160.77 1938.60 2 6764.32 4532.88 5288.69 5790.12
160.86 4643.11 2 9585.26 5326.38 8528.31 9847.59
163.00 3949.83 2 5096.57 5995.84 5683.50 2089.86
165.00 6449.94 2 2992.49 9654.86 9254.41 8108.85
169.13 6556.68 2 7899.08 7948.05 2061.11 4963.40
169.39 5169.62 2 1218.61 2411.31 5844.93 104.35
170.94 4547.24 2 6971.60 7870.18 4961.89 3791.15
171.91 2295.54 2 5751.33 449.04 4952.97 2601.28
175.02 5251.13 2 3073.74 6463.18 3151.49 1212.63
178.15 6407.51 2 8875.08 226.64 7949.27 6566.91
178.43 8121.47 2 2769.35 9378.83 7764.79 2975.41
178.46 4522.86 2 5445.53 9754.28 9765.72 8415.54
185.63 4281.40 2 2399.84 4861.59 4569.36 8552.60
186.09 8004.35 2 8425.87 513.42 1434.59 4411.07
189.15 7257.71 2 5027.77 7519.86 8489.21 1140.77
193.62 7580.92 2 830.00 7261.19 6381.95 2099.20
195.92 2995.92 2 7069.12 8311.58 7669.19 5376.38
196.41 5320.41 2 4302.02 3667.18 9556.26 4503.63
198.73 2636.40 2 351.15 3050.67 2082.65 5038.77
201.70 4884.90 2 46.86 9141.13 2949.85 5212.40
202.03 3001.75 4 9598.56 9851.19 8391.44 8207.61 7888.36 7575.59 7756.60 7656.67
209.86 6592.76 2 7146.34 2065.84 696.79 3432.51
215.16 5458.14 2 3777.11 2548.87 686.88 7047.95
217.48 4973.91 2 82.73 1427.10 4196.98 4222.21
219.45 7972.29 4 3130.81 5045.93 2419.94 6186.82 7508.58 7545.44 7043.15 6266.31
219.50 6374.80 2 2463.10 6506.62 8607.74 8204.11
220.89 8244.61 2 1478.07 8614.43 9246.12 5852.01
222.68 3134.13 4 1277.16 1332.40 2985.47 1441.53 2645.07 1668.59 2896.13 2650.15
223.70 3384.84 2 6226.89 1127.17 9515.14 1930.01
224.09 5604.28 2 5354.13 8181.35 9190.46 4095.95
225.94 3096.91 2 8698.91 8944.39 6112.13 7241.61
227.10 6554.89 2 8772.21 1012.62 2901.77 3928.87
229.21 2960.67 2 8388.66 2721.11 5650.26 1595.61
231.72 1685.80 2 4141.05 1355.42 5712.41 1965.94
233.40 9370.03 2 819.16 2457.62 9860.71 4916.84
236.47 2923.63 2 4656.16 5873.82 7353.79 4746.69
243.42 8370.85 2 427.16 3277.40 8793.20 2993.37
244.85 4842.58 2 5227.17 650.06 4934.18 5483.77
250.55 3427.72 2 2046.86 1774.56 781.29 4960.09
253.52 6875.90 2 6692.79 5468.63 1353.69 9801.29
254.45 9122.50 4 7235.07 422.63 6788.43 425.87 590.71 5311.19 1340.24 5080.58
257.51 4575.39 2 3560.99 4618.25 73.23 7579.62
257.77 5288.46 2 2340.36 4047.03 7609.81 4495.07
258.26 6713.17 4 5919.78 7942.47 7561.71 9174.43 9265.65 5753.44 8602.67 6266.96
262.77 7638.49 2 4618.27 9487.90 6346.06 2047.38
264.80 3740.09 2 3825.72 4316.21 6875.42 2151.12
265.24 4262.06 2 7444.09 9829.64 8655.50 5743.36
269.74 4887.10 2 3712.31 7807.83 8401.89 6432.47
271.15 3757.67 2 5945.57 7794.33 2364.46 8932.63
274.33 7216.36 2 6920.55 35.94 1737.00 5056.56
278.38 7219.12 2 2696.22 3199.01 9609.16 1118.86
279.71 7385.52 4 7635.31 2782.20 8927.57 1357.85 6136.66 4543.45 4909.60 4535.13
288.09 8404.73 2 9336.27 5091.10 1024.49 6337.60
297.59 7379.37 2 4431.87 7474.13 9618.01 2224.45
297.76 7887.95 2 8882.66 212.73 9678.35 8060.44
298.37 7018.67 2 8259.05 8733.48 9693.25 1862.90
301.80 7389.95 4 8294.00 942.93 6342.92 1444.43 7174.60 6050.43 7506.53 5439.86
302.07 5503.57 2 4748.91 1493.09 3993.56 6944.59
310.40 10120.19 2 4122.09 349.62 1048.43 9991.76
315.70 6385.02 2 1078.82 8284.37 516.18 1924.19
328.60 7130.11 2 8900.74 6456.86 2139.85 4192.16
345.73 8886.63 2 662.85 565.97 6901.41 6894.67
347.78 11689.20 2 2656.01 9753.13 9633.35 374.73
357.17 9758.51 4 395.19 2619.66 594.97 4827.21 6552.09 1703.86 6161.26 987.91
373.86 8992.90 2 1698.35 9342.50 1514.46 351.48
