56.51 425.32 2 8322.58 2404.99 7901.00 2348.71
64.34 3217.23 2 1326.55 6972.02 48.66 9924.57
71.47 1873.63 2 4157.33 1997.96 4422.62 3852.71
97.53 4676.37 2 3434.18 8847.18 1392.69 4639.95
103.59 1279.56 2 2487.32 8829.32 3725.12 9153.52
112.57 928.42 2 6185.53 1567.31 5937.04 2461.86
112.77 5538.45 2 231.60 1849.91 5623.27 3116.52
124.08 5203.80 2 3634.77 2234.44 1924.39 7149.12
127.62 5781.03 2 1422.36 6568.20 5761.04 2747.71
131.60 5079.88 4 7557.99 2199.20 6214.36 592.11 4537.55 312.51 5710.20 838.36
133.93 3696.66 2 7816.45 8277.85 5310.16 5560.53
135.35 1367.62 2 7761.14 3772.84 8069.17 2440.36
136.23 6011.51 2 2641.92 5513.61 8404.93 3803.04
142.19 6209.34 2 1831.79 6678.38 1110.09 511.13
142.76 5037.84 2 7532.57 287.47 2575.39 1185.28
143.07 6053.63 2 3500.97 2925.56 9545.60 2595.44
144.17 808.43 2 3752.97 1005.50 3105.04 1488.97
145.71 6885.36 2 2237.97 4914.71 8584.72 7584.32
151.38 6868.79 2 8689.37 4011.05 1846.51 4607.19
155.58 4179.11 2 4665.58 6063.79 639.23 7183.36
158.14 6506.79 2 6655.62 9231.60 3440.20 3574.79
161.95 2397.52 2 5029.99 4525.89 3966.01 2377.40
170.55 7327.65 4 7565.99 9767.99 4756.28 9633.23 7981.86 8237.97 7191.42 7624.96
172.52 5126.25 2 2553.52 4713.81 7671.09 4415.63
177.28 4663.99 2 3206.93 4080.00 6833.20 1146.92
183.01 4550.40 2 833.81 535.75 5034.20 2285.88
183.09 3554.28 2 3096.79 3462.20 552.90 5944.45
189.03 1651.35 2 7810.81 7534.75 6222.16 7985.48
192.85 4142.34 2 4943.67 6129.18 8870.54 7447.76
193.48 6874.01 2 9143.80 7038.99 4187.73 2275.64
196.57 6628.55 2 6575.71 6502.13 571.84 3692.97
203.01 3550.40 2 2360.46 315.26 5501.73 1969.87
204.11 4205.67 2 2975.97 688.07 7109.83 1461.96
206.67 3633.48 2 7312.04 8814.84 6721.18 5229.72
207.44 7472.22 2 8038.29 9476.43 9522.68 2153.13
207.48 5973.85 2 9599.45 8088.98 9097.02 2136.29
208.12 6706.05 4 2928.05 242.83 5672.00 755.16 2852.38 2587.61 3222.63 2178.31
209.95 2397.49 2 6000.40 4535.20 4985.16 2363.27
210.66 10233.05 4 2648.23 6837.80 1880.91 7974.87 6723.36 2325.40 7248.83 1005.70
211.90 4795.14 2 7791.11 2722.01 6045.87 7188.27
213.12 5456.04 2 7289.96 3731.60 1964.97 2542.96
215.07 9153.75 2 7648.69 1357.12 1864.77 8452.01
216.45 6322.74 2 1617.24 1115.43 4273.61 6853.08
217.34 8666.90 2 9757.07 6550.03 3922.55 141.16
220.30 6015.18 2 1369.09 5138.45 4512.21 9.79
221.98 7299.03 4 8953.00 5213.37 6434.69 3462.57 7072.48 6468.97 5948.57 6187.50
225.79 6989.41 2 6731.47 4676.99 1265.07 9032.50
226.18 2009.15 2 6841.98 1741.16 6709.42 3745.93
228.21 3510.35 2 3039.32 2595.42 3633.69 6055.08
228.77 1938.44 2 7371.22 2072.09 9230.82 2619.32
234.08 9203.92 4 6184.66 3360.27 6155.45 5901.73 737.54 7447.32 1428.39 8208.89
236.32 3216.09 2 252.59 3634.56 2074.73 984.46
240.08 6704.11 2 3177.96 103.52 9881.92 58.78
240.16 2907.85 2 4942.39 2047.94 2184.12 2968.57
243.37 8768.62 4 1447.53 1757.04 845.56 381.35 7223.52 1070.67 6531.74 1567.83
243.59 10879.66 4 6258.10 5846.00 7471.64 7610.51 3241.79 783.92 2573.28 1015.04
246.59 3329.43 2 688.48 2971.19 3909.82 3812.63
253.90 10895.19 4 9976.87 1403.97 9410.25 3107.65 868.69 3174.61 324.86 3299.30
254.07 4703.62 2 1417.68 3954.28 3384.32 8227.03
254.38 9619.13 4 9572.70 3085.76 8159.10 4007.38 3441.56 9357.60 3662.68 8590.21
257.42 8770.98 2 9813.22 4838.09 1187.02 6425.17
263.44 8272.23 2 4605.09 7780.14 1139.08 269.05
266.80 6439.85 2 2375.59 5653.40 6675.64 859.54
273.23 4061.49 2 272.13 2502.52 3131.94 5386.48
274.23 6911.49 4 7236.65 6371.75 4461.47 6843.55 2222.64 8410.96 1163.29 7552.49
276.75 5537.63 4 5010.26 4152.74 5846.54 4007.92 1413.66 4256.57 1344.72 4017.25
279.97 6998.46 2 9384.12 4788.84 2455.33 3803.76
285.68 6783.78 2 2689.94 3651.84 7942.77 7944.56
287.90 5694.90 2 5444.71 8520.73 4778.27 2864.96
287.99 6999.32 2 9665.24 9133.25 4567.52 4337.02
288.87 4743.57 2 5653.77 5931.55 9023.94 9269.73
288.97 8348.38 2 7888.08 5417.04 962.58 755.17
290.46 4623.00 2 283.07 5412.84 4864.21 6033.51
304.17 8008.54 4 4860.92 4821.43 4587.78 5290.86 461.73 231.35 809.27 1101.29
312.55 9427.39 4 2435.87 5494.61 484.68 7503.43 1321.62 1725.23 1001.29 2445.67
313.17 9758.45 4 2057.15 4080.87 1294.02 2569.79 6897.74 6794.20 7172.71 7805.43
322.40 9620.14 4 985.40 5354.17 126.30 7490.86 5469.05 3616.62 5925.11 3062.57
325.50 6474.92 2 2164.51 5512.06 7794.10 2313.27
326.75 7437.30 2 9276.29 7614.25 2886.90 3807.81
332.36 7417.98 2 6799.77 716.18 4570.79 7791.35
352.48 8224.11 2 2955.22 2267.64 6009.65 9903.50
375.95 9997.63 2 9927.53 1658.73 1397.90 6873.91
393.26 12063.14 4 6712.92 8379.50 8291.81 9236.67 3206.41 1803.03 4406.19 2187.59
