29.13 956.30 2 6252.73 4231.97 6496.26 5156.74
31.90 995.24 2 7813.70 3245.42 6827.72 3380.84
56.64 2431.76 2 1217.64 2210.35 240.19 4437.02
67.44 2271.94 2 5401.77 1248.40 7671.72 1343.33
78.98 1749.25 2 3952.92 8110.46 4367.54 6411.06
87.95 1097.44 2 9707.64 7774.34 9598.86 6682.30
88.34 3416.93 2 1279.36 1779.81 4292.49 3391.17
97.99 3999.43 2 9012.57 3908.27 6220.25 6771.55
108.47 4223.40 2 3084.64 9676.46 2259.65 5534.42
114.26 2813.00 2 145.90 4403.96 2927.25 4824.73
118.67 5133.49 2 3352.58 2966.76 8288.45 4377.38
118.85 3442.36 2 2166.26 4727.10 724.79 1601.08
120.19 2109.64 2 7056.39 1816.29 7755.93 3806.57
127.89 4994.53 2 2592.50 4013.66 1060.46 8767.42
128.10 4705.15 4 9214.52 7148.62 9686.52 4416.20 8866.52 4491.32 8944.07 5597.44
140.98 7048.78 2 3607.78 7895.60 295.56 1673.50
140.98 1548.92 2 8920.35 7078.73 7999.91 8324.49
142.65 6432.37 2 9908.92 5877.01 5750.40 969.66
144.15 3007.60 2 6533.63 461.78 9537.31 308.26
148.63 5531.30 2 8770.13 4194.65 5107.43 8339.52
153.38 3268.77 2 8218.14 4056.62 6542.36 1250.10
163.65 5482.45 2 3563.74 6699.95 5215.37 1472.20
165.47 6773.51 2 2607.90 1933.79 2958.94 8698.19
166.65 3132.51 2 2837.12 3875.19 4376.83 6603.18
169.71 6485.59 4 9360.01 8983.71 8938.53 9821.77 9469.14 5328.98 9865.66 4385.40
176.19 5109.56 2 268.64 7804.28 4578.35 5059.47
180.49 4524.62 2 5155.83 4336.83 9362.11 2669.68
180.58 8728.89 2 4648.57 117.87 9547.44 7342.45
184.32 216.05 2 5017.67 3233.83 5230.70 3197.83
188.53 2126.45 2 8145.89 9322.13 8164.22 7195.77
189.93 7396.54 2 4465.19 6205.94 9577.36 860.43
193.20 8059.85 4 8583.14 9042.52 5749.91 8788.15 1066.19 7841.12 1095.15 7405.35
194.29 9514.38 2 4339.49 30.25 6050.09 9389.59
204.34 2016.79 2 6073.24 5949.12 5362.10 7836.36
205.50 10174.75 2 137.61 9359.47 5257.75 566.87
206.04 2502.12 2 2875.18 6232.05 5194.08 5292.20
207.30 3264.82 2 6856.22 7385.88 3705.83 6529.08
212.85 5342.36 4 6369.30 8476.00 4290.83 5235.23 3815.77 5037.34 2904.70 5392.14
217.32 9566.13 2 7654.33 3239.53 459.85 9544.30
218.78 5938.94 2 313.87 508.82 2777.79 5912.53
219.98 3799.18 2 4915.50 7869.10 6673.62 4501.20
220.05 6102.30 2 993.13 2779.96 2396.13 8718.80
220.07 7203.48 2 5761.07 7876.72 1151.39 2341.28
222.70 1934.96 2 3436.03 2764.80 4120.68 4574.59
223.33 7066.64 2 8723.20 9168.73 8111.98 2128.57
225.71 5485.48 2 4994.72 670.69 1703.40 5059.05
225.94 8897.19 4 2361.50 5790.64 4470.56 3939.12 5379.75 8927.68 5799.05 9857.50
230.45 3522.43 4 2990.86 2758.74 1334.30 2895.50 1666.11 4311.25 1534.80 3926.95
231.32 5966.23 4 7390.53 2549.67 6957.30 3905.88 3746.56 5015.93 2967.01 4176.90
233.43 4871.63 4 8276.28 2659.19 6869.39 5540.11 7340.88 4646.59 6923.42 4141.54
238.83 4041.54 2 5932.85 5012.79 9960.68 4680.20
239.65 9682.59 4 9783.37 2896.97 5891.81 3889.78 916.48 4475.99 682.72 5089.61
244.31 5215.43 2 5890.97 2306.73 845.19 987.31
245.24 8761.83 2 7763.14 1178.10 3642.06 8910.26
246.67 3933.30 2 617.03 8004.06 1396.93 4148.86
249.16 2658.08 2 8409.72 7120.48 5751.68 7105.91
257.69 9484.40 4 9485.49 1590.35 9018.74 2686.68 9528.29 9639.00 8211.54 9755.37
258.10 3405.15 2 6501.67 4562.77 9254.28 6567.31
259.39 8969.43 2 69.07 5396.52 7239.77 8.40
261.56 8377.98 2 8027.01 8163.67 276.13 4983.35
285.99 8299.48 4 6043.62 5005.70 2582.39 5719.53 1731.21 2072.40 821.58 1610.33
288.48 7724.22 6 4199.10 9236.61 3848.67 8613.28 3420.23 6407.61 4829.78 3633.79 4806.58 3940.49 5861.16 3108.51
289.53 5076.30 2 728.58 4530.67 5718.70 5462.07
289.84 8191.83 2 5241.53 8407.99 9183.06 1226.73
292.48 11424.02 2 8999.35 9027.67 1395.62 501.74
295.26 11163.04 2 9902.25 9890.07 1542.99 2491.68
296.76 10038.13 2 435.10 439.77 4987.20 9386.41
296.99 4949.30 2 7445.50 4373.63 2503.36 4639.75
304.60 9330.08 4 8823.79 6277.67 7183.75 9480.75 2506.93 7257.93 2585.67 7805.66
305.19 9059.40 2 2049.54 2188.03 8695.19 8344.98
307.82 8990.89 4 5631.87 238.10 5621.39 1257.22 4610.26 8222.01 5001.34 7373.92
313.19 11059.73 6 8900.25 6020.64 7295.72 6604.76 7025.34 4366.63 8591.15 8657.43 9918.33 8917.37 8749.86 9065.45
317.89 6294.70 2 3281.79 9688.79 9552.40 9138.67
328.17 7708.73 2 6962.98 9998.25 8207.61 2390.65
334.38 7419.14 2 2529.52 4548.23 9536.99 2111.21
342.63 10631.43 2 2116.22 9698.39 6618.17 67.21
348.45 8522.54 2 8688.55 2628.45 214.52 3536.42
351.24 9862.18 2 8804.64 9265.74 706.10 3637.57
373.69 10184.30 4 9600.93 2021.69 8667.21 2569.43 374.23 1622.27 556.10 889.62
387.97 10598.52 2 8207.97 8968.38 1084.94 1120.38
415.56 12477.89 4 2321.60 5261.87 4320.26 8767.68 7851.22 2756.29 6570.50 2033.34
