74.26 1713.04 2 6691.05 9704.88 5595.68 8387.82
75.36 2068.15 2 3019.74 9183.13 2128.86 7316.69
80.03 3501.49 2 1689.82 5348.75 4718.72 3592.00
86.88 1844.02 2 4061.79 5717.51 5855.56 6145.05
90.87 4543.46 4 8564.35 8739.57 9845.98 8357.92 7781.86 9399.10 8653.05 9601.34
95.87 3893.53 4 827.88 5176.53 729.84 7215.33 1298.95 7287.60 20.29 7277.21
97.82 1091.00 2 6952.44 4351.94 7225.36 5408.25
103.71 4985.41 2 1737.30 7056.14 6371.00 8895.47
111.90 3695.21 4 3364.82 7104.48 3605.86 7189.24 2411.75 9999.89 2032.68 9927.51
112.75 5337.36 2 2452.23 7136.33 7738.68 7871.75
121.05 452.63 2 8797.41 3994.40 9241.50 4081.95
123.69 4584.56 2 5765.62 3632.41 3034.31 7314.54
129.82 2891.23 2 7944.75 7063.01 5706.39 8893.02
134.39 2119.60 2 1859.03 9749.69 3972.02 9916.95
136.00 5700.22 4 9597.86 6751.36 7696.18 5161.80 5217.41 5945.18 5466.20 6515.35
136.16 6008.03 4 2739.19 4563.45 4013.29 2545.79 7109.75 958.56 7125.64 817.26
139.50 6275.21 2 2081.19 9183.04 4145.56 3257.11
141.16 6957.99 2 3017.36 2818.42 6988.51 8531.87
147.08 3153.83 2 3951.67 6769.82 898.12 5980.83
150.68 6934.03 2 4053.83 4919.43 9935.46 1246.94
156.36 3718.21 2 8120.74 3949.68 4416.42 4270.71
161.77 6588.48 2 1030.71 5825.24 5048.37 603.51
163.63 6881.51 2 1208.21 9888.45 1192.60 3006.97
170.04 4502.05 2 592.65 4747.72 2863.97 8634.82
174.46 3722.84 2 7589.37 9990.95 4614.46 7752.75
183.65 3782.37 2 7080.90 2001.06 7600.56 5747.56
191.29 7464.64 4 7280.09 4584.91 6658.44 4119.35 565.06 5603.17 195.29 5411.43
197.37 7568.72 4 9314.21 1568.24 9930.24 4723.87 7509.64 7270.74 8319.67 7492.63
200.85 9642.75 2 8869.99 8919.38 2019.93 2132.67
202.27 7213.31 2 3074.39 7579.81 6686.36 1335.97
205.01 1250.62 2 2466.13 5595.14 3583.75 6156.38
205.99 6999.53 2 5201.87 607.71 6315.14 7518.14
206.22 6611.10 4 5148.50 2729.62 1938.31 3338.44 2713.20 1545.51 1323.77 1491.65
206.73 2636.33 2 7132.88 6292.39 4503.02 6476.93
213.12 2756.23 2 2041.78 7258.28 1327.87 9920.45
213.13 2656.65 2 2133.85 8027.89 380.16 6032.30
214.38 8518.99 4 8873.56 6325.23 8289.45 6465.87 3406.37 1725.82 3610.07 631.77
214.83 8341.39 2 5549.27 307.94 9689.12 7549.52
222.58 6428.89 2 2257.68 2167.07 8451.57 3889.40
225.57 4678.32 2 2332.22 7616.63 6828.00 6322.56
226.11 3705.54 2 6207.24 1573.42 2893.66 3232.09
229.45 8272.65 2 8427.81 211.75 466.43 2459.67
231.40 6270.18 2 4649.84 7446.32 3680.96 1251.44
238.73 8936.26 2 1084.17 7172.79 8291.09 1889.12
238.91 5145.62 2 3986.24 7660.44 824.90 3600.47
241.26 5163.14 2 4868.66 5474.25 9219.21 2693.82
245.07 4753.36 2 3676.49 6656.88 5393.79 2224.58
251.16 8658.17 2 8652.32 9338.70 1760.02 4098.46
256.91 8545.50 2 1601.60 1029.63 9979.36 2714.46
257.44 3672.15 2 1466.36 4697.03 1688.96 1031.63
258.50 6224.90 2 5374.06 8106.98 2105.42 2809.31
260.17 7308.70 4 9307.04 1941.23 9929.09 1295.18 4925.67 2305.48 5327.90 3549.52
260.45 6822.73 2 353.45 8099.13 7174.61 8245.52
261.25 5262.64 2 9908.11 6025.35 5223.95 3626.60
261.55 4177.45 2 8708.33 8288.38 5770.06 5318.92
262.42 9720.80 4 4169.15 7135.94 4766.29 3500.25 7637.14 7514.60 8591.05 8064.65
263.39 4069.32 2 8905.78 9.70 5277.37 1851.98
266.27 7013.49 2 7333.49 7143.81 532.07 5432.18
269.45 5372.49 4 6136.09 6071.89 5816.54 6741.93 9137.05 6769.39 9639.52 7978.68
270.07 8003.62 2 9834.44 618.49 7985.53 8405.62
276.34 6816.95 2 2191.21 1010.28 5237.65 7108.64
277.19 5659.69 2 5178.82 2176.93 2112.27 6933.86
279.40 4169.82 2 744.86 582.08 4906.00 313.11
280.14 5207.14 2 4577.43 9904.67 4942.12 4710.31
280.49 4724.73 4 3524.70 7593.72 2010.63 5628.82 2420.13 6770.05 3203.85 7440.99
287.62 6081.05 2 228.57 1649.81 5938.63 3741.31
288.99 7149.61 2 9772.43 6278.34 2957.92 8441.51
291.39 8469.55 4 6741.69 1862.39 3565.42 3024.52 7509.15 2078.98 8319.99 1440.79
299.32 7865.94 4 6262.99 7527.41 7793.77 6809.35 6870.83 1136.72 7274.84 1277.67
300.67 9833.31 4 865.41 5149.40 340.29 7430.64 1466.38 1484.86 111.41 1975.14
301.77 10288.73 2 9520.35 2556.89 1718.30 9264.05
302.20 7910.23 2 9494.78 5713.67 3856.42 165.63
303.57 8778.46 2 5840.67 1425.75 2076.16 9356.06
311.89 12094.37 4 9392.20 2247.96 9524.47 2226.81 365.84 8005.48 101.09 9105.20
312.96 6948.02 4 5240.08 6378.96 4147.58 4354.80 7674.13 4032.72 6625.23 3680.01
341.66 7182.95 2 1496.17 8521.72 157.00 1464.71
355.19 9159.73 2 116.83 4359.12 8769.51 7364.41
370.41 13420.59 6 2579.10 7605.98 4002.47 7733.31 1398.13 7865.23 7324.41 2271.00 7707.78 2308.78 8548.61 2191.16
377.55 9477.33 4 2949.56 5727.61 6037.17 6150.87 9857.88 2278.52 9169.54 2890.30
