21.37 868.26 2 9251.36 8569.97 9953.63 8059.40
29.07 453.44 2 2836.04 8796.07 2644.99 8384.84
44.36 1618.11 2 4206.41 2228.79 4546.30 3810.80
74.00 3700.16 2 5948.92 5427.63 3815.63 8450.92
77.12 3055.91 2 9140.29 4129.35 8204.18 7038.35
90.93 4446.53 2 6885.51 4374.94 2832.48 6203.76
103.12 4255.92 2 7411.53 76.05 3746.44 2239.37
110.83 5041.61 2 4441.03 5812.34 326.36 2899.04
112.77 4438.55 2 4145.57 155.30 1533.75 3744.06
114.62 5030.94 2 1955.60 4695.74 1244.41 9676.16
116.38 2718.95 2 735.76 9592.17 763.13 6873.36
118.55 2127.70 2 1147.88 2169.58 3275.40 2197.61
119.03 5651.65 2 1038.12 6496.25 6162.60 4112.80
123.77 4388.32 2 995.78 8011.72 5042.57 6314.41
131.54 1977.18 2 6229.11 6072.96 4293.13 5671.42
132.30 2515.21 2 7451.94 4958.02 5126.57 3999.42
137.45 1472.54 2 5616.41 3855.91 6018.02 5272.62
149.54 977.04 2 5564.50 3131.75 6123.21 3933.27
149.59 3779.38 2 230.38 5117.45 1523.46 8668.74
149.92 5795.75 2 1737.17 9041.71 5172.77 4374.02
150.27 4713.59 2 4591.28 5958.94 1070.77 2824.63
153.86 1293.05 2 7232.54 2746.74 7536.92 4003.44
154.43 4821.25 2 8946.05 927.77 4942.45 3613.97
156.56 5428.10 2 3581.21 2397.22 8979.09 2969.23
156.58 2028.84 2 8027.25 4986.51 9902.60 4212.37
157.96 6598.15 4 8167.07 8200.34 7842.81 8430.31 5999.46 3350.90 6273.18 2602.30
160.99 6549.60 2 1926.60 6444.34 8285.50 8013.32
161.08 4053.76 2 9532.29 3485.53 5514.97 2943.21
161.32 5066.04 2 8383.16 3908.00 4910.37 219.57
161.42 5371.24 2 6274.38 6383.87 5793.55 1034.19
161.63 5781.56 2 7423.40 1305.48 4537.06 6315.02
162.79 3239.27 2 8266.86 6450.98 9651.45 3522.53
164.30 7815.02 2 4964.05 7517.27 9272.29 997.02
165.40 5669.82 2 7703.92 6592.58 2749.65 9349.76
168.71 5935.43 2 5354.17 2452.54 7800.29 7860.48
169.26 7362.99 2 7951.38 4147.17 2415.54 9001.87
171.52 7175.90 2 9591.61 9928.29 2418.31 9734.90
173.00 4149.95 2 8828.57 4237.37 7470.79 8158.92
176.63 2931.64 2 1240.93 1711.40 3268.75 3828.58
177.43 5571.55 2 1798.06 101.40 1786.77 5672.94
181.69 3484.68 2 8599.13 748.24 8926.64 4217.50
182.15 4807.70 2 2810.83 3928.26 5836.48 7664.49
186.65 4232.27 2 3577.45 726.40 6569.55 3719.64
192.13 1706.72 2 5585.15 8728.72 6594.81 7352.68
194.85 1942.27 2 2258.31 2638.12 2962.34 827.94
198.77 7838.25 4 4374.21 6288.94 4839.11 6140.05 5932.88 278.18 5464.83 1583.88
198.84 4741.97 2 7795.15 1223.04 3185.89 109.01
199.53 3176.74 2 478.34 103.96 1051.36 3228.59
202.10 8504.94 2 5778.54 1288.70 6362.73 9773.56
204.49 4524.65 2 7562.01 3177.83 3201.21 1971.23
205.81 5590.65 2 3739.60 6326.98 642.66 1672.49
207.89 6494.27 2 7277.44 9398.48 2675.91 4815.75
209.48 7274.13 2 3752.54 3135.85 9083.02 8085.49
209.53 8276.72 2 7075.76 9205.94 787.73 3824.05
214.90 5944.77 2 337.60 5113.57 5868.69 2934.74
224.79 9239.42 2 5529.06 9487.00 2037.63 932.65
225.58 1678.78 2 356.88 2661.78 658.47 1010.32
228.27 4013.65 2 1377.63 4606.94 1262.89 8618.95
230.14 2106.85 2 5295.63 4936.16 4335.65 6811.61
230.29 7114.71 2 3115.85 7941.00 9537.62 4878.32
233.33 6366.38 2 3288.69 4653.77 7952.39 8987.44
235.00 5750.13 2 5764.14 2850.37 6436.67 8561.03
235.50 6775.02 2 299.40 1799.04 3226.81 7908.96
237.77 4188.39 2 6612.69 9763.49 3219.11 7308.65
238.94 5346.95 2 6964.57 4545.82 8486.72 9671.53
244.52 4626.24 2 4467.80 1223.73 5275.89 5778.85
246.14 3007.02 2 4225.88 2940.06 4026.92 5940.49
252.46 5722.78 2 6875.99 4356.82 1701.91 1911.60
254.01 5200.37 2 7530.35 8877.98 9658.36 4132.94
254.89 6044.31 2 1214.13 3739.06 6179.77 292.88
257.71 8685.29 2 1930.54 1729.60 6870.57 8873.15
264.14 6206.86 2 9022.76 3688.80 9028.81 9895.65
267.66 7882.96 2 1029.20 2780.48 6079.04 8833.60
267.77 6188.50 2 1108.04 9471.45 750.42 3293.29
272.55 5027.44 2 7800.21 1879.53 2778.38 1641.96
274.14 10307.06 2 6066.55 314.50 9759.16 9937.40
278.28 7814.17 4 9879.55 9116.43 9341.10 8680.15 2843.66 8416.43 2596.88 7849.44
280.26 5813.22 2 1045.35 2086.61 5905.23 5276.45
282.32 10516.16 2 7416.97 9265.83 1928.45 295.55
285.53 5276.56 2 2655.79 9269.28 840.67 4314.74
291.34 6266.81 2 8584.59 7604.88 3118.25 4540.22
291.59 7279.36 2 6127.51 8124.86 2699.12 1703.39
296.77 5738.46 2 1506.20 5021.90 5079.27 531.57
301.51 5175.75 2 2057.05 7857.28 3476.33 2879.93
302.00 5399.98 2 2264.65 6202.21 7158.23 3919.08
305.33 6366.40 2 1870.30 285.86 6618.86 4526.41
306.58 6528.80 2 8761.96 7450.26 2405.62 8940.98
306.72 6835.99 2 3636.44 9750.65 8678.59 5134.64
309.25 9162.41 2 6447.76 694.54 951.20 8025.13
313.22 7660.80 2 2058.91 780.17 9717.65 602.67
323.18 8058.78 2 131.28 2161.35 8185.11 1879.17
323.94 9997.03 2 4028.11 8958.30 9180.34 391.20
330.41 8120.54 2 1539.99 5045.11 9141.25 2187.85
331.46 7372.90 2 2725.89 978.13 6486.22 7320.02
333.81 7990.67 2 3071.47 8698.31 6483.83 1472.90
377.38 9069.00 2 1013.04 7339.24 8795.28 2682.67
390.27 10013.31 2 6463.45 9589.72 2195.80 531.38
