35.63 1781.54 2 6934.93 8944.02 8315.97 7818.59
64.95 2847.40 2 7879.12 1207.93 5056.66 1583.95
71.08 3453.81 2 2255.02 2266.37 4268.21 5072.76
71.53 2676.49 2 6662.21 8418.15 4347.42 7074.51
77.74 2487.05 2 7543.81 2920.37 9971.38 3461.06
81.25 2862.42 2 9698.65 2166.91 6908.52 1527.66
87.44 771.92 2 6520.29 960.94 7289.64 898.05
98.55 427.33 2 9407.05 6849.38 9001.09 6982.84
106.48 1424.24 2 6472.66 4059.83 5663.95 5232.20
107.68 3084.08 2 8567.72 9497.78 7721.70 6532.01
121.82 3891.17 2 1045.41 2363.15 4855.67 3152.55
126.85 3942.54 2 3239.59 135.52 6599.91 2197.52
127.78 4389.06 2 4787.88 7987.38 666.69 6477.54
137.45 5772.53 2 3243.12 7537.52 1310.24 2098.20
138.82 3641.14 2 3210.41 5471.22 3577.53 1848.63
138.94 3246.99 2 3074.81 9408.01 5715.74 7518.98
140.60 5430.00 2 6650.04 6853.28 8602.32 1786.38
141.66 5282.90 2 6179.32 9930.58 2110.64 6560.90
144.61 6530.40 4 9804.84 2222.61 9002.18 2422.43 9627.46 6777.71 8970.89 7903.56
148.49 6424.25 2 2621.38 8595.29 7793.51 4784.76
150.89 5044.69 2 3853.67 4012.93 573.32 7845.45
151.58 5479.18 4 5315.73 2715.56 6639.70 2292.39 6836.74 4917.76 8281.72 4735.27
152.78 4239.17 2 4771.60 5.28 1370.88 2536.21
156.11 1105.27 2 4346.25 2985.37 3304.08 2617.25
159.10 4154.98 2 4299.96 9466.35 4035.34 5319.80
162.58 7628.80 2 8535.40 3811.33 986.70 4913.92
164.21 4210.50 2 2156.19 1649.74 4905.49 4838.73
165.55 2977.46 2 3956.43 3091.87 6653.81 4352.58
166.89 7044.44 4 9522.84 9196.43 9903.90 8580.64 5083.58 6347.40 5660.74 7173.55
170.89 3044.59 2 8848.14 890.27 8162.16 3856.57
176.97 7148.56 2 9583.54 4050.27 3770.27 8210.53
177.21 2560.47 2 1615.12 1611.02 4135.25 2063.70
180.77 6138.50 2 9367.83 6596.88 3682.87 4281.19
182.16 6007.79 2 3422.21 4282.65 169.07 9333.45
183.12 3555.86 2 3475.59 6906.26 337.75 8579.01
188.03 4001.30 2 4009.14 5723.96 5930.86 9233.57
188.88 5144.21 2 6954.53 9638.35 5347.65 4751.54
189.37 8668.66 2 6321.20 1828.85 896.41 8590.30
192.19 2609.61 2 3955.22 9280.03 5890.88 7529.81
195.20 6259.83 2 4345.97 1582.96 149.09 6227.49
198.19 7109.37 2 450.33 3184.20 5686.77 7992.82
199.13 9756.63 2 9719.93 4695.42 916.38 489.55
199.64 9681.88 2 9761.23 455.62 1874.38 6071.34
200.60 2129.92 2 1290.89 6912.72 1151.44 4787.37
200.68 4334.05 2 330.26 4067.06 3530.03 6990.32
202.04 3601.81 2 9161.65 6207.65 5595.91 5699.17
203.55 1077.65 2 2610.91 3604.96 2983.45 2593.75
206.91 7145.40 2 913.24 7208.97 5924.25 2115.20
208.52 9825.99 2 1559.71 997.77 6448.06 9521.50
216.80 8139.81 2 3653.75 632.58 7304.98 7907.54
216.92 3346.14 2 4201.28 6054.39 4770.28 9351.79
218.86 6543.15 2 5446.97 3524.17 8406.60 9359.69
219.57 1978.72 2 8061.64 9226.98 6094.84 9443.82
221.08 6854.11 2 6520.34 6749.50 283.18 9591.44
221.74 5986.77 4 5630.40 4560.95 5650.46 6164.59 9216.61 4799.38 9628.86 4413.79
228.71 6435.26 2 7745.96 4862.90 3781.36 9931.87
229.94 6897.25 2 3087.67 1152.88 916.96 7699.63
230.15 6307.45 2 7109.66 11.91 4208.65 5612.62
232.04 8602.16 2 7203.80 720.21 5662.26 9183.12
232.54 4327.11 2 2637.94 5258.25 6760.22 6573.83
235.00 5549.83 2 5935.64 7190.16 1792.46 3497.65
242.30 7214.99 2 456.81 1210.51 692.53 8421.65
242.69 2934.41 2 3272.56 3878.86 846.42 2228.22
244.28 3913.80 2 2444.34 429.11 2781.38 4328.37
245.27 4663.35 2 9883.27 6690.08 5331.79 7705.37
249.08 8354.02 2 799.03 6019.42 7704.91 1318.52
249.51 5875.61 2 3353.99 3934.71 9226.03 4139.48
252.07 7903.31 2 3288.16 1883.76 9538.13 6721.13
254.39 7919.27 2 7856.38 6369.34 1816.89 1246.89
255.52 2976.12 2 6931.46 8009.96 3962.45 8215.54
255.62 4381.01 4 3043.87 9289.00 1835.67 8288.14 1483.82 6109.38 1575.71 6707.49
256.19 3509.47 2 5420.40 3709.87 8850.18 2966.23
256.74 4336.83 2 5665.74 8229.61 1414.35 7372.97
256.99 5449.34 2 5613.57 1461.04 477.44 3281.88
258.08 6803.84 2 6959.45 2227.40 2058.89 6947.21
261.55 6677.52 2 2997.10 9874.48 8533.25 6140.82
263.07 6353.52 2 9011.27 9233.46 7453.29 3073.92
263.57 4378.70 2 5949.06 1903.15 5823.50 6280.04
264.32 3515.76 2 2319.91 4507.62 5794.46 5044.35
266.89 7344.52 2 1099.10 6349.90 6500.74 1373.53
270.96 4048.04 2 1357.32 8579.75 1949.03 4575.19
278.11 5205.70 2 4614.71 8584.72 8643.19 5287.65
284.16 6007.92 2 4726.18 5856.05 8591.44 1256.61
285.87 6593.36 2 5223.85 8581.34 2696.09 2491.77
298.91 6045.66 2 8395.83 9638.42 5553.77 4302.44
299.98 7799.23 2 4508.90 2264.15 8809.18 8770.73
300.85 6442.42 2 3557.71 1363.60 1147.99 7338.39
311.04 9752.09 2 4702.60 376.35 7391.15 9750.51
314.32 6116.22 2 1831.12 4065.77 6560.23 187.17
334.75 9637.53 4 2424.58 7056.87 1927.16 6302.97 8577.25 2757.88 7843.69 3705.44
335.42 8771.02 2 433.52 3268.23 8992.38 5185.72
378.98 12049.15 4 2573.98 729.94 1036.11 79.76 8966.88 6119.87 8942.16 5710.07
389.35 9567.32 2 8311.95 326.70 7914.70 9885.77
