31.25 1462.26 2 1041.83 7732.59 371.26 6433.15
51.36 2167.79 2 2087.85 3093.39 331.65 4364.24
70.46 1522.75 2 4083.52 8446.43 4169.56 6926.10
76.08 3103.84 2 8178.98 5881.66 6351.93 8390.80
77.56 2478.17 2 5414.74 8891.38 7892.86 8906.64
82.32 3616.04 2 4756.23 1635.90 1145.05 1823.22
83.64 4181.83 2 5642.34 3745.25 3371.59 233.64
98.55 3727.62 2 6523.68 4444.71 2797.28 4540.30
108.24 612.05 2 537.09 9744.46 915.91 9263.73
110.94 4547.02 2 4803.84 1596.15 9196.44 421.24
112.97 3848.35 2 530.16 2911.36 4159.57 4190.86
113.11 1055.26 2 5479.72 3729.90 4426.35 3793.07
121.42 1170.83 2 5706.50 5.04 6762.86 509.96
134.19 4009.46 2 4339.76 1422.79 6148.22 5001.23
135.22 3861.23 2 5224.53 7955.65 1363.31 7966.49
136.21 6210.69 2 738.86 6490.53 6858.67 7549.09
141.66 583.15 2 7515.94 7415.59 7714.46 6867.27
142.34 5417.10 2 791.50 9968.29 4213.88 5769.21
143.68 4084.12 2 7558.89 2571.58 4375.47 13.10
146.16 6508.12 2 7406.33 1575.51 9198.65 7831.97
155.21 7460.62 2 6782.15 1726.43 558.17 5840.19
159.25 2462.32 2 7905.56 4733.71 6484.22 6744.39
161.29 7164.63 4 6094.00 1124.75 5032.69 3240.44 8501.01 2243.31 7406.52 2707.52
161.60 3079.83 2 1061.35 5552.67 3621.21 7265.13
163.51 4375.58 2 2625.09 5566.44 3609.64 9829.82
164.12 605.81 2 1165.60 6914.74 567.54 7011.35
165.49 874.62 2 4367.30 1826.57 3738.85 2434.87
166.11 2405.65 2 3835.78 6782.01 6155.30 7419.96
167.44 7072.22 4 541.41 2860.72 1768.84 4610.32 5596.60 4909.96 4530.49 4657.76
167.71 2985.37 2 1721.49 9012.20 4706.68 9044.67
169.27 5963.63 2 4415.19 8104.64 6990.75 2725.85
175.55 6177.40 2 3180.80 4681.03 7754.36 528.58
179.26 7463.00 2 9335.32 621.40 1935.16 1587.79
184.73 4136.49 2 118.21 480.65 3480.16 2890.60
187.52 5475.79 2 6722.51 2700.57 8384.55 7918.03
188.04 8302.14 2 556.53 5592.26 8844.61 5109.08
189.94 6497.06 2 1466.28 4010.54 7195.53 7074.44
193.90 8094.98 2 6602.34 8305.95 7472.91 257.92
194.51 9525.41 2 9160.08 237.57 7213.02 9561.86
201.75 6387.60 2 1909.08 1232.11 1742.00 7617.52
206.29 7014.26 2 332.75 3871.93 7172.35 5427.49
206.76 1038.05 2 4297.80 4580.11 4990.36 5353.35
210.34 7717.19 2 4537.60 9212.80 5457.56 1550.63
210.68 3734.07 2 7668.22 8083.34 4578.05 5987.12
211.05 4552.63 2 6689.49 1657.63 2812.81 4044.64
211.16 6958.16 2 8381.14 6359.77 1443.45 5826.33
213.42 8470.89 2 1556.31 6276.27 9168.16 9993.24
216.52 6425.86 2 4795.38 6488.64 7245.31 548.14
216.58 3628.99 2 4007.68 2832.41 451.33 3554.85
216.82 2741.12 2 2096.45 8187.34 4539.60 6944.47
221.33 4966.41 2 1130.06 7785.60 2111.89 2917.21
222.08 3404.08 2 3719.45 6929.82 708.20 5342.32
225.94 4396.91 2 464.26 3631.70 2982.75 7235.87
226.32 4716.02 2 4472.89 5335.73 7435.42 9005.10
230.09 9404.68 4 194.52 4265.87 2506.08 4948.18 8303.15 2652.69 9061.40 2608.71
230.77 7038.32 2 8270.10 582.15 2260.89 4246.49
231.22 5761.08 4 7481.66 2544.05 5155.08 2114.39 7600.84 3465.49 8194.87 3374.09
233.10 6954.82 2 6993.88 6481.17 2936.71 832.37
233.14 6457.08 2 4735.55 6860.78 9302.90 2296.44
233.59 3679.31 2 2427.63 8267.53 4120.50 5000.80
235.06 3152.96 2 8262.34 8226.36 5170.42 8843.71
235.17 2758.33 2 3050.47 49.20 1745.05 2479.07
237.38 4569.08 4 2554.92 3307.01 4103.58 4242.91 5649.37 5775.59 5116.79 5539.03
238.44 7621.80 2 4003.86 8722.23 1027.72 1705.50
248.82 8241.01 2 1185.00 11.75 5144.36 7239.31
251.44 3872.18 2 4842.70 7916.85 8644.63 7182.62
253.34 7067.22 2 6539.53 8600.96 3337.63 2300.68
253.83 3091.37 2 9194.83 5184.70 6186.59 5896.80
257.26 5863.16 2 5162.11 788.41 2728.70 6122.74
257.66 7183.09 2 5991.46 3212.91 8670.68 9877.64
258.73 8936.30 2 847.41 6039.30 9771.04 5563.67
262.64 5632.20 2 1453.57 4413.72 5911.62 971.71
263.97 6998.48 2 9411.58 7869.05 8507.87 929.16
265.19 3359.44 2 692.71 2776.35 1155.47 6103.77
270.14 5006.85 4 9324.27 86.52 9717.43 2553.85 8515.62 2965.07 7288.44 2800.41
273.67 7383.62 2 8980.71 1876.54 4585.86 7809.77
285.64 4581.81 4 5417.58 4610.24 3293.89 2579.82 4706.37 2931.94 4519.19 2949.11
288.43 6121.29 2 7593.60 8847.50 1477.97 8584.26
307.00 6550.18 2 1409.06 642.38 7586.96 2819.16
308.36 10117.98 2 6826.78 1756.25 819.08 9897.57
311.92 9195.82 4 6126.10 2297.69 7671.22 47.98 4441.39 4237.49 5301.95 3435.05
315.72 7885.89 2 9954.66 3215.07 2223.73 1659.45
322.59 12629.29 4 4014.19 3056.14 2616.91 197.21 4719.50 8699.45 4399.92 9309.62
338.06 13702.94 4 1958.75 4926.92 105.74 2012.65 6454.74 9415.06 6899.74 9636.95
352.91 8245.60 2 8086.72 3441.37 1440.57 8321.80
353.45 8572.71 2 4556.67 1036.94 7210.58 9188.51
366.15 9907.42 4 2646.97 3461.65 1809.29 4460.14 9678.06 4953.40 9427.40 4278.57
437.12 13656.18 4 6508.34 6931.80 6821.93 9866.67 8514.21 83.14 8795.79 806.04
