47.21 2360.33 2 6947.87 3632.32 8659.99 2007.56
55.27 1363.49 2 7643.09 8645.32 7274.07 7332.72
64.77 2438.50 2 1275.06 6751.48 2617.10 8787.46
67.26 2462.86 2 4496.52 7414.62 5100.58 9802.25
73.52 2576.17 2 7205.41 723.02 5583.70 2724.70
76.88 1944.03 4 418.01 1207.38 380.36 1843.78 160.79 2166.30 1056.61 2359.14
98.11 3705.50 4 7743.94 5555.56 7206.58 6572.91 8797.22 6582.96 8103.59 5913.09
116.08 4104.09 2 8516.77 3236.31 5418.40 5927.70
116.62 5731.06 2 8774.95 2504.64 3345.75 669.17
122.53 3626.45 2 684.87 4109.32 4148.41 3034.61
126.04 5802.00 2 1973.60 2688.44 7632.94 3967.11
147.43 5871.52 4 1193.86 1357.60 4220.25 2582.79 4018.50 1099.66 5057.20 1490.32
152.18 609.14 2 517.40 9267.18 794.73 8724.83
155.56 3577.85 2 1301.84 1270.78 2261.10 4717.64
158.34 216.91 2 7641.76 4768.93 7699.63 4559.88
159.22 6960.83 2 24.11 2697.72 6909.88 1678.24
159.63 5981.25 2 7123.98 251.62 9939.69 5528.66
163.78 5488.99 2 9560.10 2906.12 4301.65 4480.17
172.67 6433.25 2 9809.28 7102.04 3412.74 6415.73
172.82 7341.04 2 2462.59 7680.54 9484.02 5538.03
174.94 6947.20 2 8726.23 3297.00 6543.84 9892.52
174.96 6147.87 2 220.40 1370.97 6363.71 1607.63
176.17 8208.70 2 6832.43 769.45 1486.97 6999.13
178.83 4241.35 2 3968.61 5039.85 133.21 3229.12
178.84 3941.83 2 8403.99 6753.29 4738.26 5304.01
181.59 3179.71 4 9050.85 7834.25 8379.79 7484.15 8219.02 8444.03 9663.32 8567.45
184.57 8928.65 2 2511.78 8681.21 5299.60 198.94
185.29 3664.44 2 2543.17 5324.23 6130.22 6073.37
189.45 9072.60 2 661.37 9935.85 4231.10 1595.04
193.19 2459.41 2 4682.75 5578.09 3942.81 7923.55
198.47 6623.60 2 3887.93 8619.80 1486.35 2446.91
198.84 1242.20 2 4748.04 8804.60 5762.28 9521.80
203.07 1653.33 2 6880.61 6919.44 5878.47 5604.46
205.13 2056.33 2 5824.36 3962.36 7658.62 4891.86
207.37 5768.31 2 8397.82 7792.80 4900.07 3205.95
207.84 3492.16 2 7446.90 4706.94 6459.00 1357.43
214.80 8639.82 4 7410.75 6948.78 6218.94 8235.84 8931.84 3391.03 7834.21 2634.60
214.83 2941.51 2 2522.54 4459.01 3390.77 1648.56
215.17 3458.68 2 6424.11 4469.65 7115.70 7858.48
216.11 4805.29 2 8940.17 177.48 8608.94 4971.34
221.85 9492.56 2 7540.76 6014.74 82.86 142.05
225.81 11090.55 4 9792.57 4543.42 9159.42 7700.21 1978.86 7652.31 2482.61 8124.08
227.20 4560.13 2 6371.48 8884.36 4220.29 4863.52
231.50 8174.88 2 790.35 8434.29 7450.87 3694.44
232.81 2540.35 2 7040.77 4742.01 9502.55 4115.09
244.13 6106.68 2 6779.44 267.36 1299.44 2962.01
244.99 3349.43 2 1308.02 6389.69 1502.13 9733.49
246.30 7815.24 2 987.37 2175.70 8664.07 3640.75
246.63 8431.64 4 5698.10 7538.02 4333.71 3830.74 2907.02 1004.27 3808.90 1961.45
246.85 2842.38 2 5741.91 6184.00 2905.76 6372.14
252.75 2937.73 2 7123.42 3353.16 4382.28 2296.56
254.73 6536.68 2 8675.47 177.30 7489.00 6605.40
257.44 8471.86 2 9174.59 3855.48 940.25 1863.49
269.46 9172.82 2 1477.49 2712.16 7274.68 9820.83
270.96 9748.00 4 6236.22 8493.65 7064.42 5635.39 3032.06 9271.18 3229.62 7943.07
272.55 10627.54 4 3965.39 1586.93 2706.70 394.65 4570.37 8087.26 3856.19 8756.38
272.67 3733.61 2 4606.26 4943.29 5709.47 1376.39
274.09 7904.57 2 8350.28 8211.91 7790.80 327.16
276.00 10100.17 2 5122.91 965.51 227.00 9799.73
281.01 4850.34 2 9871.58 6448.45 5253.39 7931.06
287.78 10888.83 4 9686.18 3539.52 5180.78 3689.93 7154.34 8717.03 6334.89 9255.09
290.90 6544.78 2 932.34 9356.85 2819.74 3090.12
295.12 7156.07 2 9411.76 1296.72 2636.78 3600.83
299.09 9654.33 4 3704.56 9153.67 2359.56 8062.00 4147.87 1420.72 4700.11 2306.96
300.48 8623.91 2 2135.47 954.82 8802.16 6425.38
302.34 8517.14 2 9497.81 7359.56 1236.96 5285.88
303.19 6159.73 2 3172.32 4073.02 8521.74 7126.88
305.08 12354.08 6 6854.22 7272.30 9014.54 7243.81 7590.13 3907.43 5659.82 8639.50 5988.18 8472.35 4909.69 8606.21
306.08 9903.90 4 4584.84 6883.39 5713.92 2674.56 1388.56 4143.18 2232.10 3647.54
309.74 5887.18 2 9781.42 5857.75 7042.63 646.43
312.26 7013.13 4 3685.06 5029.69 5198.17 7617.14 5940.59 4470.74 5167.81 4345.18
323.57 11378.64 4 5039.99 5766.09 7525.94 3443.87 3122.92 9643.64 3392.14 9901.22
330.87 6743.31 2 6325.57 9612.33 516.59 6187.73
335.05 11652.69 4 5645.98 9278.76 6965.17 6212.85 1249.84 1719.85 306.51 2169.62
339.94 9496.99 4 9324.22 1424.67 9952.81 2272.74 3245.02 5914.73 3784.62 5312.45
345.91 8895.50 4 7581.20 7958.22 8293.92 6824.69 2853.62 3312.26 1776.58 3403.33
352.98 8248.89 2 7175.79 7462.92 784.29 2248.25
355.73 10386.61 4 7529.35 6443.50 8321.85 8731.81 1883.89 9331.95 1763.46 7837.71
362.46 11022.75 4 2952.75 5513.04 1066.51 8045.25 5092.97 2469.00 5255.40 3442.75
