48.24 512.00 2 3012.68 3018.09 3192.65 3497.42
71.04 1751.80 2 788.78 3006.56 741.64 1255.39
103.70 3085.14 4 3517.18 8570.49 3488.08 8414.94 1407.23 9686.90 1502.54 9208.23
110.72 5135.76 2 1891.49 3695.61 6782.44 2128.88
114.38 1118.89 2 9130.70 9183.26 8014.38 9259.18
115.67 4083.45 2 6927.23 4949.49 4825.16 8450.32
122.84 5841.92 2 1119.36 890.47 4202.29 5852.68
124.67 6233.67 2 7517.26 1774.44 1445.95 360.97
128.00 5399.80 4 5041.81 1137.36 5790.09 827.04 5585.31 4032.31 6447.89 5106.83
136.52 5925.98 2 6755.37 7755.52 9561.04 2535.81
139.93 4396.50 2 7909.92 9764.81 8065.87 5371.07
140.63 6831.43 4 4257.86 5779.30 3209.37 3933.15 1487.04 8098.56 1326.05 7978.42
140.75 5437.74 2 7580.35 6483.73 3162.66 9654.36
144.94 5046.80 4 1579.21 6189.01 4867.85 7486.73 5155.69 7330.73 4739.43 6222.34
145.39 1469.50 2 9047.91 6966.42 8792.68 5519.25
145.92 6796.15 2 763.02 7646.55 4783.90 2167.50
149.70 4185.16 2 8772.91 6149.53 6112.96 9380.65
153.48 5673.86 2 5029.04 6956.67 687.10 3304.25
159.60 7180.22 4 3314.83 4235.26 4520.58 5705.85 1716.65 1357.51 1652.02 1275.35
159.84 4391.92 2 2101.37 3066.86 5027.97 6341.61
160.93 3546.59 2 4448.24 6664.08 2290.74 3849.21
168.97 2548.58 2 4392.45 6126.24 6669.83 7270.27
172.54 5727.02 2 604.43 7168.54 156.41 1459.07
175.24 4861.96 2 9776.80 4120.36 8415.63 8787.89
182.50 524.77 2 7727.58 6190.79 7317.41 6518.13
187.38 9269.05 2 802.54 2001.47 6970.28 8920.59
189.30 4265.11 2 9126.30 1654.58 6331.08 4876.05
189.85 6692.29 2 9227.39 6432.16 2725.86 8018.65
190.94 4847.08 2 8332.00 2591.88 6851.80 7207.42
197.31 9165.39 4 7236.98 4774.41 8544.94 5892.34 2321.43 3294.24 2903.83 3683.90
199.83 2291.56 2 983.74 616.36 3146.45 1373.94
200.69 1334.67 2 6344.81 6611.15 5900.43 5352.63
203.26 2863.13 2 3855.85 8869.15 3269.49 6066.71
212.00 3600.14 2 6182.71 5031.96 9603.56 3910.04
215.87 9293.65 4 2769.03 7212.21 3523.39 4177.05 8439.93 3735.22 8820.60 2565.82
216.04 7301.94 2 6276.56 2454.20 4482.98 9532.43
216.89 5844.44 2 7737.91 1083.56 1898.86 1334.62
217.93 3796.58 2 3639.87 2972.95 741.03 5424.63
238.00 8700.05 2 13.97 8508.01 7996.96 5049.30
245.30 5765.22 2 9614.78 6933.67 3967.71 5772.46
248.92 9045.77 4 6415.01 2141.28 3233.34 4162.26 1556.24 8475.23 1626.66 9120.33
249.88 11094.10 4 3356.47 9327.02 1880.95 5915.24 7932.16 5676.58 8546.43 4507.07
251.74 10087.02 4 1994.67 1004.20 1007.45 3249.51 5358.41 8899.12 4994.85 8550.91
253.20 9960.02 4 3245.13 3997.36 1613.72 1873.76 7590.17 2278.29 8321.70 3343.23
253.76 8487.86 2 9615.13 8305.29 3416.83 2506.60
268.94 8147.03 4 3993.60 3829.70 4361.23 6644.58 416.05 6073.73 858.94 7319.32
270.07 6803.40 2 1538.36 9057.65 8288.49 8207.91
271.09 3754.63 2 1778.82 9980.89 4344.02 7239.18
272.67 9333.68 4 3893.86 7091.95 5254.89 9852.83 1696.17 6636.11 514.71 5780.90
274.79 9339.39 4 5696.16 39.66 4347.51 3596.56 8365.34 833.60 8036.19 1404.78
276.67 5433.65 2 7575.73 2531.38 2417.42 4239.12
277.22 7261.06 2 1895.61 1209.97 8547.21 4121.88
287.44 5571.86 2 6397.92 9099.29 4266.06 3951.39
289.83 8091.48 2 1101.59 68.40 840.91 8155.67
292.21 8410.74 2 8627.87 6431.25 1026.44 2831.40
296.43 8521.73 2 5704.29 9104.88 2703.35 1129.03
311.32 9866.14 2 3405.44 9403.74 8001.24 673.37
312.96 7348.20 2 100.28 1394.38 2468.97 8350.33
313.40 11869.92 4 2995.68 3694.31 2597.59 7625.45 532.11 925.09 854.08 1773.21
315.54 7677.00 4 8767.39 9211.36 7543.27 7146.85 3945.36 9426.70 4930.47 9172.26
317.94 9097.21 2 305.29 4502.25 8900.30 1521.47
320.07 6803.27 2 204.64 8325.60 6989.58 8824.70
325.39 11469.29 2 506.36 507.24 7914.10 9263.38
328.85 8942.55 2 5767.14 9961.44 9666.63 1913.89
329.58 10979.12 4 9073.49 2698.13 8029.94 5926.49 1917.45 6741.11 1701.84 8144.40
339.78 8488.95 2 7998.42 8135.43 4740.87 296.38
347.30 8064.82 2 3703.71 730.43 6879.23 8143.76
351.39 8569.35 2 8651.61 4867.95 1340.94 397.17
352.81 10240.74 4 1017.81 4163.42 1023.41 4026.42 9565.92 6938.49 8778.22 7675.03
358.35 11017.65 4 6192.80 5060.89 8872.11 2358.23 3027.26 3072.24 1830.31 2507.06
370.07 10503.27 2 7152.65 123.70 1253.84 8814.08
370.07 10303.54 4 4766.14 816.73 6502.89 1784.78 2426.96 7803.58 2921.13 6881.49
378.92 9245.84 4 8108.23 9887.88 7534.40 7133.09 5926.11 2073.68 5809.30 3190.63
381.48 13073.86 4 5488.04 5658.20 4633.51 9394.96 7038.90 1776.79 5998.58 2472.93
404.70 10734.93 4 2836.57 4619.52 1828.47 3463.55 9746.26 3446.65 8853.63 4368.68
412.70 13035.05 4 1495.33 1136.79 4697.66 518.09 6546.31 8924.30 5390.81 8765.13
