48.80 1940.23 2 7681.46 2489.62 7712.25 4429.61
52.80 2639.96 2 1506.84 4935.80 3419.13 3115.77
70.74 2137.09 2 3713.99 894.80 1576.98 914.02
71.70 3285.25 2 7756.53 713.85 4701.47 1921.92
74.91 3045.30 2 5211.39 9821.16 4728.26 6814.42
76.68 1134.17 2 3874.91 5240.70 4975.49 5514.68
80.84 3942.14 2 7994.62 9979.63 4636.84 7914.25
86.16 908.13 2 8897.67 799.57 8010.20 607.00
96.27 2513.37 2 688.77 1550.25 2956.73 2633.49
98.79 2139.58 2 6130.39 3226.00 6409.04 1104.64
100.72 4235.75 2 3121.09 3230.63 6291.64 421.86
102.26 1212.79 2 5261.92 2487.63 6253.25 1788.98
104.40 3219.99 2 4853.02 4375.00 2947.15 6970.38
120.40 4720.13 2 419.93 7834.75 4752.71 5962.12
121.66 3183.09 2 5232.01 666.80 8351.93 1297.74
124.27 5113.74 2 1129.28 6329.09 3245.13 1673.60
126.38 1819.07 2 7641.84 4305.88 7258.68 6084.13
126.48 3224.13 2 5710.12 8363.00 6579.21 5258.21
127.28 4864.10 2 6186.45 9308.49 9969.73 6251.32
128.97 5248.55 2 2761.00 1196.50 7891.44 89.30
140.33 4016.41 2 8734.93 2020.79 4853.70 987.54
140.49 2824.75 2 1668.09 1803.97 4015.57 3375.13
141.06 4653.20 2 3671.13 7.20 6380.26 3790.44
143.46 4573.01 2 2387.87 7210.04 6582.89 5389.57
147.08 6954.16 2 8415.39 8172.51 8282.52 1219.62
148.95 2247.49 2 1547.15 377.36 3556.56 1384.08
155.63 5681.55 2 1897.76 1866.27 3476.65 7324.02
155.78 2188.87 2 6895.95 5762.32 9076.56 5952.31
156.83 6941.41 2 9374.21 5209.26 2533.13 6385.20
157.99 4599.53 2 708.74 9302.11 2087.38 4914.06
159.06 2652.99 2 3670.83 5821.56 2329.94 8110.74
160.89 4844.68 2 7013.14 2559.39 3663.54 6059.54
163.63 6581.54 2 597.75 6445.75 7013.28 7914.66
167.36 568.02 2 5380.05 2038.01 5232.66 2586.58
169.54 7877.15 2 7376.19 335.10 4608.35 7709.96
174.03 6901.74 2 7566.98 8055.25 4387.19 1929.65
175.13 2956.46 2 559.23 7709.02 3479.30 8171.42
183.09 2754.40 2 5047.29 2220.86 2897.83 3943.22
183.30 6965.25 2 2753.24 8313.50 9144.74 5545.20
186.74 5237.21 2 3579.63 4587.21 6652.42 8828.24
187.33 5866.37 2 5580.20 9382.44 4159.53 3690.69
192.66 4833.13 2 7263.13 9829.56 5957.63 5176.09
192.87 7743.55 2 6892.50 3581.67 1347.32 8986.63
195.21 4660.28 2 2759.57 5536.63 5563.23 9259.22
196.05 3502.56 2 7315.79 3928.83 4456.16 5951.32
204.63 10031.46 2 3302.49 8435.46 9516.44 560.38
204.89 4144.67 2 3824.87 3047.83 411.82 5399.30
205.36 2567.95 2 1112.78 4500.62 227.48 2090.10
206.28 3114.12 2 3048.19 9876.52 6162.21 9901.59
208.75 9437.57 2 1987.24 8875.20 8636.58 2177.88
211.96 6198.16 2 3151.55 9914.63 3246.54 3717.20
213.35 5967.72 2 2540.89 9616.52 4475.00 3970.91
213.96 6897.92 2 971.19 7251.72 5316.61 1894.60
215.49 4574.59 2 1495.80 5024.02 2207.97 505.20
216.27 6813.59 2 7491.94 4151.85 1055.14 6386.24
217.97 2698.49 2 530.85 6547.58 83.34 3886.45
218.10 4405.07 2 1321.89 825.45 5714.41 493.11
219.00 3850.13 2 3483.08 3207.38 5938.77 242.07
220.33 5516.54 2 7235.81 7929.04 1729.02 8257.05
220.58 2228.79 2 5294.15 3335.70 3934.00 1570.05
221.56 2078.06 2 9782.44 5012.51 8118.93 6257.92
223.72 4185.94 2 9241.38 895.95 6717.48 4235.41
226.62 3430.98 2 4830.26 7299.24 1413.47 6987.55
227.22 7061.08 2 1581.76 9984.34 4430.12 3523.24
233.77 6688.71 2 8557.20 217.01 8219.40 6897.19
237.53 6976.75 2 9934.12 3018.42 3003.34 2218.87
238.11 10205.33 2 1258.27 2326.75 9816.76 7885.62
238.31 3015.35 2 3467.80 3519.13 6252.31 2362.05
240.09 7404.64 2 5631.45 2139.28 7657.08 9261.47
243.80 3889.81 2 2713.10 8520.83 6601.00 8642.82
244.16 5407.85 2 6522.48 1960.99 6159.97 7356.68
245.10 5554.96 2 1303.75 1348.71 5592.96 4878.61
251.89 8994.35 2 7084.34 8236.43 2658.16 406.53
252.40 10119.96 2 1855.34 187.20 8568.29 7760.17
252.96 6648.23 2 6527.79 6023.02 114.34 7774.19
255.45 5872.35 2 2462.46 716.44 7767.72 3234.12
255.65 7082.56 2 3003.93 7307.89 5762.84 784.77
271.27 6963.51 2 3991.91 850.79 5018.23 7738.25
275.03 7851.59 2 4165.22 8678.31 8697.87 2267.18
286.23 8911.26 2 919.05 3997.98 9178.82 7342.66
292.68 10933.82 2 703.88 3039.05 9446.03 9605.87
295.08 7353.94 2 1996.85 3738.21 7577.34 8527.64
296.86 5243.03 2 5422.34 2067.57 1385.77 5413.54
296.92 5446.02 2 6124.48 6255.25 2274.28 2403.61
297.15 5157.29 2 8001.05 8625.88 3089.98 7051.36
302.20 7809.82 2 4422.10 1458.18 448.78 8181.72
302.64 7032.23 2 1703.20 2840.14 7891.88 6179.65
308.21 6810.57 2 8667.73 5315.61 1864.17 5006.51
313.69 7184.31 2 3807.01 9766.12 996.04 3154.56
324.86 8643.03 2 8687.52 8201.34 137.33 6937.95
328.20 8410.06 2 183.89 5830.05 6635.28 434.82
331.41 7370.63 2 5549.39 2801.94 1517.08 8971.75
335.43 8071.64 2 4579.86 9263.50 214.88 2473.92
347.12 8956.13 2 190.78 8674.10 6494.11 2311.69
354.66 8632.98 2 8786.77 8904.02 8148.59 294.66
369.01 9150.26 2 6569.32 877.95 3822.07 9606.06
388.79 9639.25 2 5238.05 1352.52 9956.86 9757.77
391.71 12085.39 2 1123.72 545.38 9489.41 9267.30
395.28 10263.90 4 1527.49 9705.37 1451.52 9330.30 9097.35 3292.85 9171.12 3174.96
