47.19 1959.37 2 8019.14 4461.15 9942.16 4085.49
49.73 1686.65 2 3457.19 5887.42 3858.69 7525.59
50.47 1523.68 2 3684.96 2647.27 5140.56 3097.63
51.39 1069.71 2 1968.09 8800.54 1114.04 9444.64
60.54 2827.05 2 1278.52 8746.19 1728.89 5955.24
91.75 2987.40 2 1541.64 7129.25 4474.49 7697.51
97.58 4579.23 2 9417.69 4440.88 7855.93 136.20
107.28 3664.21 2 6147.77 7364.79 9771.51 6821.72
108.69 634.56 2 9437.01 5665.81 9834.05 5170.81
111.70 2684.84 2 5147.02 7151.55 3963.39 4741.71
121.17 5558.72 2 2631.22 1641.10 8119.89 761.40
127.31 6265.73 2 5162.70 3960.81 7109.67 9916.37
129.48 5073.88 2 3674.27 6522.07 3385.39 1456.42
129.54 2176.92 2 7288.99 5982.17 7476.99 3813.39
131.44 3771.82 4 8578.38 8632.23 6862.40 7556.52 7878.39 7403.06 8004.53 6695.18
134.63 3131.26 4 2409.24 5957.56 1328.45 4793.41 1470.84 4564.93 2742.41 4494.14
141.84 1792.13 2 5079.23 6313.79 6714.73 5581.08
144.28 6013.91 2 8786.50 3620.29 7524.21 9500.24
144.91 3045.70 2 1375.30 3768.42 364.29 895.42
148.02 6300.93 2 1234.06 5574.92 7511.79 5034.63
149.83 3791.40 2 5023.39 6610.70 8741.33 7353.41
151.75 3787.69 2 8039.05 5678.99 4255.85 5863.26
160.18 2908.82 2 2300.19 8889.64 162.77 6916.65
166.38 6218.98 2 8676.10 5550.89 3795.07 1697.16
167.07 6553.64 2 6207.90 8155.99 848.67 4383.88
167.86 5992.78 2 2469.38 417.03 3289.51 6353.42
169.40 5869.85 2 7191.87 5030.41 1448.26 6241.29
171.49 5274.68 2 5350.80 3616.32 659.57 6027.67
176.29 2814.69 2 3093.30 8663.55 5887.02 8320.58
176.97 4148.26 2 6595.31 4999.69 3918.97 8169.11
177.17 4858.58 2 609.21 9932.08 3145.02 5787.75
177.26 6663.05 2 727.76 4747.33 7142.17 6550.55
178.67 1933.55 2 9223.95 5914.81 7724.26 4694.34
179.87 7093.26 2 7735.54 7641.57 2428.96 2934.70
181.91 1495.64 2 5291.39 6821.28 6408.39 7815.89
184.91 6045.74 2 2616.53 4274.97 8258.52 2102.66
185.53 7276.58 2 6415.16 7422.61 4892.85 307.05
185.63 3681.49 2 2887.64 9172.69 2352.32 5530.33
188.75 7137.67 2 607.78 8467.95 6067.41 3870.25
190.96 3748.04 2 5103.35 473.65 4825.88 4211.40
195.19 9759.62 4 7604.93 9794.29 7304.47 9195.22 150.14 4745.85 534.71 5287.62
196.80 9140.20 4 2288.08 7597.22 471.49 6758.21 4787.22 2279.76 4292.37 3055.03
198.60 2130.02 2 3630.21 8438.93 5693.50 8967.92
199.48 2573.92 2 6069.33 7849.12 5279.54 5399.36
203.32 3665.96 2 6890.32 4359.12 9724.44 6684.42
203.84 9291.86 2 480.94 5541.08 9737.03 6355.58
208.45 6522.43 2 5144.92 1550.04 8867.25 6906.00
210.59 6029.57 2 6486.97 5923.93 1627.34 2354.66
213.59 5479.60 2 3859.40 4339.71 1146.14 9100.41
217.77 7888.65 2 2866.06 9050.03 8425.60 3453.40
219.81 8490.75 2 332.00 6088.81 7928.26 2295.44
221.23 7661.43 2 2174.43 7045.77 5524.71 155.70
225.75 5787.45 2 836.11 2954.72 3726.71 7968.60
228.08 2003.82 2 8350.08 3189.60 7795.02 1264.19
229.51 3375.68 2 8492.70 6310.60 5773.12 8310.37
229.88 4294.12 2 4298.97 5482.35 2942.01 1408.27
230.70 3635.03 2 233.74 5947.02 1265.04 9432.68
231.41 6570.74 2 1677.83 1211.27 8162.14 149.03
233.45 6272.62 2 8020.38 4808.46 3862.34 112.04
235.13 2256.33 2 8449.22 1415.36 8445.64 3671.69
238.50 4625.10 4 5342.96 5674.68 5580.30 5200.39 6218.30 1593.06 6352.79 1183.13
240.75 6337.39 2 9285.56 6498.76 6411.53 850.52
243.90 5895.20 2 3700.58 8155.80 9434.58 9524.97
251.09 4154.47 2 1392.00 728.40 4609.86 3356.14
252.05 6702.42 2 7510.75 8562.15 6415.15 1949.87
260.47 6623.44 2 5883.26 4375.35 745.33 195.45
260.92 4045.84 2 1409.13 9430.25 3342.67 5876.35
265.99 10599.44 2 2294.37 8477.70 8810.97 118.15
269.93 6896.71 2 4220.82 920.28 130.42 6473.05
270.86 4442.89 2 4492.79 8111.63 8816.41 9134.13
273.41 8770.41 2 5146.84 493.76 5780.74 9241.23
274.27 5213.43 2 3143.55 9573.37 4605.71 4569.18
275.84 7591.88 2 169.02 8353.01 4042.78 1823.79
277.52 5176.12 2 6021.23 7840.58 965.72 6729.74
280.18 7108.94 2 8077.63 5416.54 1005.72 6141.19
286.36 9718.16 2 5680.13 1032.03 9757.86 9853.31
294.41 11620.75 4 1722.50 2541.03 2526.33 2678.00 9167.90 9555.12 9045.59 8316.42
299.21 7860.51 2 5227.93 150.44 7730.06 7602.09
303.90 5995.24 2 2643.34 7314.11 2664.01 1318.90
305.09 8554.70 2 9161.40 2990.91 865.42 902.96
308.05 6802.46 2 7060.66 6709.64 1379.70 2967.98
311.20 9459.96 2 7901.05 348.69 1985.56 7730.95
320.34 8316.82 2 726.48 306.35 8028.51 4287.54
324.13 9406.28 2 8407.23 9931.18 2247.95 2821.93
347.73 7486.25 2 1360.12 8476.18 4700.03 1776.25
354.56 8127.97 2 8305.05 7103.07 180.62 7343.17
355.39 9569.66 2 1867.72 146.93 9777.78 5532.96
362.23 9311.60 4 8347.86 5514.26 8233.07 3466.11 2803.31 6085.52 2936.48 4861.07
377.63 9981.64 4 5922.21 9399.65 4100.09 9506.39 4357.42 1770.26 4593.58 2112.72
393.22 9960.79 2 633.69 3992.98 9253.41 8984.76
406.55 12327.62 4 1327.01 8811.80 58.44 9436.08 7640.01 3585.07 8973.22 3685.44
