37.30 264.97 2 5517.85 6598.38 5657.07 6823.84
47.30 565.22 2 2596.24 5699.03 2279.65 5230.80
49.01 1250.70 2 6134.43 3031.79 7178.10 2342.58
52.39 2119.37 2 8952.68 7033.00 7624.65 5381.31
55.28 2763.89 2 9574.17 3183.04 6821.01 3426.35
79.42 1871.12 2 4539.26 9378.90 6409.66 9430.74
85.29 3564.63 2 8320.84 6716.13 6722.46 3529.95
87.00 1749.76 2 818.09 5718.20 253.72 7374.44
100.76 2137.95 2 4799.66 8080.59 5925.31 6262.97
105.36 2267.82 2 3343.03 2504.09 1078.41 2383.59
110.34 5416.91 2 2613.61 7526.94 4527.18 2459.28
115.73 386.65 2 421.92 2194.06 36.97 2230.25
120.47 3723.53 2 2740.36 6801.73 4665.87 3614.72
120.66 5833.23 2 9830.22 3416.30 4597.99 5995.14
120.97 3848.33 2 518.63 9387.59 4325.48 9951.06
121.38 4368.94 2 5651.40 653.61 1282.46 650.49
128.18 4409.03 2 6929.86 5329.42 2529.21 5601.16
128.84 3241.90 2 9435.48 7757.49 6195.67 7640.99
132.20 1110.11 2 2302.74 6239.20 2390.19 7345.86
134.06 2502.76 2 675.44 7894.16 1936.15 5732.12
142.38 5819.13 2 4938.09 3629.99 2807.56 9045.08
147.32 4866.10 2 4200.62 4488.61 51.59 1946.08
152.19 1109.25 2 9411.62 9771.02 9976.95 8816.64
157.75 5087.48 2 1644.82 3108.06 6259.95 967.26
158.12 4206.09 2 2949.17 3814.55 958.30 7519.63
158.36 7518.04 4 4765.29 9014.45 3960.86 8699.16 6727.06 4131.63 5691.02 4940.11
161.43 2471.54 2 9525.88 3315.15 7400.81 2053.16
162.04 3401.80 2 3086.74 3429.00 3688.30 80.82
167.39 3969.28 2 4446.24 2431.52 7970.26 604.91
167.62 3281.22 2 6678.60 6947.82 9819.23 5997.62
170.47 2723.34 2 300.18 1151.89 2905.76 1944.03
171.23 4961.35 2 6261.85 657.90 6775.64 5592.58
174.31 4615.35 2 3281.94 1924.81 1026.90 5951.75
174.71 7935.50 2 8127.81 8274.67 3579.66 1771.87
176.97 7948.63 2 7679.66 6970.30 84.31 4626.93
183.26 5262.95 2 3839.20 7951.65 8799.38 6192.31
186.29 8314.36 2 9362.48 4445.78 2215.21 197.82
187.29 3064.49 2 3789.23 7874.14 1109.69 9361.14
187.45 7972.38 2 7069.68 2090.86 1960.87 8211.23
187.71 1985.34 2 4985.88 4642.67 3218.23 3738.79
188.99 8349.61 2 2811.34 9213.99 3578.21 899.67
189.18 5158.97 2 6373.64 2562.86 4210.07 7246.23
192.91 1545.29 2 6211.26 4261.02 4675.51 4089.53
192.92 9345.79 2 158.75 6918.45 6464.43 20.48
195.98 1799.19 2 4445.05 3515.75 5839.62 4652.53
199.37 8068.66 2 7822.53 1918.52 6779.79 9919.51
200.24 9412.22 2 7873.05 6490.97 775.23 309.48
201.59 2779.52 2 5086.14 7513.08 6450.72 5091.59
205.39 1669.58 2 2003.07 1966.46 3292.41 3027.16
207.23 5561.27 2 5864.40 6783.00 573.18 5071.08
207.53 776.48 2 4499.72 5584.47 3747.00 5775.08
208.61 6930.52 2 1275.36 9191.16 4419.18 3014.71
209.58 8079.23 2 7590.22 8838.02 2245.48 2779.33
209.89 2694.65 2 3059.99 8887.09 5713.70 9354.99
209.94 7397.13 2 3408.02 544.33 3335.88 7941.11
211.20 6559.77 2 3396.16 9375.85 7829.29 4540.77
215.66 7483.18 2 6253.49 5789.34 855.35 606.87
220.75 1637.61 2 7225.10 4614.01 7919.15 3130.75
221.45 7272.43 2 2331.12 5995.76 6597.24 106.07
224.99 4549.44 2 7948.98 1916.81 3781.96 3742.55
229.64 1782.07 2 1283.46 9433.54 96.81 8104.01
230.61 6330.43 2 3311.45 5784.11 9630.65 6161.03
231.58 6279.22 2 4186.95 1622.80 4543.02 7891.91
233.38 5568.78 2 3398.17 5545.05 1785.41 214.92
234.42 7221.21 2 3116.67 4358.48 9597.41 7543.74
235.57 3378.68 2 8426.03 5127.91 6436.54 7858.73
238.04 9202.24 2 9780.96 4238.20 744.40 2499.84
238.27 8513.47 2 333.44 3132.79 8476.92 650.28
246.49 3224.34 2 6553.09 4720.04 5126.47 7611.61
247.33 3566.39 2 9979.96 9984.05 7523.83 7398.21
247.97 4898.75 2 6945.10 7156.50 4947.92 2683.35
252.79 4439.49 2 8045.04 3170.20 3823.71 1795.66
254.28 7814.24 2 8351.75 8587.02 4220.61 1954.07
256.02 3601.02 2 1492.81 3975.05 2269.26 7491.37
259.17 6058.65 2 6160.28 1891.02 5354.68 7895.88
259.37 6568.66 2 3050.72 2401.50 8094.88 6609.09
262.91 5245.36 2 3741.07 5505.52 1343.30 840.28
262.91 8145.73 2 2003.72 9085.00 7852.64 3415.52
264.87 3943.61 2 4744.38 5158.25 7859.75 7576.21
266.35 8717.51 2 3111.88 8852.22 7754.96 1474.09
281.34 5767.13 2 2337.90 6453.55 3590.93 824.19
282.31 5415.51 2 8155.65 6835.39 2744.65 7056.43
285.92 7095.79 2 814.08 4706.67 6635.02 648.73
288.39 6719.26 2 2195.26 2030.00 8631.68 3959.00
292.41 4720.52 2 4033.69 7786.43 5376.04 3260.80
293.98 7599.23 2 8515.03 9683.84 8858.34 2092.38
294.87 8543.30 2 8428.81 9106.49 209.94 6774.52
295.43 8771.67 2 1978.25 1741.47 8853.82 7188.37
300.68 9333.88 2 1842.45 9898.78 3628.17 737.31
300.76 9137.82 2 5856.86 7655.33 439.05 296.86
315.96 6798.19 4 7831.28 4038.11 8342.99 3398.22 4057.58 5799.54 4191.47 6857.63
328.75 9437.65 2 3276.81 532.59 7956.12 8728.51
332.66 9033.19 2 4009.46 9211.85 5839.83 366.04
335.24 9961.87 2 5995.49 9769.82 2445.50 461.95
341.47 8573.68 2 9266.06 984.09 713.49 382.81
341.58 7578.98 2 1878.47 7701.31 6979.41 2095.85
357.94 11296.86 2 8783.88 653.78 1444.32 9241.55
381.75 10187.67 2 9123.83 85.34 2994.74 8223.09
