30.67 733.38 2 8859.09 1092.07 8162.82 861.74
41.15 1357.60 2 5743.61 9747.25 6104.18 8438.41
46.15 2307.27 2 1629.55 5599.90 3280.98 7211.19
68.22 911.18 2 8813.09 2419.57 8713.57 1513.84
78.01 3400.69 2 3731.42 4814.70 589.17 3514.32
79.70 1184.86 2 9897.26 9964.56 8909.96 9309.49
87.39 2869.27 2 2930.36 8107.28 1408.49 5674.87
90.32 2915.76 2 4683.25 5930.98 5730.84 8652.05
93.02 1950.93 2 389.18 4292.67 1937.56 5479.54
95.59 879.66 2 9414.04 947.55 9862.80 190.97
104.34 2016.78 2 3339.92 4455.16 4443.34 2767.00
110.52 2926.16 2 5299.40 4056.32 2730.08 5456.70
118.50 5525.11 2 3894.86 9339.60 9241.96 7948.41
120.32 4615.86 2 5041.80 7852.08 5617.74 3272.29
121.28 2663.82 2 3642.22 3970.66 2059.90 1827.72
125.75 2587.40 2 7306.20 6660.82 6000.88 8894.83
127.58 6078.77 2 7170.77 2403.70 1362.50 4196.85
128.34 4016.88 2 7836.72 7283.72 4378.50 5240.18
129.43 4271.62 2 3517.95 5614.80 6107.74 2217.79
132.38 5519.07 2 5695.12 1996.10 328.28 708.80
135.64 4682.21 2 7253.53 707.23 2578.17 454.04
140.27 1513.33 2 9573.93 6220.41 9698.35 7728.61
145.39 5469.31 2 7659.91 4134.20 7327.02 9593.36
147.08 3854.14 2 8246.52 5940.67 5408.42 3333.06
149.05 5152.26 2 1831.76 4682.72 2967.70 9708.20
155.83 7191.34 2 5624.58 6980.15 9487.91 914.67
158.64 7732.17 2 9453.20 8168.27 1827.68 6888.47
161.56 5178.04 2 5033.80 5471.62 9676.73 3179.19
163.94 3796.96 2 6.50 826.93 1352.33 4377.37
168.17 2308.72 2 9598.44 3591.74 7599.65 2436.31
168.61 6530.40 2 7930.32 5146.70 1412.51 4741.35
174.57 2028.35 2 2416.36 4789.82 2670.56 6802.18
175.59 8679.67 2 7875.47 50.57 889.59 5201.71
177.12 7656.15 2 4301.88 3139.10 147.06 9569.81
177.71 3985.43 2 6546.76 6863.94 2596.30 6337.17
179.96 5698.05 2 501.21 3601.06 6198.75 3524.39
180.34 4516.77 4 3137.47 7938.86 4923.13 7649.85 5658.90 8719.23 7041.84 8445.25
184.16 2807.90 2 5776.09 6441.25 3977.83 4284.73
185.32 3065.76 2 3738.00 5670.82 1465.08 3613.46
185.56 7278.12 2 8047.73 8109.37 826.42 9016.97
187.94 6397.13 2 2278.52 9211.37 7977.94 6306.22
188.46 1523.20 2 7643.05 5410.14 9135.24 5104.37
199.27 1263.27 2 6710.36 8823.05 7973.40 8847.44
201.43 2471.51 2 7892.77 3077.15 8560.11 697.44
201.90 8394.85 2 4121.25 1315.05 2570.91 9565.50
202.45 6522.45 2 7656.60 1071.40 4933.85 6998.37
202.58 4929.13 2 4636.96 5507.45 9307.50 7082.97
206.97 1348.56 2 10.97 4449.18 908.34 3442.52
209.98 9599.24 2 1859.30 808.71 8801.12 7438.68
210.18 9508.93 2 2274.13 8169.40 7939.45 532.40
213.99 3899.60 2 7166.56 9564.17 6622.12 5702.76
215.11 6955.75 2 997.30 833.35 1001.17 7789.09
215.61 6580.51 2 7170.87 3709.49 2338.08 8175.73
216.53 4926.51 2 5427.61 6268.61 9098.57 9554.12
217.02 9550.94 2 2564.26 7006.61 9879.74 866.24
219.69 6884.43 2 539.83 7026.97 1681.90 237.93
221.41 7970.63 2 8498.10 4058.92 1379.00 474.33
221.59 5779.59 2 5898.87 3661.57 280.50 2306.00
225.14 7257.22 2 3285.34 2949.32 9424.29 6819.77
231.79 4589.62 2 2250.28 27.79 4907.77 3769.77
241.23 7461.30 2 595.21 1579.09 4176.81 8124.56
244.49 4824.38 2 1057.68 5372.39 1837.70 611.48
246.70 5235.16 2 8480.66 1571.76 3280.92 2179.66
250.39 2819.42 2 815.53 5885.41 3129.47 7496.25
252.64 6832.23 2 5064.82 6987.30 7603.17 644.09
253.99 6699.56 2 9904.86 3368.11 6153.74 8919.07
255.36 3267.93 2 6863.95 5655.43 4337.35 7728.03
255.90 7994.97 2 7194.74 1830.93 8785.08 9666.12
257.86 8192.88 2 9189.73 789.40 1109.94 2145.99
257.98 3699.18 2 4314.49 9574.35 989.75 7952.62
261.02 7350.83 2 3482.10 9376.88 8782.87 4284.08
264.70 3635.01 2 5031.33 2114.36 3714.28 5502.38
269.38 4569.05 2 4619.44 4633.67 246.64 5958.38
270.03 8101.57 2 7509.96 657.63 97.23 3926.70
271.30 3764.99 2 6902.67 4704.45 7039.78 941.96
271.76 4787.82 2 1414.65 3700.44 5206.61 777.38
273.49 7074.50 2 7171.29 4775.01 440.89 6954.52
276.73 5336.46 2 877.27 5934.19 5935.97 4234.98
279.00 7049.98 2 2889.76 5810.53 9631.80 3749.69
280.92 5745.86 2 4565.39 7542.37 9960.22 5564.84
285.28 9963.87 2 9321.68 6986.33 831.58 1771.26
290.13 8906.38 2 122.05 6900.29 5789.78 30.04
290.87 6743.45 2 4217.55 6767.67 3561.69 56.19
296.55 9827.72 2 6176.35 319.91 2825.20 9558.62
307.84 7191.85 2 2815.90 6783.38 9576.88 9235.30
308.47 7023.74 4 9820.22 4511.48 7856.76 5222.54 8572.10 8607.04 9098.61 7227.89
309.82 8991.16 2 9140.07 8242.48 587.90 5467.35
310.49 8324.48 2 6328.83 8284.42 728.79 2125.17
312.53 7526.32 2 3925.82 2199.44 1360.81 9275.18
313.89 6594.44 2 1621.03 7136.94 5507.31 1809.33
330.68 9233.91 4 3794.83 2551.04 2429.76 1514.67 8988.44 1836.45 9028.53 883.86
331.70 10284.87 2 706.62 593.25 9637.54 5693.94
333.86 8093.21 2 1674.87 464.26 9532.51 2402.69
339.95 9497.66 2 1867.70 9470.25 7024.56 1494.52
351.64 8282.10 2 7255.57 1709.17 3525.72 9103.86
375.93 11096.26 2 7372.29 319.48 398.34 8950.30
412.88 10743.96 2 5560.13 444.57 503.44 9924.15
