38.09 1904.25 2 3733.22 9369.28 5231.21 8193.61
68.43 2821.56 2 5419.67 965.87 8144.94 235.06
80.38 3619.10 2 5045.11 1078.01 1443.56 722.07
80.83 1341.40 2 7757.40 8068.03 9054.10 7724.63
83.54 3976.89 2 1064.27 6404.69 4536.54 8343.49
89.10 3554.88 2 3575.14 4030.01 6978.19 3002.15
90.55 4427.62 2 2190.71 3511.34 4079.98 7515.66
91.98 2398.76 2 4631.80 6971.31 3881.78 9249.80
96.68 3834.17 2 3877.47 2084.48 4285.24 5896.91
98.63 3131.53 2 7490.52 2413.79 9840.00 343.42
99.51 3275.63 2 7242.79 7156.08 9223.11 4546.86
100.20 3810.00 2 315.18 3196.32 310.40 7006.32
100.52 2526.17 2 2902.87 3314.16 1096.75 1547.96
108.62 1330.81 2 599.94 7880.87 1127.53 6659.11
112.74 4536.89 2 4784.39 6148.03 418.75 4913.33
113.23 2361.33 2 6348.32 1063.28 4736.58 2789.02
125.41 4870.56 2 6885.91 6202.32 3510.55 9713.62
132.18 4008.81 2 8373.74 1991.23 4862.47 56.92
144.88 3544.00 2 5704.21 6646.41 4461.02 9965.20
148.30 3214.81 2 5855.73 88.57 8803.85 1370.62
148.60 6729.94 2 310.97 1210.76 1857.14 7760.68
151.74 5486.90 2 7808.35 9355.38 4444.30 5020.73
154.64 6431.94 4 8611.75 3837.55 9058.75 4748.72 5390.17 980.07 5437.35 829.65
158.95 6447.38 2 4903.08 273.28 386.72 4874.48
161.13 4156.40 2 1855.10 4132.56 5596.67 2322.48
161.50 875.24 2 2456.34 4843.43 2707.40 5681.89
165.14 2656.92 2 6414.00 3695.21 3932.67 4645.07
165.97 1498.60 2 6871.03 3614.87 5427.76 3211.42
169.53 7976.72 2 9501.11 2418.33 4061.20 8252.32
171.01 5450.71 2 9466.72 5627.71 4380.97 3666.76
172.29 5814.53 2 438.75 1826.78 3400.70 6830.33
172.86 2642.95 2 9234.54 6052.05 6610.09 5739.88
173.40 1969.99 2 8905.50 1392.78 7699.09 2950.15
174.69 2434.63 2 2712.51 2889.47 5135.18 3130.52
176.10 4304.83 2 6333.97 5414.03 8038.70 1461.12
181.86 6192.96 2 8455.38 2287.33 4446.66 7007.80
187.96 3498.06 2 3860.94 8711.59 6884.52 6952.50
193.47 5673.63 2 1473.87 1332.15 7014.74 111.94
193.74 686.75 2 1735.43 2203.42 1073.87 2387.71
194.35 7817.42 2 3098.14 7771.64 8546.42 2165.55
195.13 8956.66 2 713.36 2534.34 9510.13 4219.18
197.93 6096.40 2 3733.17 2630.07 668.19 7899.98
201.10 7654.88 2 4910.99 9022.62 2933.89 1627.46
201.39 4969.31 2 3907.76 6064.37 8669.35 7486.09
206.02 2000.80 2 6243.60 2771.74 4298.03 2304.88
206.20 8010.04 4 6537.02 487.15 6989.21 205.38 5856.61 6982.17 5251.75 6938.12
206.52 6926.17 4 5572.82 4222.55 4747.60 4787.34 651.75 2627.76 990.47 3878.58
208.64 5131.85 2 6460.41 7554.30 1572.85 5989.79
209.31 4365.26 4 4693.28 909.88 5374.09 1463.40 4896.76 3424.10 6059.84 2525.36
213.40 1370.17 2 4425.28 7391.64 3844.76 6150.53
213.96 4498.01 2 5169.98 6313.66 2515.93 2682.12
214.66 3632.85 2 8303.89 1830.78 6474.77 4969.56
219.59 8979.28 2 4106.07 102.94 1283.84 8627.17
221.16 1158.11 2 4051.02 2487.66 2906.79 2308.95
222.03 10801.48 2 8952.34 1883.31 5.96 7935.94
222.49 6824.64 2 9207.32 8605.86 8012.25 1886.67
223.00 4649.91 2 3063.48 8257.35 5176.72 4115.39
226.84 7842.23 2 9486.62 3576.43 4013.27 9192.74
236.85 5242.52 2 2639.10 4238.48 6591.11 7683.14
238.41 3520.37 2 6183.12 5706.17 2667.36 5526.16
238.66 4133.03 2 5952.72 4763.68 3868.85 1194.45
239.61 2280.37 2 3729.61 7034.56 6009.54 6989.29
240.35 6317.53 2 8068.11 9171.11 3034.97 5352.91
241.73 7286.60 2 7534.14 8397.71 3617.23 2253.42
242.43 7421.73 2 5133.85 9873.62 5661.57 2470.68
246.76 6538.18 2 3270.88 3081.42 9484.96 5114.40
247.49 7174.60 2 1273.26 6148.96 7904.68 8887.44
251.87 3493.34 2 3084.94 5796.38 5997.16 3867.03
257.82 4891.19 4 8471.75 2773.56 8407.68 1517.03 5484.91 2684.14 5537.10 3167.18
258.78 6539.20 2 9058.11 9072.18 5660.15 3485.13
259.25 7562.39 2 2876.28 7730.99 4327.42 309.14
259.48 3573.90 2 3801.63 5412.65 2717.23 8818.06
259.86 3393.08 2 4990.32 6156.38 8382.19 6065.54
260.48 10023.81 2 9116.55 1015.38 1392.05 7403.56
263.39 8569.40 2 1269.56 5098.68 8611.85 679.94
263.70 8284.99 2 2624.68 596.73 4318.71 8706.69
275.51 8275.47 2 663.34 848.43 8916.50 1455.64
281.93 9096.66 2 7806.32 276.65 6716.56 9307.80
283.73 4686.30 2 4915.20 7895.88 5239.35 3220.80
284.26 10612.78 2 9066.16 8755.33 1210.11 1619.95
287.41 5670.57 2 6162.97 9544.73 911.78 7404.56
294.79 7139.44 2 9908.54 5835.84 2770.92 5674.54
295.44 5971.79 4 9786.72 2697.29 8453.82 2209.73 4862.57 956.84 4595.07 1656.43
296.39 6919.45 2 1811.05 3613.35 8013.00 545.02
296.72 5036.10 2 3776.64 7880.70 2071.31 3142.12
307.47 7273.72 2 7838.71 9257.48 6867.24 2048.93
309.20 6260.02 2 2133.88 1003.67 819.97 7124.25
310.01 8100.33 2 9665.14 8131.15 9838.68 32.67
313.50 8774.89 4 7980.31 5817.49 8761.46 6385.95 1734.16 7245.93 2057.34 7899.45
326.15 8807.54 2 1889.28 9341.22 9278.06 4547.61
342.81 8540.57 2 2198.72 8057.10 8251.19 2031.41
345.67 9583.47 2 1991.90 509.93 4277.07 9816.97
346.14 9107.07 2 8913.12 5665.67 98.56 3376.06
