73.24 1462.04 2 1170.22 7801.97 869.60 6371.18
77.74 2387.18 2 3950.88 7218.30 2377.13 5423.32
88.37 3518.31 2 9588.07 7031.38 8049.56 3867.29
90.55 1927.31 2 9023.81 9031.83 9264.16 7119.56
97.89 3694.74 2 5627.23 5618.99 2635.40 7786.96
111.69 2384.48 2 6405.99 5793.05 6965.19 3475.07
115.48 5774.21 4 2495.25 3691.54 5871.01 4417.17 5013.25 5554.49 4136.56 5743.44
120.90 1145.11 2 3090.30 4961.47 2440.12 4018.85
121.48 3074.18 2 6468.68 2235.45 7743.45 5032.87
122.51 725.38 2 6602.95 6374.01 6547.46 7097.27
134.21 5610.40 4 5635.53 8146.05 6511.73 7412.47 8893.70 9569.91 7640.02 9592.74
136.76 3037.81 2 5326.80 7462.64 2410.87 6610.81
146.08 1004.08 2 9379.18 8962.73 8375.30 8942.44
151.42 7470.99 2 4560.81 670.59 7010.09 7728.69
152.83 5341.40 2 306.91 3828.62 5619.21 3271.79
152.93 6346.65 2 1897.12 8524.57 8143.98 7403.54
161.05 4452.49 2 3924.70 7258.03 56.38 9462.73
163.62 6280.79 2 4436.00 1875.08 9460.90 5643.21
164.85 5842.60 2 2297.41 343.38 5310.53 5349.08
164.89 5544.52 2 5505.81 5491.33 9435.03 1579.43
170.72 1436.02 2 3089.17 798.45 3257.04 2224.62
171.39 4369.46 2 1277.80 2721.22 4953.38 5083.91
171.42 7870.97 4 2460.92 7258.82 904.04 3675.04 4082.10 3520.49 3466.79 4002.79
172.69 5334.36 2 6593.53 3259.77 8055.29 8389.93
177.08 7854.11 4 8396.81 6555.12 9566.16 9156.32 6565.49 7084.35 7070.34 5826.21
178.33 4616.74 4 487.04 326.65 141.29 906.24 3277.79 517.49 2938.81 1221.50
180.96 3048.08 2 7716.00 2469.03 5422.41 4476.58
181.76 8888.00 4 3297.63 2840.39 3198.40 4802.58 8543.16 2921.10 8087.88 4092.79
185.55 5777.75 2 2606.40 8187.01 2012.27 2439.89
186.87 6443.43 4 4286.10 2198.40 581.33 1608.28 1638.92 174.52 2123.45 945.20
188.18 9008.89 4 5993.93 5053.32 4139.31 3463.79 5076.78 8994.61 5081.44 9951.20
190.30 3614.86 2 7383.31 5896.27 7286.98 2282.69
197.79 6789.44 2 9869.27 3753.35 4205.27 9.61
198.39 3719.33 2 6327.56 8313.91 8415.43 5235.88
204.52 5426.08 2 2576.33 4410.28 7582.76 2317.93
218.87 4443.37 2 6118.94 9737.74 5501.13 5337.53
220.90 6344.81 2 9252.16 4507.45 5190.53 9381.85
221.20 3260.20 2 5034.81 7524.02 1857.00 6795.76
221.57 6478.65 2 255.75 9163.65 6715.23 9661.76
224.70 7534.80 4 9945.67 2705.46 7550.53 5174.84 4257.07 5497.51 5026.14 5338.00
224.82 4040.99 2 8249.03 1054.39 8127.08 5093.55
226.36 11018.21 4 5418.11 722.49 8442.41 3432.61 3555.40 7993.22 3399.36 7769.44
230.39 5819.37 2 7479.89 5778.23 1660.52 5774.13
231.81 8790.39 4 7583.52 5778.40 9676.12 8008.04 4269.23 8524.27 4224.22 8821.98
232.99 6549.63 2 6043.83 1046.35 1073.13 5311.29
233.16 3657.96 2 4821.74 5946.33 6434.08 2662.88
234.18 2309.03 2 92.45 6085.20 2022.74 7352.33
236.64 5131.83 2 999.20 1965.53 2388.18 6905.81
239.44 11471.87 2 9093.23 9069.35 738.37 1208.04
244.45 6122.38 2 4187.38 4682.60 8525.84 362.74
246.11 5305.60 2 5097.99 8774.58 4719.24 3482.51
246.94 6746.87 4 6562.16 1963.19 4477.16 85.23 3533.73 3002.32 3848.29 3818.79
248.89 10344.46 4 7567.93 7566.15 8465.14 5889.53 3836.23 152.65 4891.19 339.67
249.46 6672.87 2 630.53 1814.41 5647.17 6214.48
257.67 10383.55 2 9952.46 4383.41 7.17 1398.55
258.61 4230.75 2 9830.98 3231.39 7203.01 6546.95
258.74 5636.97 2 564.80 4377.14 4490.76 8422.16
268.86 4342.81 2 2322.23 8646.01 745.68 4599.47
271.34 3967.22 2 7025.48 1774.77 4848.68 5091.45
278.55 6227.28 2 9909.72 3195.90 4378.53 334.96
279.47 8673.42 2 1092.11 9590.57 3501.53 1258.53
280.78 7438.76 2 2867.70 6691.21 6524.76 213.47
282.58 8928.90 2 9463.15 3779.63 676.84 2190.35
283.65 7382.29 4 5684.74 2045.29 8127.95 5586.83 6234.85 6840.84 6067.75 7632.39
285.67 8783.62 2 3584.62 677.64 865.87 9029.91
291.16 5958.06 2 2971.71 8108.75 8235.99 5318.44
301.12 5355.87 2 4283.26 2486.24 6256.05 7465.54
301.48 6073.90 2 1122.17 7358.13 4763.23 2496.56
305.03 5351.61 2 7774.26 5780.84 2442.10 6236.68
316.22 7911.16 4 129.39 4176.46 947.45 7451.01 3780.71 4888.03 3163.55 4526.08
316.40 8419.82 4 4932.93 5929.16 5761.88 4142.07 9875.38 7822.35 9480.25 6980.14
324.72 9836.01 2 7811.00 8314.48 166.95 2124.52
332.48 7423.93 2 2868.49 4204.60 9931.87 6490.09
334.72 12235.82 4 3154.84 7874.62 5724.55 8202.81 7685.66 129.96 6362.27 324.33
346.23 8811.30 4 7655.17 3554.44 8999.49 3768.22 7191.76 9725.62 6881.51 8541.10
347.04 9251.91 4 5970.99 6623.90 7506.49 4653.35 1749.67 3236.29 1893.43 4048.75
353.80 8790.14 2 5206.26 9482.79 7618.98 1030.26
365.81 8790.31 2 9924.89 8594.81 2233.39 4339.18
378.16 10108.25 2 9481.41 5734.45 485.31 1125.02
384.05 9902.68 2 602.85 4137.08 8656.59 9899.05
384.05 11602.72 2 8745.72 590.76 1560.85 9701.23
