38.95 1347.62 2 287.78 5334.67 497.17 4003.42
51.55 1477.51 2 3789.18 5151.02 4178.56 3725.74
54.75 2337.36 2 1543.38 1931.55 2107.78 4199.75
81.52 1876.01 2 1536.99 8521.14 1435.77 6647.86
84.33 1416.53 2 3098.56 973.97 2145.55 2021.98
85.59 3479.69 2 9886.46 3712.28 6415.43 3466.79
86.29 2414.54 2 4821.11 2419.54 6770.07 994.22
91.21 3660.35 2 2840.56 5486.25 4116.56 8916.99
97.59 1579.72 2 5681.39 9617.74 4127.77 9903.70
98.91 1945.27 2 594.39 299.09 794.68 2234.02
100.45 2322.67 4 4014.62 4582.48 4133.12 3874.86 5204.28 4783.10 5119.85 4965.31
101.30 4365.18 2 4434.45 8843.08 7602.35 5839.88
113.02 4450.98 2 8683.97 3376.26 4914.23 1009.76
113.50 1974.89 2 556.87 1659.34 2498.12 1296.39
115.25 5462.69 2 5539.76 6732.30 9436.40 2903.83
117.37 1568.66 2 4025.47 434.45 5422.65 1147.58
124.85 1042.26 2 9430.22 8375.98 8714.88 9134.00
127.01 1850.60 2 7713.24 4859.14 6142.11 5837.03
128.26 6313.06 2 4786.33 5240.05 120.32 9492.46
130.79 5539.40 2 2602.12 4808.06 5642.99 9438.19
133.95 4897.27 2 7584.22 2139.28 7705.30 7035.06
144.25 612.69 2 22.26 3118.19 385.52 3611.58
146.67 2333.69 2 5442.20 3928.86 7241.87 2443.16
146.81 2440.70 2 7992.45 2595.22 5553.21 2510.62
147.93 4796.53 2 5861.49 5505.61 2087.81 8466.36
149.84 3091.81 2 1796.93 5791.15 4877.97 5533.25
150.59 7529.50 2 9932.61 7587.45 5363.03 1603.12
152.68 3034.14 2 3816.17 1937.01 828.98 1405.35
157.21 7360.29 2 177.43 5157.65 7271.52 7119.21
166.02 1301.25 2 8093.24 3536.87 9104.25 2717.66
169.21 4960.74 2 1946.51 997.76 6056.35 3775.92
169.70 5585.21 2 7935.54 2820.98 5261.52 7724.47
171.35 3167.29 2 8121.73 9200.87 7879.86 6042.83
172.00 6200.08 2 237.75 578.03 3421.02 5898.54
175.96 6697.87 2 8396.49 1077.31 2831.71 4804.87
179.40 5770.22 2 4917.19 9736.58 2779.80 4376.83
182.13 6806.27 2 1384.96 3749.49 8180.65 3370.15
184.70 7834.83 2 7956.05 8210.27 2072.28 3036.70
188.50 2924.84 2 1565.72 6361.81 4449.34 5872.46
191.15 2357.50 2 9767.17 5996.44 7905.59 4549.94
192.07 4503.43 2 4614.89 4620.24 3002.03 415.52
196.83 5841.34 2 788.13 3689.63 5638.62 434.80
200.55 8327.37 2 1347.03 5292.56 9613.25 4285.22
201.39 4069.62 2 7262.81 4092.07 5522.12 7770.63
202.52 7625.81 2 313.51 9935.28 7199.21 6658.08
204.31 2015.30 2 5338.15 4060.46 3322.87 4070.04
215.06 6952.88 2 8966.40 2869.70 3722.80 7435.58
215.87 9493.31 6 4249.87 3543.23 4388.96 5885.71 4951.29 5572.10 454.34 6688.35 1465.50 7197.59 1082.65 7827.65
219.04 5452.02 2 2485.36 5737.53 64.01 852.70
225.41 6570.32 4 3909.08 3229.59 3783.65 6577.78 5516.55 8120.18 5992.47 8883.91
226.25 1512.31 2 5646.45 4071.57 7013.30 3424.43
227.75 3087.63 2 946.21 3221.19 3961.65 3884.97
228.03 4501.66 2 4587.71 2126.80 217.81 1045.66
228.46 5723.09 4 5678.61 7443.57 8042.37 6156.39 8308.19 8145.83 7336.38 8469.99
230.43 7921.55 2 1452.72 1552.03 7779.89 6318.36
235.41 4370.56 2 2655.25 6182.37 5806.24 9211.07
238.67 3333.67 2 6355.78 5838.78 5188.25 2716.24
240.01 7200.33 2 8577.77 3027.46 1552.93 1447.48
241.20 2460.10 2 8101.54 3341.88 5919.18 4477.39
243.48 5873.89 2 8578.65 8548.95 6334.88 3120.50
246.60 4830.12 2 5252.63 37.10 9425.68 2469.32
249.06 2553.23 2 9401.23 2288.12 9856.38 4800.45
267.06 8052.77 2 315.66 1525.00 6790.40 6312.98
268.71 10335.28 2 1573.88 3072.13 9368.38 9859.16
273.14 13457.23 4 7145.36 1565.93 9261.28 894.05 17.78 6383.19 488.15 6258.17
274.78 4439.18 2 8849.67 4423.50 5737.34 7588.90
277.55 7077.73 2 9027.35 4532.35 2959.12 8175.28
277.65 4682.58 2 9902.30 369.72 5278.05 1106.48
278.16 7708.16 2 932.36 7556.18 5156.69 1108.64
281.35 6967.65 2 4738.01 9463.66 1524.66 3281.22
282.02 4400.91 2 2274.50 2332.94 6619.79 3030.38
299.61 6280.47 2 2523.26 693.36 121.17 6496.31
300.60 8930.02 2 2894.66 9688.22 2204.44 784.92
312.51 7125.55 4 4000.06 5994.47 4559.95 4685.35 8768.14 3785.71 7534.94 4445.16
315.15 9357.39 2 9487.77 3418.06 859.24 7038.71
316.62 7931.00 4 7590.78 4509.20 5741.22 3099.42 2337.43 653.68 1972.71 2019.89
319.27 11763.48 2 8620.57 8825.62 119.72 694.50
323.84 8491.86 2 2889.31 1858.22 6300.74 9634.72
336.30 7814.84 2 9496.84 7652.19 2219.24 4804.71
341.85 13192.65 4 4516.08 8480.07 2623.95 9230.28 9534.54 1844.52 8508.41 1660.02
342.49 9324.67 4 708.08 8334.56 2414.36 6854.45 169.21 1678.30 362.06 267.62
343.21 9160.32 2 6459.04 454.73 4889.10 9479.52
348.42 9020.81 2 2886.20 614.33 4408.12 9505.83
349.07 11853.41 4 2636.94 9306.79 13.64 7448.40 7879.56 8733.58 7923.85 8066.72
374.68 9233.80 2 9219.14 2680.50 2937.25 9448.13
376.38 10018.81 2 4052.88 1065.24 9882.28 9213.53
410.03 13201.46 4 2677.29 2224.84 1065.43 2287.59 8578.51 9373.59 7477.94 9988.79
411.26 11163.10 2 8321.47 9927.00 2780.32 236.26
