67.83 3291.51 2 2699.24 6924.61 4263.56 4028.60
70.60 2930.06 2 829.06 3158.31 2424.23 700.53
71.01 350.37 2 6594.65 785.96 6533.81 440.91
91.80 3090.04 2 8767.27 6629.25 6922.49 4150.31
94.02 1600.89 2 1498.68 9065.04 55.78 9758.51
102.19 1509.51 2 3128.89 1214.99 4589.90 835.40
111.97 1198.57 2 5532.34 2325.56 5861.95 1173.20
115.42 1671.22 2 3625.90 4368.01 5294.74 4278.94
118.58 829.05 2 6280.50 7732.53 5908.97 8473.67
138.01 800.31 2 4058.69 8051.98 3472.20 8596.52
147.00 3149.92 2 4831.93 7991.47 4334.69 4881.04
154.98 7748.85 2 9828.26 4159.28 2087.16 3812.68
155.52 7576.01 2 1710.71 6503.28 8551.73 9758.50
160.25 5312.40 4 8191.39 2273.31 7868.10 3914.34 6690.82 6579.26 7371.99 6831.70
166.14 7907.21 4 8286.71 834.60 7027.83 2740.30 8300.50 7112.20 9269.40 7565.95
168.82 1941.06 2 1777.89 8730.92 3595.87 8050.72
173.12 2855.91 2 9015.29 9270.78 6190.55 8849.98
178.29 7214.75 2 8798.10 7387.30 1593.60 7771.76
187.95 8597.38 4 9620.90 8127.00 9966.90 6069.52 4064.45 8305.28 4171.39 8473.46
188.18 2409.04 2 2875.08 1172.63 559.27 508.94
188.78 5639.25 4 8317.13 4571.54 6778.70 1022.58 7577.73 1108.82 6869.74 449.39
188.96 7047.77 2 2789.93 1373.99 9729.22 2605.77
189.68 9183.80 4 2708.45 3413.91 1511.02 4062.35 7218.67 8345.39 7804.59 7988.38
190.29 8814.26 4 1125.06 9437.28 1096.29 7289.09 6112.47 9113.12 4920.27 8527.34
190.76 2038.02 2 6501.07 4140.89 7089.20 6092.20
200.47 7523.63 2 1449.51 4044.05 7909.74 187.82
204.63 8431.65 2 1093.70 1158.09 5617.57 8273.37
204.88 6944.22 4 5348.75 9016.74 3623.80 4524.75 2199.63 3599.47 1767.06 3635.44
209.06 5052.85 2 2161.79 960.37 145.57 5593.53
210.76 8338.20 2 5484.02 8502.78 3260.99 466.38
211.61 8680.56 2 971.37 555.17 9645.10 210.61
215.22 8660.86 2 9104.88 420.39 1704.04 4919.05
222.50 8824.78 2 2708.32 2896.92 9023.09 9061.37
224.15 3207.42 2 2425.81 2628.05 147.56 4885.73
224.86 7242.80 2 4732.52 2504.21 5069.04 9739.19
225.14 6256.89 4 5930.09 8084.09 4881.77 9261.29 8081.33 6880.74 8093.85 6188.29
225.74 8486.85 2 9794.49 8819.86 4107.07 2520.66
226.85 6542.68 2 9115.92 2803.88 6881.16 8953.07
230.75 8137.66 4 4724.08 6716.93 6880.59 6041.12 2256.31 7482.38 1593.22 8275.86
231.37 8568.40 2 627.68 7256.19 6652.84 1163.98
233.53 5976.29 2 7352.24 3982.17 2409.58 622.69
233.63 2981.27 2 3828.09 5105.21 5013.74 7840.57
234.36 3818.13 2 509.39 8303.42 3148.81 5544.51
237.55 8177.46 2 377.59 7965.34 4324.20 803.28
237.58 3678.91 2 3683.28 9977.87 43.83 9440.50
241.40 5269.96 4 8223.57 9060.11 8525.90 6287.16 8620.93 4980.18 8875.84 3838.13
241.44 11572.09 4 309.38 7861.76 2566.69 5024.25 9568.54 3389.62 8909.51 3760.24
243.43 5471.63 4 6125.32 5591.50 8089.61 5635.65 9314.48 8193.81 9546.56 7564.68
243.77 6588.43 2 698.64 4034.32 6489.32 7176.84
244.37 3718.60 2 4909.42 2987.82 2097.51 5421.16
246.72 4936.10 2 2766.53 619.78 7015.63 3131.80
248.86 8543.02 2 7425.88 8805.78 54.44 4487.78
250.60 2929.99 2 7131.85 8248.15 4926.13 6319.50
251.69 11284.29 4 3168.24 3499.38 5388.18 6999.78 8373.93 1691.41 8480.49 647.98
252.00 5500.18 2 44.66 3895.10 5399.13 5152.74
252.61 7930.74 4 4852.77 2220.48 6227.48 3180.40 4228.25 8287.53 3914.25 8990.11
263.34 10267.02 2 6174.24 9939.52 430.00 1429.80
264.61 5130.72 2 5297.68 236.01 8487.62 4254.53
265.03 3351.45 2 7716.87 4728.22 7001.57 1453.99
265.62 11881.17 4 3096.15 8649.14 756.39 4992.16 7571.22 3867.90 7856.75 3303.19
267.63 8881.73 2 2053.02 9506.80 5918.70 1510.45
267.64 4181.98 2 6724.87 9802.96 3455.26 7195.54
285.59 9079.57 2 9889.63 5394.99 906.04 6711.73
295.64 8482.14 2 1327.54 3597.45 9808.17 3757.17
295.65 5982.52 4 4444.12 3444.74 3697.94 560.86 2236.96 131.48 1885.30 1570.01
301.83 5791.38 2 1220.85 9833.86 6223.62 6916.27
302.78 7939.14 2 9923.02 9676.59 2408.47 7115.04
306.59 8429.60 2 969.01 8401.43 9147.68 6359.99
308.93 9446.35 4 7532.77 4355.93 9236.92 7462.10 4133.50 9825.64 3857.60 9868.75
309.20 8860.24 2 9941.70 9137.08 3872.10 2682.32
315.54 7476.96 2 477.65 9211.32 7950.75 8971.06
322.70 7235.07 2 6934.68 9620.56 3607.28 3196.03
356.91 10045.42 4 7968.02 2846.28 4681.15 918.71 4674.79 6106.01 4377.14 5101.45
358.05 10202.75 4 5652.32 8491.20 7747.99 5419.39 2449.76 3729.63 1799.50 3074.57
359.42 12671.11 4 1651.72 7553.42 383.02 3576.76 7975.97 608.28 8238.03 384.85
372.84 10242.04 4 1182.68 6231.84 4278.21 6037.07 9276.10 3277.72 8378.59 2162.69
385.67 9583.46 2 417.15 2748.48 9774.16 677.45
443.28 12763.80 4 8772.41 6351.03 7486.58 8217.18 877.93 245.13 1018.29 220.66
