36.12 1706.03 2 5296.12 9363.17 5138.66 7664.42
47.57 978.47 2 1423.59 2265.74 1253.44 1302.18
65.63 1981.53 2 287.60 8145.74 2223.58 8568.15
76.24 2611.82 2 5976.49 7635.90 3420.45 7098.95
78.39 3119.25 2 6134.28 8314.16 5256.53 5320.96
79.84 1391.81 2 7077.56 3664.63 5893.81 4396.66
104.40 4720.14 2 8233.15 128.98 5181.71 3730.14
104.68 3033.95 2 5006.34 7285.54 2418.23 5702.35
105.51 875.69 2 1346.08 996.03 528.52 682.29
109.57 4878.27 2 4848.99 3403.13 9107.88 1024.18
117.64 5581.76 2 8724.43 8268.22 6849.67 3010.72
120.21 3710.32 2 991.06 5781.34 139.84 2169.98
123.57 5278.29 2 5511.13 7563.07 1139.67 4604.91
125.10 6254.83 2 4195.14 9121.05 3559.84 2898.56
125.70 884.76 2 6750.25 6600.79 6853.74 5722.10
127.89 5994.74 2 6854.44 6883.47 958.33 5800.47
134.69 2634.51 2 6438.31 4002.36 4758.26 6031.65
140.64 5031.86 2 1847.82 3515.34 907.79 8458.62
146.01 3100.27 2 4044.44 4845.33 2788.91 7680.00
148.74 1136.93 2 4609.09 8633.69 5680.49 9014.10
149.05 7252.44 2 1832.47 945.09 7526.29 5437.12
149.36 6767.91 2 1545.55 2211.14 1884.17 8970.57
152.71 2435.50 2 8603.61 3030.45 7060.59 4914.80
153.46 5772.80 2 7823.71 9200.98 2054.01 9011.75
153.85 4492.52 2 9761.79 4439.56 5539.16 2905.89
155.17 4358.67 2 4756.77 6791.31 1792.97 9987.23
159.10 4854.98 2 1157.23 2836.11 6003.90 3120.07
164.39 1519.51 2 7649.04 3395.39 6148.28 3633.34
168.07 7303.36 2 3115.73 3625.69 8170.39 8897.26
173.21 4160.25 2 6781.07 9720.73 3826.33 6792.04
173.38 3569.14 2 3763.37 4596.56 328.60 5566.67
177.40 4869.76 2 7134.94 5819.19 2729.73 7894.93
180.97 6348.44 2 9577.48 1808.49 3548.22 3796.15
181.09 2854.31 2 3049.12 3375.94 197.12 3261.17
181.19 5559.65 2 4916.48 1051.72 4380.58 6585.48
181.29 4264.32 2 6620.93 4902.50 2616.65 3436.16
181.47 5473.51 2 850.06 1433.68 4006.24 5905.57
183.13 3356.65 2 8369.34 3488.77 7420.57 269.00
184.21 3210.67 2 3573.66 3512.69 6612.40 2476.14
188.30 914.95 2 4641.60 5598.25 4361.33 6469.22
188.41 6520.73 2 1236.15 1103.16 1359.12 7622.74
190.43 2921.57 2 1000.57 6751.11 3359.67 5027.69
194.47 5423.55 2 1080.37 2506.90 4972.74 6283.71
196.70 8035.13 2 2530.12 662.47 6675.86 7545.50
197.20 1559.94 2 6460.43 2564.47 6012.32 4058.66
197.59 1979.51 2 4337.24 5661.16 6267.58 5222.70
198.92 7546.01 2 1915.48 2818.57 9016.60 5371.26
200.07 1403.36 2 370.04 1593.58 1364.31 2583.97
200.50 7025.01 2 7047.31 5571.32 406.09 3281.15
200.63 8331.40 2 7930.55 5134.79 592.65 1189.22
201.67 5483.58 2 1527.37 6219.67 963.34 765.17
202.10 2704.77 2 4329.10 5399.48 2000.77 4023.01
202.49 9124.51 2 764.00 8188.45 9234.10 4795.18
202.67 5233.35 2 8596.72 5466.20 9525.80 315.99
207.43 5671.33 2 7516.10 7675.72 7927.31 2019.32
208.76 7638.23 2 2142.74 2275.54 1128.45 9846.13
211.16 3057.81 2 6249.64 4532.29 7634.42 1806.01
214.55 4327.43 2 2666.19 6959.58 5879.89 9857.65
216.92 9346.09 2 786.05 6908.18 7840.30 777.35
222.21 8610.32 2 9735.80 986.86 2140.15 5041.95
222.24 4611.87 2 3777.38 3903.01 5725.39 8083.27
226.96 7548.05 2 9752.07 3386.32 5949.61 9906.61
227.75 9787.51 2 7746.92 7573.34 425.17 1078.17
231.32 2365.85 2 7344.80 9329.35 5219.58 8289.82
235.00 2250.15 2 5843.26 3899.51 7483.74 2359.38
236.01 4000.58 2 9371.63 5327.19 6144.22 7691.19
236.68 5034.06 2 4359.91 4969.52 8473.34 7871.50
237.69 1984.51 2 6827.38 9633.15 8794.34 9369.72
238.02 6300.80 2 4946.91 9708.71 6169.40 3527.64
239.40 9869.95 2 9418.45 9487.92 3478.37 1605.57
239.74 5886.99 2 6480.83 5925.32 9103.89 655.00
241.05 3952.53 2 3002.76 4353.89 3186.53 8302.14
242.45 8222.37 2 1227.62 8381.09 7252.01 2785.18
243.47 5073.56 2 919.58 8441.87 947.34 3368.38
246.32 7015.95 2 1344.88 7157.23 4874.55 1093.82
249.94 2796.83 2 4394.75 2543.06 5894.81 4903.59
253.69 7684.65 4 4304.06 9149.39 4759.11 8543.51 3836.30 3145.59 5066.85 3913.85
254.11 3705.55 2 4070.07 3634.34 6574.31 903.06
270.24 10212.12 2 8553.66 1887.85 696.09 8410.58
275.70 5785.20 2 3642.75 1477.44 1504.73 6853.07
276.80 7940.02 2 8913.43 3412.57 973.50 3451.43
279.57 6678.31 4 7956.52 6515.37 8035.38 6586.71 3018.47 8041.27 1759.85 8525.21
285.55 7377.51 2 8403.80 5358.34 2873.56 475.31
287.70 7185.21 2 672.70 8011.86 4752.68 2097.39
297.78 6488.87 2 1135.59 1919.16 2455.87 8272.29
298.91 7245.41 2 2129.53 9621.17 7422.08 4672.95
301.63 5281.48 2 3747.05 9487.11 3164.90 4237.81
306.23 7111.26 2 644.28 2035.58 4124.38 8237.11
308.48 8423.85 2 9962.28 4020.27 2258.86 7428.88
309.02 6051.20 2 2380.77 1222.77 8066.87 3292.86
311.75 9887.54 2 9777.83 3204.83 281.47 451.18
319.62 12280.89 2 1017.22 9252.90 9778.53 647.10
322.71 8535.31 2 186.03 7033.32 8627.10 5768.43
325.89 6994.47 2 9496.75 9315.56 2518.08 8845.65
345.67 8383.64 2 839.30 6016.00 8671.72 9005.75
364.40 8620.05 2 4228.69 1442.78 1751.54 9699.23
379.04 10151.79 2 9637.87 4858.42 199.09 8595.84
383.90 10094.97 2 9431.62 7242.34 1405.60 1119.32
