23.76 788.24 2 241.44 9459.50 988.04 9206.70
27.69 584.38 2 2631.74 7936.41 2093.81 7708.09
47.67 1483.71 2 5472.78 3218.81 4013.21 3485.39
48.43 1821.59 2 8183.68 3440.50 9735.80 2487.01
54.14 1307.04 2 2646.80 7073.96 3505.94 8058.98
60.16 1707.94 2 3129.24 4971.93 1861.92 3826.96
89.26 4262.89 2 5227.65 9401.97 8131.61 6281.18
95.41 2070.62 2 4145.26 5512.26 5680.86 4123.24
97.22 1360.96 2 6040.92 7201.06 7175.65 6449.66
105.90 3594.87 2 5604.85 7567.71 5382.54 3979.71
111.74 5487.15 2 3473.04 7881.36 8522.33 5733.45
112.85 442.65 2 1385.10 3432.95 958.63 3551.57
120.69 6034.39 2 9037.90 4218.29 3937.45 7443.10
129.97 3598.29 2 9791.31 7467.93 7067.46 9819.16
131.73 3786.43 2 8479.05 5808.96 6272.55 8886.04
133.73 5486.38 2 8286.83 1012.98 7219.41 6394.52
137.33 4866.25 2 5328.28 3967.57 9212.58 1036.26
144.82 3840.92 2 5074.54 4757.38 3134.85 8072.54
146.91 3045.29 2 4521.12 5383.96 6746.68 3305.33
147.03 5251.64 2 9560.75 8145.73 8874.51 2939.12
148.57 3328.36 2 9473.51 7277.61 7136.12 4908.10
156.06 4203.03 2 5540.73 9850.77 4652.86 5742.59
156.10 5605.00 2 5701.07 822.12 9994.39 4425.36
157.78 7588.95 2 7776.31 6690.68 256.41 5669.30
162.78 1039.03 2 9211.25 8109.07 9096.68 7076.37
170.01 4800.27 2 532.01 6188.06 4971.33 4361.84
175.60 6879.95 2 8769.33 4046.37 2633.70 7158.88
177.11 6355.53 2 2258.33 6478.95 2159.68 124.18
181.00 7249.96 2 6956.36 1986.20 905.42 5979.69
181.14 5056.86 2 6820.07 654.13 7188.69 5697.54
182.82 6841.04 2 407.73 5479.87 6675.21 2737.88
186.43 5521.65 2 9531.64 1713.41 5599.59 5589.96
186.50 4625.03 2 9773.54 6138.50 5297.72 7303.80
193.22 8060.90 2 1114.81 5818.47 9088.30 7002.28
194.85 9242.59 6 8018.95 7290.57 8154.69 8447.20 8957.80 7547.71 8494.30 2535.14 8566.46 3337.63 9593.08 3227.60
196.92 2545.75 2 3205.53 5273.37 5750.87 5319.26
201.32 5265.84 2 7325.56 2488.00 6015.25 7588.21
202.65 9432.55 2 4460.07 477.99 4582.05 9909.76
206.74 2536.77 2 7707.41 7708.43 6989.02 5275.50
207.48 2974.09 2 3941.85 5463.81 2009.32 3203.16
211.03 5651.49 2 1793.41 1812.38 6494.07 4949.75
211.99 3899.33 2 9199.99 9378.18 9286.06 5479.80
216.19 2709.45 2 5342.92 472.08 3029.46 1882.39
216.46 4323.01 4 2914.31 3490.54 3888.46 4479.36 1804.17 5184.89 1163.82 5544.62
221.42 9971.04 4 6164.03 7398.59 4944.93 8332.48 8362.36 2275.71 9832.62 2453.52
224.19 7909.71 2 5382.75 1287.65 9810.11 7842.19
226.68 6234.04 2 9490.30 3874.51 4075.74 6964.15
230.52 4625.86 2 3383.44 3656.94 2394.51 8175.86
231.28 8964.19 2 2436.80 207.74 6122.21 8379.31
233.23 2161.28 2 6001.30 6265.37 3954.68 6960.02
234.38 4118.89 2 4351.39 823.89 238.34 1043.19
237.51 2275.72 2 4491.28 6629.63 2229.75 6375.97
240.08 3403.99 2 2067.37 6404.21 155.93 9220.86
244.86 8342.90 2 575.46 3476.03 8675.77 1478.80
246.00 4600.08 2 5612.53 6096.63 3058.98 9922.87
247.35 4467.52 2 416.33 9467.80 3071.20 5874.70
247.96 5397.88 2 1883.40 4042.85 3583.21 9166.11
248.31 3115.40 2 2726.15 6902.81 4158.87 4136.40
250.33 7116.41 2 4014.28 2266.40 9856.36 6330.07
250.40 2719.95 2 3273.79 9435.03 2564.99 6809.06
250.97 7248.57 2 7072.63 8790.65 4996.82 1845.66
254.77 6738.50 2 1817.87 2183.74 3452.48 8720.97
257.37 6468.68 2 9580.31 9407.04 8072.05 3116.65
259.26 5463.21 2 4479.05 1980.42 9442.47 4263.19
260.85 7542.40 2 3397.20 7518.15 5238.67 204.01
263.07 10153.25 4 8034.26 2635.57 9369.22 3201.55 3702.29 9000.53 3570.74 9580.91
265.37 7468.56 2 3847.54 276.54 9051.45 5633.65
266.83 7241.32 4 9126.15 5997.18 9002.31 4976.51 5739.85 8914.37 6035.03 9973.42
267.96 7497.95 2 8593.59 9557.12 1884.82 6208.72
273.74 6487.09 2 8390.62 987.80 5198.44 6635.13
273.89 10494.43 2 1344.93 8599.45 9862.56 2468.95
275.70 8184.97 2 6061.59 9820.10 591.46 3731.47
280.07 4103.67 2 9306.19 3982.05 5362.60 2847.05
282.16 5808.08 2 7385.40 5239.84 1782.90 3708.24
282.44 9621.92 4 5396.13 6813.22 6095.94 7121.14 3144.59 67.75 3583.50 1196.83
286.49 10124.75 4 7042.18 9427.48 5698.57 8759.69 9862.07 2152.04 9462.68 1442.33
288.36 6018.17 2 6991.83 9106.62 986.51 9499.64
291.67 9583.69 2 1195.00 891.06 9461.47 5740.03
292.42 6621.01 4 9002.76 5427.87 8819.45 4228.41 6409.32 7392.57 5705.40 8637.43
292.81 5640.51 2 447.57 1416.69 2461.73 6685.33
299.02 6150.96 2 2403.87 8136.38 8313.04 9844.02
301.08 6154.04 2 9870.85 8265.72 3717.84 8377.87
301.73 5886.57 2 6261.90 2048.76 8786.81 7366.34
304.42 9021.14 2 7063.68 8796.72 1774.92 1488.50
312.12 9306.16 2 8189.95 303.42 387.74 5375.90
318.90 10245.01 2 1685.13 9636.00 5291.21 46.61
323.73 6786.63 2 2780.87 9010.76 8167.25 4882.16
330.58 8329.15 2 9641.87 524.35 8253.94 8737.05
356.00 8099.87 2 1152.78 9022.17 4885.37 1833.59
362.90 9645.12 2 8923.56 7124.11 729.63 2036.08
372.46 9923.09 2 2060.30 6893.90 9243.12 47.39
