65.71 1785.57 2 7230.40 4636.41 8772.21 3735.80
70.01 1200.29 2 6709.02 8487.02 7838.23 8080.12
72.53 2926.40 2 4217.01 1263.73 4473.10 4178.91
85.52 2676.03 2 8640.19 2913.07 6554.39 4589.55
85.82 4090.96 2 2935.05 4258.60 1646.87 8141.46
92.19 3809.48 2 4921.90 5972.77 2314.15 3195.77
93.41 3570.51 2 3011.62 8686.77 6567.43 9010.34
105.27 4863.27 2 4067.96 1380.90 58.14 4132.76
105.27 5263.29 2 8344.23 6726.41 3140.15 7513.71
107.40 3270.18 2 3166.56 7177.68 3947.08 4002.01
109.18 4159.11 2 5501.04 8570.31 9349.18 6992.35
109.56 4878.02 2 3338.03 1098.57 8184.23 542.37
113.66 2583.07 2 7237.82 6381.37 6973.12 3811.91
116.52 3026.10 2 5431.37 2045.93 7527.38 4228.60
118.44 2022.13 2 7870.83 5305.96 6909.23 7084.82
118.75 2337.68 2 7635.98 935.82 5639.25 2151.49
124.04 5701.80 4 1296.14 5674.83 1860.46 7874.22 3269.91 5338.32 2927.07 4934.28
124.63 3831.61 2 4263.39 43.44 673.64 1383.18
125.11 2055.26 2 2552.81 681.38 2818.46 2719.39
130.43 6421.46 2 6135.95 9774.28 2601.78 4412.87
136.89 2344.57 2 1030.28 5150.52 2172.41 3102.94
138.33 4316.62 2 8913.41 7200.41 5179.92 5033.80
139.49 3174.53 2 1082.81 3318.02 3915.04 4751.93
147.93 1696.54 2 8648.38 3328.39 9790.41 2073.79
150.86 4042.93 4 519.99 8670.87 600.14 8777.75 1455.71 6216.32 2167.37 5239.23
152.06 5803.03 2 4527.84 6806.34 9468.34 9850.44
152.30 7315.13 2 5777.56 7081.58 8304.61 216.80
153.75 4787.70 2 4513.59 5762.57 229.41 7899.84
162.94 6446.75 2 2036.12 6497.30 5297.00 936.07
169.44 5771.94 2 2684.22 3876.98 2531.27 9646.90
173.56 7777.85 2 217.85 4408.50 7776.26 2574.01
183.96 698.03 2 7097.77 4345.02 7718.81 4026.36
188.01 6900.28 2 7937.75 1515.49 8217.06 8410.12
189.94 4496.89 2 8885.77 7903.10 6570.58 4047.98
191.08 8553.87 2 8773.36 8664.73 729.49 5755.28
194.94 5347.14 2 6871.04 8336.38 1909.32 6343.05
195.94 6597.09 2 8518.21 6401.15 2531.95 9173.55
196.64 6832.15 2 1663.86 9773.13 5402.57 4054.72
200.26 4913.02 2 6063.09 6939.15 6458.38 2042.06
203.90 4394.80 4 1895.91 3565.37 2676.85 4253.22 5391.19 5880.62 5480.53 6047.52
207.24 8162.04 2 7298.44 117.51 1971.30 6301.40
210.32 6416.17 2 5095.71 6389.22 7282.53 357.22
214.69 3334.49 4 8650.29 8446.11 8342.19 7837.03 9501.31 7933.58 9032.91 9346.76
214.76 7338.01 2 9853.72 9172.27 2799.32 7151.92
220.61 5730.58 2 3892.62 9809.53 5173.59 4223.95
222.60 5030.15 2 7704.64 5091.80 2822.89 3878.96
223.67 3383.29 2 7802.33 614.79 4425.85 829.44
224.08 6003.81 2 7017.27 4359.31 1067.03 5159.57
224.60 9829.81 2 7299.22 62.52 9107.08 9724.66
225.91 2895.59 2 6778.56 5825.64 4747.37 3761.98
226.93 6546.70 2 2818.32 1099.90 8407.95 4508.03
229.45 1672.42 2 5605.25 7177.68 6694.25 8446.95
230.44 4222.00 2 8423.70 6389.09 7655.26 2237.60
231.41 6670.67 2 2622.64 912.10 9271.41 372.02
232.87 3643.65 2 1934.62 6751.36 4888.60 8884.48
235.51 2775.58 2 6821.51 3645.29 7803.31 6241.43
237.59 2679.50 2 7602.39 2438.77 6237.67 132.85
241.91 7495.26 4 3197.19 5056.86 3647.46 2394.15 1970.85 6244.65 2474.65 6561.34
244.17 6708.27 4 3562.48 7358.43 1787.70 7539.50 5213.16 6639.96 4299.98 5601.76
246.21 9010.53 2 8906.53 8767.08 5993.94 240.27
246.99 6049.46 2 3351.51 433.14 6813.19 5394.26
247.46 10472.91 4 1440.18 2430.15 1560.60 561.00 4447.07 7311.37 5673.86 7031.60
251.43 7871.67 2 120.22 9221.74 5163.20 3177.61
252.37 4918.40 2 7324.88 6524.73 9215.42 1984.20
254.83 6541.39 2 6594.58 942.64 9054.22 7003.99
262.73 4536.55 2 4552.59 2959.96 6072.56 7234.29
262.79 3239.54 2 9097.35 5978.73 8635.17 9185.14
264.94 4147.16 2 9571.88 1822.99 8377.89 5794.55
279.20 5860.02 2 9643.12 3487.99 6586.47 8487.66
285.76 5587.80 4 3776.28 8546.94 1142.89 9078.73 1947.71 7789.79 3287.53 7452.22
286.70 10635.13 2 499.18 6530.84 8899.99 9.14
301.07 5353.66 2 4190.59 307.30 326.97 4013.26
303.77 10888.55 4 638.74 4056.67 851.87 5712.86 8936.25 3399.30 8266.02 3853.80
305.02 9650.99 2 1598.31 656.73 8697.85 7194.17
307.04 8151.83 4 5351.71 5643.03 6917.40 4470.35 4719.01 8860.01 4696.51 7573.91
317.49 8274.47 2 8788.20 5012.63 1402.09 1282.72
321.00 9149.87 2 7386.52 612.30 3199.35 8747.88
322.19 10209.33 6 4219.82 4397.32 6473.49 2550.46 3706.17 2998.24 1499.51 3696.18 696.32 3709.75 1064.95 2385.53
324.29 9614.56 4 7886.93 3409.72 8037.92 4671.16 1575.90 8257.32 1904.43 9152.66
325.59 6879.49 2 500.69 1140.18 4928.42 6405.40
327.07 8453.53 2 731.83 8272.80 7163.28 2786.58
327.63 9881.37 2 2080.17 8147.87 7763.68 64.60
336.06 7903.04 2 8241.20 2815.49 1384.10 6744.64
337.36 9368.04 2 4691.43 9198.54 9501.26 1159.54
346.19 8509.26 4 160.78 6149.93 212.51 6932.79 3666.45 1614.77 4782.41 2432.47
399.98 10399.19 2 961.83 692.43 7088.39 9095.30
