8
50.0
30.0
1000.0
1500.0
0.6
100
0 0.00 8137.38254 7059.88361 2974.44835 6144.84516
1 2.00 847.51969 1339.47770 1178.61653 3053.80003
2 4.00 1830.44518 6934.36542 5108.24869 4182.39106
3 6.00 1378.67299 3837.09963 1857.53699 6355.01642
4 8.00 6934.32927 6452.60095 9998.99553 5549.12576
5 10.00 4896.42026 1402.96535 3145.80015 4510.00971
6 12.00 536.11263 3590.39172 95.83440 1365.34715
7 14.00 8152.15941 9638.29089 5054.38020 4949.69848
8 16.00 6846.96671 4156.30435 8398.91802 4886.99512
9 18.00 826.70626 308.60706 7610.56619 2920.89910
10 20.00 2748.52918 5376.08618 1682.08977 4573.21387
11 22.00 7425.18252 7659.19555 5497.26185 1132.10995
12 24.00 1142.06651 7751.13028 8232.82808 3668.61772
13 26.00 8226.10928 416.10522 7189.80241 5463.53275
14 28.00 9897.75728 1024.16439 8300.70717 7513.45495
15 30.00 2977.08935 9993.12669 4497.32343 3485.76977
16 32.00 8167.28585 4390.69903 9939.57684 7756.31650
17 34.00 2369.46055 8107.02717 5879.23897 3506.30841
18 36.00 7107.53959 6327.70631 1659.81618 1392.34966
19 38.00 2066.19656 2069.42721 593.57834 3508.15479
20 40.00 2810.85019 5387.68546 3236.53616 7040.53762
21 42.00 2893.33243 2673.43066 8580.16845 9854.88302
22 44.00 6792.99316 952.25164 9627.71995 7856.91048
23 46.00 9187.68712 9924.86226 8670.47590 1268.88169
24 48.00 8660.78795 2496.77242 7113.94849 8284.81803
25 50.00 7614.73587 6762.34554 4894.58726 5774.25529
26 52.00 2687.17152 4142.25089 4519.91723 6336.27763
27 54.00 8801.25081 930.94784 5156.13472 2782.25688
28 56.00 9363.36114 3690.71174 9502.54079 3272.89280
29 58.00 24.73085 7741.35290 7327.24027 7309.31937
30 60.00 4584.49257 6641.43821 3582.22729 633.30686
31 62.00 5344.24464 2178.29935 4296.43101 2118.51466
32 64.00 2685.36838 8283.43617 3377.55155 5779.33640
33 66.00 5661.42111 4853.37904 3437.39621 6825.51926
34 68.00 484.09261 995.74742 7838.89762 4595.81763
35 70.00 1242.37179 8576.51600 4412.85949 6.75932
36 72.00 9580.31769 2023.18206 6885.91882 1319.13087
37 74.00 6499.97199 1589.77463 9327.25563 2740.19458
38 76.00 6545.87964 2503.89279 3718.43768 9038.00269
39 78.00 1655.25079 3963.41567 3055.09245 6994.41372
40 80.00 2341.43841 6554.85228 7036.98040 10.86304
41 82.00 4768.06708 1326.99792 2261.90861 6799.82725
42 84.00 92.86948 6955.97107 8171.09027 9881.54909
43 86.00 4223.13934 1321.75151 708.28305 3830.69926
44 88.00 7307.63382 1024.27170 3133.51477 8809.88995
45 90.00 1371.29295 7734.60484 7531.57801 1331.46231
46 92.00 9929.40155 1428.53067 5305.08277 84.74742
47 94.00 6500.20213 4400.99421 7224.32026 6280.80038
48 96.00 1513.74131 4117.09894 6865.66170 8599.62525
49 98.00 866.88033 1004.65112 7524.45647 5895.73918
50 100.00 3840.31909 9632.48711 3145.03668 1398.30189
51 102.00 2769.67657 842.48716 5533.96632 6000.07867
52 104.00 6075.93099 7789.69653 6904.76075 8478.92104
53 106.00 6584.05370 3016.49334 5177.49128 5095.22566
54 108.00 7478.43641 2955.42051 545.69131 8979.12560
55 110.00 9546.71511 4948.87720 1127.43663 4995.82541
56 112.00 5939.29768 5282.86501 9776.96948 9868.82533
57 114.00 9339.24402 1319.82881 8608.14004 5683.80389
58 116.00 3654.12463 6829.42049 7627.25938 9544.52984
59 118.00 7703.67049 166.89402 675.32569 2621.85277
60 120.00 398.26862 604.68860 7892.89999 5066.10604
61 122.00 6285.70696 5010.48966 4154.31994 7018.10639
62 124.00 824.27812 5365.64816 6160.47056 2774.67736
63 126.00 3099.06886 5113.04698 2031.97494 8080.60081
64 128.00 5363.90173 3907.31503 6342.94247 8345.26469
65 130.00 6810.55685 661.15084 6986.75882 7299.58377
66 132.00 8464.68115 579.05944 862.12798 4344.83589
67 134.00 4533.71842 6088.32404 3092.90064 7416.93509
68 136.00 7406.58180 1194.43007 7079.00607 7014.99611
69 138.00 1638.32631 9530.16202 5230.05363 7829.87102
70 140.00 7207.65518 1669.62954 1269.30607 7811.23980
71 142.00 2687.64486 8864.14760 7714.30290 293.56251
72 144.00 8071.07847 2719.80595 638.71989 7123.23248
73 146.00 5766.51675 770.70031 4551.97778 3601.23896
74 148.00 4996.10006 5668.86128 3676.87778 2551.16081
75 150.00 1029.04915 5739.12305 7227.78373 2284.04423
76 152.00 5088.24885 440.37907 8629.28495 2445.51450
77 154.00 4717.64590 3829.79474 1500.84668 9311.60077
78 156.00 8574.85198 5528.64788 9139.47670 7406.65828
79 158.00 4193.69304 3218.02014 4162.56599 7202.87921
80 160.00 2712.57958 778.87070 3728.08167 5020.40943
81 162.00 9019.41009 1793.44350 8043.38019 9814.13864
82 164.00 9540.79407 689.26438 4650.94178 2823.06871
83 166.00 8448.46504 3273.00922 5530.91395 79.69174
84 168.00 2006.71153 5638.06741 3039.09307 6227.17524
85 170.00 4639.26691 5916.90935 4933.60676 7726.13263
86 172.00 1954.22424 9004.43297 7604.82220 2451.26874
87 174.00 63.77883 4100.36110 2329.97742 3464.23698
88 176.00 8395.74007 8771.98614 9509.90262 14.62041
89 178.00 6573.03850 8490.05988 7272.15039 1039.49019
90 180.00 5298.14489 2381.67595 4920.28877 598.95076
91 182.00 9969.59270 7116.52475 930.26638 9212.74403
92 184.00 8972.87472 5197.59218 7008.46910 3724.91974
93 186.00 9745.54790 849.02418 955.77005 1335.13850
94 188.00 8199.62892 748.30484 5678.20728 4349.82878
95 190.00 9642.18275 2367.71735 2609.90939 3150.08915
96 192.00 8008.16822 7007.25606 7353.52869 3180.57719
97 194.00 2719.55872 746.87436 2027.12626 7799.36982
98 196.00 5847.08036 1554.10551 1643.74981 4660.55112
99 198.00 4065.12552 5359.24549 9646.34722 2076.36226
