7
50.0
30.0
1000.0
1500.0
0.6
100
0 0.00 1432.60434 6602.12424 2210.42740 3005.00954
1 2.00 609.57637 9485.20255 8797.13891 9115.77666
2 4.00 6259.93138 4272.00582 4956.20787 9722.90235
3 6.00 9415.86410 6713.42525 7858.04596 3187.34457
4 8.00 4163.24633 1492.17608 3764.60189 7544.16097
5 10.00 4735.18820 8493.40932 3007.36419 7075.76797
6 12.00 8057.76160 9147.41174 5623.85950 9677.86189
7 14.00 5572.86758 1340.92751 2428.58516 2033.36733
8 16.00 6467.05852 9222.26105 8471.33386 924.63997
9 18.00 7245.84712 1904.81618 2684.61588 6736.71921
10 20.00 6029.22045 8736.20458 1881.63294 7616.96418
11 22.00 7243.05240 5588.50476 4793.94206 8694.73852
12 24.00 3329.64311 9570.19761 153.33706 9371.59763
13 26.00 9620.77556 1173.16199 9995.72007 4789.20876
14 28.00 2425.93182 6044.01534 2045.13143 9151.26460
15 30.00 5520.79293 7755.13882 3806.61744 5336.50127
16 32.00 3592.59556 2615.61627 5128.16540 4972.77293
17 34.00 986.08232 9813.18457 4694.90422 8397.31182
18 36.00 9143.30499 3707.04921 4139.30171 5625.24727
19 38.00 2212.74098 1459.22713 2607.74110 9347.58250
20 40.00 5791.42926 4175.78074 1524.11410 3298.65286
21 42.00 3798.39775 8333.62715 4993.01482 6546.07966
22 44.00 6848.46612 2573.26758 8215.91940 9665.08267
23 46.00 6416.94454 4905.95583 1682.33646 7949.75514
24 48.00 1692.65711 7203.13531 4883.16321 9168.99390
25 50.00 5421.36855 6418.09463 587.32052 338.23757
26 52.00 8466.97383 9451.88111 6682.15543 7643.38844
27 54.00 4123.92222 8425.44717 2314.33392 7071.69564
28 56.00 91.41462 5057.32920 3732.00693 6178.35236
29 58.00 6667.54730 6165.19361 4832.04154 4878.54384
30 60.00 66.12357 5516.43561 118.50968 5294.17647
31 62.00 2747.40737 9774.79348 171.42598 8131.57221
32 64.00 6740.32952 8061.67699 9097.73366 1070.16429
33 66.00 963.13890 1488.97486 1919.32057 5264.55985
34 68.00 8152.14391 2673.24737 3968.96422 3730.51583
35 70.00 4060.27410 5650.02182 9902.33032 2258.57253
36 72.00 6840.41625 8478.67102 6537.35720 8582.19159
37 74.00 7595.85850 935.00505 3792.64022 5527.01440
38 76.00 561.14939 94.50173 1713.83575 4998.58393
39 78.00 4339.09652 7843.76311 5658.56628 8579.60313
40 80.00 953.61835 5281.59186 425.51758 2114.17056
41 82.00 8681.16891 8875.54307 4755.00288 465.61971
42 84.00 743.48060 9255.84810 8993.11651 5635.09864
43 86.00 329.01780 9287.66361 3144.84693 9614.69190
44 88.00 5870.36104 7522.54470 7127.11400 3982.96020
45 90.00 769.37491 1624.50251 2404.72194 8346.50560
46 92.00 3891.56607 8965.25767 3317.29840 7556.09265
47 94.00 1399.50594 9884.77958 7241.63570 5007.92852
48 96.00 9743.23327 536.96432 4370.88253 8386.74658
49 98.00 3405.92746 7690.05653 9548.58397 3967.03049
50 100.00 7735.54916 296.25659 2733.27029 9925.85878
51 102.00 4906.03456 3558.11198 9411.42845 4318.47946
52 104.00 6796.94858 6606.71908 856.94118 6186.15890
53 106.00 7980.55174 7131.08533 820.38010 1542.20964
54 108.00 7116.77155 6339.00882 7396.55289 3166.78229
55 110.00 1065.50918 51.95222 3082.67455 3599.17497
56 112.00 2697.66443 1325.07004 1873.91784 4488.43677
57 114.00 5547.40001 4080.44175 262.61904 3539.14287
58 116.00 930.64260 5980.43798 3244.30331 3852.37917
59 118.00 2918.47351 3877.99559 846.99517 9011.36045
60 120.00 9052.07574 9781.73064 5719.60431 1695.82923
61 122.00 3807.32023 1388.40059 3011.31265 4931.23942
62 124.00 632.67150 4346.76269 4211.02340 4842.31314
63 126.00 769.21361 2516.99738 2465.90068 6250.33688
64 128.00 5938.06398 1955.48225 1069.72368 3046.57996
65 130.00 9488.23462 3322.17215 6201.92188 8040.76462
66 132.00 3295.41716 3347.36224 8154.75470 8595.08467
67 134.00 9742.25377 1361.24472 3206.65155 9472.78922
68 136.00 2008.51489 3141.83281 9645.74623 9687.25222
69 138.00 2914.48152 6949.57768 4910.07313 5758.79282
70 140.00 2424.24297 3760.55302 8164.94515 3929.35130
71 142.00 1138.87824 5638.50509 5922.27034 5456.29085
72 144.00 6817.12633 5500.99157 9530.04611 4616.22223
73 146.00 7083.67051 4384.54954 2913.31208 6928.35279
74 148.00 8189.65568 7956.56836 4091.41590 4993.03215
75 150.00 6333.36040 2420.21168 6586.62969 7152.36391
76 152.00 7890.76763 739.65136 9907.00614 4792.34700
77 154.00 4008.05097 5066.12643 9203.92184 6917.08866
78 156.00 5436.45203 7907.20917 3595.29493 8955.01515
79 158.00 5369.05986 6381.80367 849.81934 7689.54048
80 160.00 6576.01645 3550.08819 6469.99848 442.96694
81 162.00 9836.08206 6774.71896 3996.17746 7526.82778
82 164.00 9657.16778 4304.55544 105.47773 2587.38370
83 166.00 5106.76241 5187.97767 5805.18296 5752.35398
84 168.00 4457.78552 3911.34169 7723.42232 5885.89957
85 170.00 5004.65782 3449.67388 245.62653 1045.49358
86 172.00 4159.75429 9617.27866 1160.69338 9406.76158
87 174.00 1416.75177 3118.90344 4553.32635 2068.67326
88 176.00 4829.25999 4761.62531 4381.65938 6967.63266
89 178.00 3189.09474 3002.64083 8101.85937 1150.85267
90 180.00 8491.80008 6479.69917 6771.39333 1643.54093
91 182.00 9839.00471 2439.12947 1744.53233 1601.35711
92 184.00 5598.48952 9584.62622 2318.55547 4050.47436
93 186.00 1844.51775 6404.78877 4321.34452 291.92274
94 188.00 6141.06937 1973.24436 5922.03158 3888.35780
95 190.00 7047.35616 2057.84479 7523.25495 8087.29789
96 192.00 625.63751 1017.52049 8719.79330 1869.59836
97 194.00 3259.84912 4575.50422 2623.53395 8626.36547
98 196.00 5277.15020 6391.08586 5969.70829 6113.08421
99 198.00 5870.04715 3479.24637 8455.17803 6173.62679
