3
50.0
30.0
4703.03
1500.0
0.6
100
0 0.00 9953.28010 3696.92433 2316.34163 1547.87547
1 2.00 3491.80961 4217.03727 1272.30729 4024.34733
2 4.00 5005.78593 3946.62143 7702.76881 1618.00346
3 6.00 7559.15910 8863.79239 3546.55347 4981.71559
4 8.00 7456.06271 5843.60763 3090.79241 2800.97905
5 10.00 371.24787 599.27111 5640.68963 5056.11782
6 12.00 7836.44218 1197.32987 9037.43105 6520.29017
7 14.00 895.51469 3368.51536 4960.35912 9328.36640
8 16.00 368.22862 2777.45062 3826.54547 9437.39309
9 18.00 824.86013 8342.77123 7699.97427 4477.97307
10 20.00 8966.54393 3329.68451 8481.64255 2624.92305
11 22.00 1047.88805 1853.55175 2612.35835 9685.45819
12 24.00 6821.87145 5002.25356 6328.72232 5995.95084
13 26.00 7915.52271 7385.40415 2858.06453 9860.24070
14 28.00 2569.51422 6598.59670 8392.79678 7981.61513
15 30.00 1145.03576 2191.94807 7302.93846 4629.07251
16 32.00 445.36637 5949.37127 4851.06221 4285.71538
17 34.00 209.17986 1893.50715 5475.80978 1923.32763
18 36.00 2465.30515 3921.76948 3252.62731 1647.81133
19 38.00 8989.54303 8167.52184 6701.17381 24.30668
20 40.00 8016.47674 2813.17924 6758.73526 3109.92945
21 42.00 2615.29549 7628.99547 2702.60684 7967.57550
22 44.00 4353.30545 1239.74198 3523.03797 2824.14885
23 46.00 3255.50007 3414.86584 863.13304 1974.57046
24 48.00 8172.55139 4302.42365 1524.35868 882.84643
25 50.00 5333.62450 9388.54040 8630.88695 3600.85266
26 52.00 723.94131 88.93792 6670.13245 2731.70419
27 54.00 1325.24013 9677.42023 3620.27800 1413.63128
28 56.00 4812.42853 66.28233 4019.63129 5411.67337
29 58.00 6386.12688 5105.53695 2738.70384 8768.14526
30 60.00 9226.60754 6971.23766 4386.01786 4708.13044
31 62.00 1512.96998 1881.47360 3068.53041 6922.66372
32 64.00 1843.30811 6183.03233 4887.12859 9362.97984
33 66.00 7333.03158 2482.30660 4067.09637 1583.57348
34 68.00 2474.58206 1546.50978 4094.26332 4488.25311
35 70.00 9158.90006 4295.44594 2914.20403 8820.88383
36 72.00 3357.43114 5066.09051 5086.97620 1236.21118
37 74.00 6345.58773 2928.96761 3848.03515 9695.31435
38 76.00 6401.65237 4578.04455 2942.22672 6859.95431
39 78.00 9756.30876 2895.28759 6070.97019 1938.82471
40 80.00 729.23774 4170.81613 3465.78007 8848.25703
41 82.00 1569.83100 8663.32768 7276.84116 8844.79019
42 84.00 4088.69509 2606.34331 8149.83395 9639.36589
43 86.00 45.76943 6867.44901 2299.09788 6491.35220
44 88.00 8975.64452 6461.67051 2092.37350 1867.25550
45 90.00 1913.89636 3968.32482 9019.41476 7112.41072
46 92.00 2063.93219 1073.03109 4501.84521 148.13798
47 94.00 2433.25727 412.30805 2073.71969 6805.88406
48 96.00 2216.08171 1997.05587 6541.85141 7954.88827
49 98.00 6647.46873 8870.37096 958.35876 157.24168
50 100.00 3980.13110 2795.47569 8178.04538 1575.19447
51 102.00 4233.74676 5377.45595 8687.15071 8713.04062
52 104.00 2220.81553 5285.05898 6931.23279 9144.49577
53 106.00 6444.50701 3653.64492 1939.47405 1103.48652
54 108.00 2760.31411 8852.95783 8940.94134 5633.67803
55 110.00 5441.77472 942.47247 4846.87233 2600.90715
56 112.00 865.86556 3175.20854 8034.67453 214.88761
57 114.00 3775.80008 4263.06971 5001.08066 8460.31906
58 116.00 2356.80518 3800.55944 596.04617 3971.78076
59 118.00 9505.74511 4103.97976 9888.60232 1745.89260
60 120.00 1435.51538 8628.24097 4944.56869 6390.97494
61 122.00 1318.27490 9331.00119 9591.99953 1047.65435
62 124.00 7818.20450 9931.29966 1464.16835 9582.87357
63 126.00 4262.61559 6412.23893 9427.64750 7763.49315
64 128.00 3373.50808 9554.68121 1253.72604 603.45497
65 130.00 2890.90596 773.86568 8664.47899 8443.51944
66 132.00 8900.08290 4964.19392 6516.10650 3946.83809
67 134.00 7090.96794 8842.74844 642.95538 5643.31181
68 136.00 6117.86727 6425.67250 1839.35485 9560.15791
69 138.00 5309.74793 4183.99445 3741.69171 9806.19822
70 140.00 2144.23809 5523.44882 7628.00227 5571.53098
71 142.00 8095.23863 9328.55585 1137.10644 419.72179
72 144.00 9538.18144 4710.44317 1959.64739 5254.54370
73 146.00 9736.61925 827.57070 2805.73500 1976.83167
74 148.00 178.90306 6191.20903 6027.71885 9540.50021
75 150.00 261.66118 520.49088 8455.19027 7389.31519
76 152.00 3911.52070 3978.04020 395.62870 72.71987
77 154.00 1772.71336 6519.71764 2845.45269 2854.16413
78 156.00 8253.24776 8928.12577 4488.83978 5234.35650
79 158.00 5342.61084 5296.49933 1717.83664 2310.36515
80 160.00 4618.46212 5329.49441 8897.57978 9392.85041
81 162.00 1526.76132 7846.70173 2072.13090 1351.83994
82 164.00 4535.13888 6790.01526 9640.70922 3279.73777
83 166.00 371.72646 2967.15033 6707.66606 6759.71935
84 168.00 5506.67515 9507.25070 8929.18112 4893.02887
85 170.00 8833.34990 2916.41066 6408.83901 5058.59945
86 172.00 4018.18393 3112.86087 6001.53992 4545.21757
87 174.00 521.12058 4755.51961 6291.74157 8301.66918
88 176.00 1736.99630 9823.33781 7535.21148 2166.85127
89 178.00 4110.90962 5986.53107 5232.40836 4780.40888
90 180.00 3503.86347 9780.69832 6495.67421 6483.23961
91 182.00 2801.42738 9181.13808 5441.54571 5396.62506
92 184.00 3608.70213 136.10966 7416.83897 7476.77024
93 186.00 9693.06283 6170.72505 542.11644 1882.85009
94 188.00 4438.00716 1448.10528 6301.49297 778.03059
95 190.00 2270.21290 3625.69801 5875.60227 5003.24130
96 192.00 2827.52985 2094.77791 1099.91288 7573.62480
97 194.00 6733.29602 5806.86513 2646.42067 1155.31810
98 196.00 833.96102 4057.05467 906.35113 6180.86336
99 198.00 1998.96313 9212.84891 2088.01130 1855.92637
