3
50.0
30.0
3960.61
1500.0
0.6
100
0 0.00 3551.31665 8828.10334 7996.36120 1775.71595
1 2.00 614.51750 1509.25540 9806.85455 5101.01567
2 4.00 4430.76814 4559.13095 997.51993 3686.58655
3 6.00 507.09175 3257.97126 6315.72176 926.88274
4 8.00 9710.11345 3476.01463 9440.56493 217.02080
5 10.00 3403.31423 3740.66186 1012.81719 2237.98106
6 12.00 8791.24074 5473.30143 496.62080 875.90677
7 14.00 2631.11293 1875.36962 1856.29672 1858.04939
8 16.00 5626.54626 8680.31591 4757.93294 4233.14232
9 18.00 7102.17513 2048.11932 8542.08428 6716.18198
10 20.00 6918.39186 476.20474 2791.49205 2072.07257
11 22.00 5479.67293 15.63835 405.57272 9817.03533
12 24.00 8004.00417 6156.02694 774.20248 8234.73912
13 26.00 432.17764 3636.30385 1269.09648 815.21545
14 28.00 2672.71261 4591.28066 8385.92750 7785.07030
15 30.00 9183.03693 5803.78799 7666.22248 3618.49499
16 32.00 5985.97974 3337.52348 1327.05513 189.45573
17 34.00 1801.90327 6164.21339 4292.14486 9574.78360
18 36.00 8017.73193 2155.68791 9035.65906 5038.00197
19 38.00 1937.40569 3121.11251 8673.46749 6275.11162
20 40.00 4791.34863 8968.49884 7195.44540 1235.02711
21 42.00 401.48492 768.10710 5953.38529 1531.42727
22 44.00 8894.44783 1399.33661 4014.53462 5876.73980
23 46.00 2875.00712 8035.76283 2011.66286 4599.01520
24 48.00 2825.16234 4470.11331 9664.26640 1549.97580
25 50.00 2834.18516 826.84603 1262.58958 2820.03822
26 52.00 7998.49921 1796.15232 4249.85077 3513.90022
27 54.00 8558.93754 1755.33810 2012.46317 864.47916
28 56.00 4138.22174 3558.02844 5101.92543 4185.19942
29 58.00 1455.45783 4536.89160 3317.56870 1497.91147
30 60.00 4569.02824 1388.45905 541.38941 2419.54285
31 62.00 6290.56676 4730.69331 574.43069 4546.94619
32 64.00 3140.85462 77.16298 8892.59346 3562.46679
33 66.00 7483.26323 8419.79317 6851.84732 4366.23361
34 68.00 4874.28233 4262.65944 27.40371 4623.60382
35 70.00 760.15329 709.97998 1778.30712 6978.24281
36 72.00 913.09569 3830.71515 8695.00463 5988.28295
37 74.00 8101.92922 9718.38767 3649.75436 7957.40800
38 76.00 5743.49611 2296.36235 6962.61733 2313.46443
39 78.00 6296.43834 3705.75415 5297.25159 7340.75990
40 80.00 7008.62894 9683.17696 8708.72817 4186.03423
41 82.00 4730.80351 560.65045 4423.61106 2967.99989
42 84.00 1452.80226 1082.72997 5280.13000 320.67211
43 86.00 2714.09632 3959.44824 2650.66731 7498.76175
44 88.00 7841.21307 6280.80040 6841.08833 7392.15569
45 90.00 5735.37052 1426.84495 345.21277 688.23992
46 92.00 7748.15013 9059.18710 3229.93813 3047.81530
47 94.00 5044.24252 7790.57870 985.26255 6067.91721
48 96.00 1903.61353 3913.50722 3650.24729 2478.13003
49 98.00 9805.21213 2030.82716 2381.16026 3157.09207
50 100.00 7086.68282 3683.04504 3026.55043 4654.62250
51 102.00 8705.10295 28.98153 8196.31752 8997.08243
52 104.00 1195.17985 7710.68886 2635.46938 4508.37209
53 106.00 4489.73313 6397.87507 1467.22414 7862.89733
54 108.00 107.23999 9666.56914 2695.54499 614.87668
55 110.00 8189.15093 3410.09033 7000.71036 6223.99071
56 112.00 5517.99356 6799.61501 8049.93162 8626.08397
57 114.00 9204.25727 6275.86177 5653.97507 4707.00727
58 116.00 4490.80800 8405.67625 5390.76853 3806.82241
59 118.00 1084.40723 3785.91177 4444.49830 368.10133
60 120.00 6043.06460 4935.80691 7394.96710 9678.72386
61 122.00 7742.30686 2389.79772 7634.73650 691.89384
62 124.00 572.05280 3471.61284 3630.83667 8253.07202
63 126.00 839.62223 3784.23971 7690.78073 1892.04494
64 128.00 7174.74451 736.36066 5888.58010 9950.25530
65 130.00 3757.92900 6435.83152 279.29861 6021.58164
66 132.00 8166.21402 7226.82702 431.60374 3503.85522
67 134.00 7173.75471 6294.80446 9280.76416 8701.13383
68 136.00 8280.34663 9791.16885 3340.48953 2026.31853
69 138.00 8409.36887 4670.84572 6639.46833 8524.91900
70 140.00 9904.69347 8650.04326 67.06481 2609.59732
71 142.00 1799.26603 123.49967 5379.84668 6480.32504
72 144.00 4253.78629 6525.52962 7212.38197 4501.66770
73 146.00 5809.66709 8187.75715 4106.69916 7600.86932
74 148.00 9781.93156 8301.94754 6576.48022 7876.35891
75 150.00 8190.82394 648.54876 5611.13003 5125.32725
76 152.00 8651.12528 7395.03839 263.89554 6063.63929
77 154.00 9392.90902 2202.79920 8384.37289 5876.35030
78 156.00 680.03219 2783.38141 5717.71346 8145.81704
79 158.00 672.43134 4673.53374 489.89153 1963.04686
80 160.00 1359.33999 6902.94708 6667.71786 5273.81666
81 162.00 3447.25765 8440.08794 6683.27150 6903.14885
82 164.00 4618.32229 8232.80621 8511.37165 7848.94772
83 166.00 846.26833 6710.24580 4641.45885 6976.60650
84 168.00 5065.20459 8809.41294 1005.56710 5631.68156
85 170.00 4268.02454 6560.37932 7352.49218 9087.60431
86 172.00 3059.08683 281.71397 4908.57098 2022.80347
87 174.00 3179.34870 5946.26124 3903.43463 7981.56899
88 176.00 6858.46687 9904.89189 8174.35452 1492.96388
89 178.00 3541.01165 8159.54565 8443.01098 9709.34378
90 180.00 3683.94922 2401.58132 9274.56042 8339.08547
91 182.00 9337.50888 6628.95623 7970.80579 7306.06999
92 184.00 7824.35750 6098.11441 3517.05827 487.07891
93 186.00 3569.24438 4244.15733 7470.07551 8792.80715
94 188.00 7224.79429 4160.65355 4728.83673 3631.06128
95 190.00 1206.47665 1307.17700 1130.05649 7269.38333
96 192.00 2621.40248 4492.74607 9803.77512 4991.26095
97 194.00 6072.12799 3738.15908 9849.04592 9285.07832
98 196.00 6666.67764 9451.23347 6546.05355 3068.94937
99 198.00 5370.46978 3728.43708 6044.10466 5902.54668
