3
50.0
30.0
1535.35
1500.0
0.6
100
0 0.00 4920.09470 5748.15469 6343.73844 7344.33808
1 2.00 5653.06806 9742.27537 7805.88210 5317.62437
2 4.00 7985.90977 8462.99342 877.30256 9224.96881
3 6.00 6100.31483 9929.49726 7519.07349 7671.15285
4 8.00 4309.46729 2768.64912 4512.88588 8805.40587
5 10.00 7389.36589 6504.43698 730.25787 6478.39863
6 12.00 3398.09719 5277.13968 6925.86167 8202.08527
7 14.00 4323.97171 214.83529 5747.37842 63.53957
8 16.00 8282.22643 188.71650 2252.29936 4271.49647
9 18.00 2588.52950 2228.89987 6745.38313 3266.19279
10 20.00 4577.53320 6654.01870 7699.27828 5744.38415
11 22.00 3546.45311 8803.11740 8672.43123 1526.04782
12 24.00 7729.92001 2061.44171 1815.86721 262.24491
13 26.00 6019.21469 8446.98318 7794.63218 5400.76251
14 28.00 9546.60595 3274.61048 3153.36249 2301.03855
15 30.00 2088.07254 3029.29507 4242.83639 2710.77940
16 32.00 9363.02266 2172.35809 3553.44765 1373.12165
17 34.00 8988.79632 4396.40940 8341.57243 3751.13942
18 36.00 4439.52463 7439.42379 7399.12765 3804.16565
19 38.00 4468.12387 3991.78201 2056.32268 3805.04888
20 40.00 8144.99416 928.51817 1750.96784 9132.83211
21 42.00 7245.18340 1217.03753 7566.06357 1203.58325
22 44.00 4891.08426 6048.48410 7496.82590 3168.79581
23 46.00 1909.81144 9851.52104 7997.91213 3598.58479
24 48.00 2552.84537 1119.92359 4569.53749 72.55594
25 50.00 8034.11673 4003.08348 8574.93073 3546.81100
26 52.00 9457.31784 8365.34635 4341.48885 8478.08157
27 54.00 3006.94438 9997.06564 844.51472 6435.81955
28 56.00 3896.86211 4713.61458 9513.09144 2747.16129
29 58.00 6473.59616 3232.70932 1407.35819 2489.98122
30 60.00 5645.79248 1279.48303 1557.58315 6950.70211
31 62.00 7622.87841 611.81460 8023.80273 8663.45061
32 64.00 6609.52190 3717.04039 4148.76370 1574.82694
33 66.00 1724.19989 9362.91587 9653.00189 7419.66671
34 68.00 8103.19675 1816.14692 8790.77412 1093.91576
35 70.00 1623.73714 4975.55392 3060.64817 6253.12488
36 72.00 9089.80853 2651.81345 3210.72735 7832.68899
37 74.00 3315.82047 8888.20451 342.22772 8720.28195
38 76.00 9135.76934 464.99450 3770.36771 5985.07477
39 78.00 5252.04600 1581.72578 149.38461 8971.88695
40 80.00 921.23899 9881.91508 1124.10590 4756.89370
41 82.00 9833.68787 8561.40427 5367.27201 1344.05396
42 84.00 6032.71096 6368.55237 3114.30882 4694.86981
43 86.00 9028.82950 1281.98611 6563.74272 3655.82727
44 88.00 6136.09572 7163.15293 4777.89845 7487.18916
45 90.00 8519.68471 1962.87096 2193.11129 1298.07612
46 92.00 9422.89130 2255.51841 821.88984 947.89190
47 94.00 4038.38532 8869.17924 1052.28210 2262.23404
48 96.00 1846.26756 6593.69359 3286.25759 9739.56745
49 98.00 6683.56363 5199.16926 5771.67109 8835.82840
50 100.00 7598.93618 1317.07097 4220.20952 6612.01828
51 102.00 5793.68560 9346.24410 342.25313 9060.14530
52 104.00 3850.30014 480.18432 1978.96153 1821.72470
53 106.00 1429.54466 341.14039 7947.72217 1618.85205
54 108.00 3225.32378 5720.86733 4838.44860 3439.01770
55 110.00 6287.12921 8169.89489 5772.01481 4521.04114
56 112.00 2148.36191 6213.12561 5458.79427 1178.19129
57 114.00 2793.05195 7685.11053 9238.85631 3372.54591
58 116.00 8925.26844 2552.84424 8069.88499 4873.55149
59 118.00 5489.00786 6632.48070 6680.12685 3423.75023
60 120.00 5190.72922 631.17771 3654.22245 6422.92693
61 122.00 9647.53550 1262.28169 2271.25056 4574.33439
62 124.00 1111.36966 5504.64770 2957.13433 8733.06739
63 126.00 3070.30405 4361.64108 9843.11699 829.67244
64 128.00 8669.67492 5047.23722 3975.58099 9412.49720
65 130.00 9985.44794 1948.77983 8400.12816 2218.57092
66 132.00 167.19238 7334.12323 3539.36497 6009.36299
67 134.00 1517.71192 8599.26198 5250.45224 8002.59989
68 136.00 3626.56150 2304.23545 9471.63500 5308.70074
69 138.00 3744.72120 1001.38073 1656.35516 6343.12621
70 140.00 6181.84263 8432.38793 7511.04181 1520.51080
71 142.00 9421.91988 6096.65553 8582.95196 2784.21380
72 144.00 9590.56765 9488.99108 2964.96431 9009.56620
73 146.00 9720.08865 8937.44495 4680.04147 1361.19878
74 148.00 9381.43330 3.53613 2513.29241 5557.57379
75 150.00 3116.05351 9230.52152 6131.17267 9592.75753
76 152.00 592.22227 4103.75529 1437.91567 8224.41251
77 154.00 7645.92930 8069.88276 9509.10613 2424.63063
78 156.00 7863.12850 6460.84625 3909.99664 1933.71298
79 158.00 8343.29027 705.31638 9633.57344 2762.17871
80 160.00 8926.38500 1234.71422 7396.54985 9443.41106
81 162.00 1518.46202 4433.81355 6722.38069 7605.84595
82 164.00 107.69037 1172.92013 3111.60591 1026.12211
83 166.00 6285.45736 4711.09332 6604.21434 2988.22215
84 168.00 1248.64493 7429.11731 4543.67430 704.02733
85 170.00 9789.92960 9105.06164 3413.77190 2721.02788
86 172.00 9879.59408 3815.01711 8911.16748 1128.37573
87 174.00 4665.25684 5849.78574 8762.42323 6914.36923
88 176.00 7944.55614 7584.59533 2246.33414 1030.50166
89 178.00 9976.05307 6033.16068 5990.46982 3625.49381
90 180.00 8693.61288 6649.10611 8367.09117 9632.44419
91 182.00 4216.74118 6380.59907 8651.67244 2802.03565
92 184.00 7240.52368 2758.65636 2516.70805 5078.23552
93 186.00 4196.45359 8362.96247 9830.86611 830.93360
94 188.00 1011.30983 8059.91489 2427.44219 4949.76083
95 190.00 5910.84439 6656.28487 1039.65454 7809.21927
96 192.00 7085.29089 5606.70760 8374.12026 3758.22340
97 194.00 5189.66786 9252.43092 3825.87225 6016.62309
98 196.00 5903.43035 7935.99968 9540.71478 5756.25525
99 198.00 1174.73364 7640.30674 3607.00828 6726.09394
