3
50.0
30.0
743.43
1500.0
0.6
100
0 0.00 7843.13977 4353.53708 7873.26771 5445.26880
1 2.00 2361.54319 6626.12257 778.94403 9308.63259
2 4.00 5741.88291 4866.30306 5921.63135 4629.08434
3 6.00 5550.87701 8220.23052 1761.74002 9558.83446
4 8.00 696.07635 1087.44634 8140.66720 7713.43379
5 10.00 3789.11013 4942.95147 6601.64759 905.33005
6 12.00 8170.33590 8872.61537 9032.56005 6361.32820
7 14.00 1.84340 1467.25354 1492.16432 5312.55821
8 16.00 3899.82660 5779.31415 1956.66620 6815.16788
9 18.00 3165.97717 5702.76408 9132.04265 3045.50133
10 20.00 9433.33297 4347.27033 9825.80304 3442.64626
11 22.00 892.87405 81.19252 9864.21648 4041.97416
12 24.00 1275.55697 2941.84663 3692.22894 5488.85137
13 26.00 531.27311 7033.54124 8207.53284 3592.44631
14 28.00 8612.47840 8656.79637 2352.41170 7022.21882
15 30.00 3942.68324 3181.27310 3827.89615 3815.65045
16 32.00 5451.18788 6624.87560 4748.71413 1882.26838
17 34.00 3845.95058 9244.82043 8399.62687 1542.67291
18 36.00 9974.56043 6700.66082 1342.77448 717.45997
19 38.00 157.07799 7213.39232 4867.01337 4367.35116
20 40.00 9902.17642 846.63444 6422.42900 4158.55466
21 42.00 4560.28654 7889.28425 6044.29513 4257.04171
22 44.00 1797.97377 5094.14914 5520.50030 4500.45767
23 46.00 3553.07231 1857.91034 6045.73257 5779.38501
24 48.00 8468.03887 2367.49967 5017.28805 4108.37814
25 50.00 5461.66260 3669.70025 9782.33449 5681.49578
26 52.00 7048.82543 1131.64370 4815.32909 6904.97265
27 54.00 1420.87480 7312.93183 9835.79098 9836.68378
28 56.00 7788.69817 4649.36327 782.34602 8899.15478
29 58.00 884.46351 4724.51572 7416.86111 9604.11047
30 60.00 780.81918 6336.87664 7980.98241 3124.99721
31 62.00 527.74272 3435.46171 7785.27133 4688.68810
32 64.00 5126.63110 4692.32392 7338.14547 4210.16107
33 66.00 9605.81302 7982.23222 2892.08443 353.26240
34 68.00 9228.64516 7494.25279 7269.71714 5637.06273
35 70.00 614.17763 4731.60532 1690.79241 516.19885
36 72.00 9903.64829 8088.95780 6243.17005 2868.15654
37 74.00 825.10167 5055.96109 8514.45256 2778.48797
38 76.00 1325.38763 2809.71931 8578.58384 142.03010
39 78.00 1115.49404 1746.13848 5917.70125 1511.35613
40 80.00 4466.53168 8078.40691 2612.52588 7007.74873
41 82.00 4849.18514 7993.72006 8620.14428 3428.47995
42 84.00 844.01466 1450.70252 9339.41855 1541.50299
43 86.00 4959.48276 9935.85575 7703.67789 2379.47439
44 88.00 4401.85008 6375.74666 2108.56747 7343.61111
45 90.00 3450.75719 6422.61097 7554.83931 1159.94364
46 92.00 1676.00397 3987.44803 3013.67130 7461.50545
47 94.00 7524.27853 5325.20832 3798.00794 7056.07805
48 96.00 4745.89581 1451.49831 8702.77736 118.63040
49 98.00 9272.22526 4488.20624 6784.93405 9617.62723
50 100.00 6828.76311 410.17615 9177.12141 6374.24151
51 102.00 9561.83656 4317.85879 9180.42016 8583.55673
52 104.00 3349.67407 2670.87816 982.76788 6543.43282
53 106.00 3911.53764 7731.51015 7490.90912 7343.13456
54 108.00 5887.24291 1949.25685 3374.06603 6902.78329
55 110.00 1799.16652 5476.12555 6728.01860 8316.89500
56 112.00 119.61411 976.98759 1039.07285 4459.42203
57 114.00 2194.16326 2832.97019 1930.79531 237.00473
58 116.00 919.41283 9385.05468 6566.05519 8354.59137
59 118.00 9504.88959 6380.82885 7080.75106 1199.77110
60 120.00 8564.40824 1299.07253 6563.94629 8998.97215
61 122.00 5660.68804 9671.65509 8960.01630 6956.53634
62 124.00 2533.35739 4669.55577 9361.82060 6387.80508
63 126.00 9226.95391 2763.83562 4269.83399 9033.91493
64 128.00 7698.80509 3234.04128 1619.66032 739.97060
65 130.00 7771.05950 3827.99002 3326.54737 600.58648
66 132.00 9556.05699 2646.64852 4405.74833 4917.21786
67 134.00 9285.86298 6103.01885 1784.42170 4920.57294
68 136.00 1438.72600 7687.07323 2183.86498 6433.38167
69 138.00 9126.09223 7154.00318 1032.87116 729.19503
70 140.00 5713.44560 2505.96350 4458.82052 8965.12393
71 142.00 1488.54275 6403.35269 9328.93724 6646.05836
72 144.00 2664.36481 7000.55199 9046.17543 5746.40252
73 146.00 5153.83003 9399.11073 4906.79454 4360.57667
74 148.00 8440.49154 7809.37037 7853.81705 5401.28717
75 150.00 33.07360 9541.55346 8179.76659 4820.66342
76 152.00 5672.43886 9350.42188 3589.18327 6818.35736
77 154.00 4006.14798 6322.72527 9588.23887 906.66975
78 156.00 5346.26297 9609.25522 804.56785 4596.39354
79 158.00 7665.08090 6477.92572 1766.18305 393.31183
80 160.00 3841.63675 1910.03161 6958.82279 8964.60698
81 162.00 6306.17057 3592.61122 848.62485 6327.91269
82 164.00 7353.24183 1399.42952 1930.92719 7197.39035
83 166.00 5929.45428 4892.32550 629.92631 5405.52047
84 168.00 3077.30880 5339.40047 8342.50292 4493.07278
85 170.00 9958.33628 370.42680 560.54453 7877.78532
86 172.00 428.14533 1181.87109 8071.03706 6673.16418
87 174.00 4583.70365 6780.77823 8742.55393 1489.53630
88 176.00 5793.45712 9248.15812 368.77667 1415.90472
89 178.00 6538.31527 4712.19636 9180.19076 458.01694
90 180.00 7012.96811 1305.37734 1722.49009 499.57997
91 182.00 3073.37335 7936.97105 4561.84593 1706.89388
92 184.00 5910.42489 8178.00178 1063.31200 4971.43497
93 186.00 7991.75222 2205.72524 8044.53531 4262.11464
94 188.00 8115.21030 9821.92753 6783.97837 3242.34941
95 190.00 9758.53269 5759.67010 1373.29402 8364.27092
96 192.00 7931.01670 7642.27882 5930.85253 3355.03728
97 194.00 1207.45490 1412.36803 4151.54324 6962.95786
98 196.00 5534.07730 4386.61212 9256.75531 406.98894
99 198.00 999.67851 8473.66710 6124.41505 7776.61638
