3
50.0
30.0
5000.00
1500.0
0.6
100
0 0.00 4071.45681 1761.43692 9787.45665 9939.47941
1 2.00 9081.55782 2572.35149 3101.11484 5753.08454
2 4.00 3066.05591 6714.71889 3384.31553 9176.13644
3 6.00 6737.04190 9145.40316 608.72241 3198.80791
4 8.00 1924.63698 4990.87430 4903.44731 8497.72552
5 10.00 795.31916 9959.68442 148.73819 5083.45651
6 12.00 7011.19166 8772.16603 1922.45913 8384.86291
7 14.00 9032.18627 5494.34293 7211.77783 3433.61790
8 16.00 5995.05630 9002.61771 4935.43751 3164.27481
9 18.00 9319.93490 1872.94871 2603.29423 697.52616
10 20.00 3442.65006 3231.47618 9622.60662 9644.28257
11 22.00 7377.55245 8405.25478 1646.89211 2284.13895
12 24.00 8058.23519 989.69910 9236.31578 2737.79733
13 26.00 2309.91930 9102.89605 2460.97689 9661.98422
14 28.00 1338.98956 9595.50720 4579.84579 2792.50713
15 30.00 6433.67669 2872.66286 2279.01308 7175.60895
16 32.00 1454.79780 7022.23467 3450.50958 4565.49194
17 34.00 4285.87198 9189.33041 4988.86240 6435.53292
18 36.00 2823.69374 7073.67905 2949.35033 8567.68324
19 38.00 4724.47902 4544.18861 2618.28092 6364.57643
20 40.00 3933.44415 2739.47708 6203.56005 1503.39803
21 42.00 8678.52187 7387.46634 5099.34509 6614.96347
22 44.00 2958.19104 5629.20435 101.72519 4506.82265
23 46.00 8978.90022 6591.05471 744.76779 321.91572
24 48.00 5723.05757 5590.36369 2915.67206 1737.41427
25 50.00 5078.62018 5789.40128 2476.30477 3792.70268
26 52.00 2596.73395 1211.01842 5027.62982 4236.71017
27 54.00 5059.20510 9604.06554 4698.33813 7748.16841
28 56.00 9675.11311 8666.31424 1799.34474 5157.18099
29 58.00 714.38864 3423.87346 3637.27566 5637.53684
30 60.00 5678.75878 3616.60672 8486.19080 5287.91545
31 62.00 2610.42291 2644.99103 9879.67829 8922.37860
32 64.00 3502.78072 1169.76393 1473.86976 7705.82834
33 66.00 2868.21449 9191.25045 2752.32912 7167.21727
34 68.00 4673.98127 268.26348 7721.72444 4144.03974
35 70.00 6523.12742 711.15657 7337.48296 5909.21196
36 72.00 6103.51195 2924.59482 3226.78111 4497.99974
37 74.00 7495.18072 6558.22157 2694.82254 3261.46563
38 76.00 205.49795 4725.83996 9968.15143 7282.34633
39 78.00 1235.12053 5230.47113 733.24260 1007.54297
40 80.00 713.71966 3934.49778 6373.87292 946.61087
41 82.00 6600.06981 787.28492 2560.27522 7681.67246
42 84.00 9746.77306 5052.20201 2174.09393 4643.99551
43 86.00 9715.87713 518.49347 582.39634 8557.33887
44 88.00 4439.48478 6217.16033 9470.01946 7215.33097
45 90.00 6384.60892 9326.42759 3848.29996 2173.12874
46 92.00 4437.84761 1793.05374 2553.70674 6567.71793
47 94.00 7629.83880 9881.49756 1300.01906 3347.10214
48 96.00 1529.22601 9577.81693 4960.32347 5252.75864
49 98.00 2553.34338 4910.88637 4812.63463 6215.11869
50 100.00 7911.45017 8477.13170 2416.17191 6042.65831
51 102.00 5171.13063 4946.31966 3288.11639 7003.68829
52 104.00 6517.67635 6203.16607 6217.15541 8358.02755
53 106.00 1951.64370 5657.12369 1088.36493 5191.78765
54 108.00 3619.48634 2677.05985 8663.65706 8064.98815
55 110.00 5453.47360 2245.30920 5069.41772 3623.22081
56 112.00 9730.93970 8902.95219 1536.12036 1655.78480
57 114.00 8085.73411 7423.66453 178.54766 4194.09594
58 116.00 9179.39181 1046.59843 6032.77331 5772.89509
59 118.00 1659.46934 9285.18424 4463.33161 8009.56782
60 120.00 8311.74416 9938.98559 9577.41716 3611.17271
61 122.00 3314.92780 2238.81045 9611.84779 706.77012
62 124.00 6475.99238 5741.31988 7740.62978 712.32906
63 126.00 6651.42076 6411.46282 8172.82502 3294.67884
64 128.00 3829.22827 635.72523 8318.46196 7494.40119
65 130.00 8593.70392 3794.59876 6304.47761 1424.97928
66 132.00 8026.28033 8017.71186 7858.95773 1715.29870
67 134.00 5283.43912 3076.92086 6108.05957 5630.51137
68 136.00 8878.04932 8216.84692 6703.25197 7553.38228
69 138.00 8778.87722 564.01124 49.98649 1206.24577
70 140.00 1252.36481 3255.87274 5127.35902 6518.46081
71 142.00 8745.87146 7855.74834 1932.81055 6140.66487
72 144.00 27.96429 9003.39188 8871.22694 8346.84967
73 146.00 3830.76370 5980.82306 1706.04570 5562.88626
74 148.00 6336.96970 9068.63569 6836.64323 7089.17475
75 150.00 9255.23586 4979.39417 6755.23138 7934.46305
76 152.00 7747.07892 1789.85949 9108.27953 6763.24208
77 154.00 4757.29162 1944.34800 767.10930 8817.71366
78 156.00 1635.18709 2601.47421 7932.08437 5390.59285
79 158.00 1339.97722 6563.29714 4444.72986 4460.66026
80 160.00 1928.15220 970.25739 8611.15364 2997.86279
81 162.00 6541.39501 2676.55520 7829.98627 1150.41849
82 164.00 7064.80679 3756.08315 2701.65930 9690.72928
83 166.00 5746.88919 9722.03462 7628.67083 3843.64107
84 168.00 6329.94944 6691.31765 5528.63838 63.42366
85 170.00 5746.99379 9321.90483 8286.78713 7669.15921
86 172.00 4467.55655 6648.33293 8437.96420 4504.66878
87 174.00 9234.55478 6657.63770 4140.28850 3314.13247
88 176.00 6470.56777 587.92094 6739.06290 8956.99185
89 178.00 1560.54842 886.73231 9078.81261 7903.07522
90 180.00 9376.98947 896.47074 5312.53207 4529.31085
91 182.00 9972.17454 4768.61994 5790.52069 2738.88791
92 184.00 8286.71535 3732.85163 4296.34183 9118.24614
93 186.00 6192.40592 8060.20032 7281.98055 6862.96898
94 188.00 7962.00708 9686.29704 7199.20459 545.92212
95 190.00 2703.17310 2721.10760 14.69998 811.76437
96 192.00 9872.41836 3922.11368 3720.39388 4536.01847
97 194.00 6943.85576 4614.37914 4192.53221 6423.98185
98 196.00 7697.55005 9281.18478 3627.53449 4579.81526
99 198.00 1925.80377 1392.67747 6428.84139 4796.94217
