3
50.0
30.0
3762.63
1500.0
0.6
100
0 0.00 8066.65115 4677.42830 2040.23900 6714.80971
1 2.00 2214.47331 7429.05043 1677.44825 7358.30384
2 4.00 6568.11735 4612.04292 7198.16422 8268.29681
3 6.00 1700.11855 7297.13851 2850.81028 5049.92131
4 8.00 2679.01715 2138.27078 9796.88526 4260.84523
5 10.00 3914.36972 7969.48277 5802.60308 333.85274
6 12.00 103.76523 5487.15528 4307.91388 7199.97473
7 14.00 7272.56969 7477.89885 2078.72711 8588.57689
8 16.00 1542.51921 3095.41786 9239.74751 4472.74050
9 18.00 7687.93736 8865.68171 6279.49750 1977.02286
10 20.00 4690.28574 3574.03931 3630.67296 9394.45118
11 22.00 913.65714 9917.19674 7949.59419 7868.92018
12 24.00 6163.60058 232.08891 1978.27522 967.27490
13 26.00 4148.33645 9152.91562 7711.63603 6569.32761
14 28.00 3657.46980 9495.87059 1074.42327 2855.64127
15 30.00 7512.27144 8146.09656 7157.72430 4184.66899
16 32.00 9613.66084 8353.91598 2549.41597 4937.57559
17 34.00 2134.08043 9604.01498 2338.09267 4404.79947
18 36.00 5491.02313 569.59389 7709.92903 8918.60246
19 38.00 7115.39442 1307.67945 9433.84778 299.94441
20 40.00 3317.55030 4367.43165 9183.90848 878.75728
21 42.00 1913.82486 5423.20317 8939.28999 7401.50090
22 44.00 4425.42621 5934.15018 9223.63086 5397.45878
23 46.00 2363.89473 4450.60576 2455.11590 2640.22979
24 48.00 433.96060 8194.11154 5081.11233 6189.69643
25 50.00 5033.63915 3950.71366 7469.06447 577.57841
26 52.00 2397.43650 5115.03993 5706.48429 5916.92662
27 54.00 6730.66336 2804.18786 8022.15082 9523.01872
28 56.00 1653.99561 9303.38898 2981.70267 8748.65407
29 58.00 3583.27078 5283.89703 5948.64632 1768.04110
30 60.00 1120.97980 8202.47733 6860.29251 3888.75894
31 62.00 8225.44547 5044.03900 634.97707 5211.13005
32 64.00 450.06865 3301.17478 3103.41361 6218.97774
33 66.00 3817.60809 6.91771 2996.54943 8023.80972
34 68.00 2119.37558 4023.61201 4412.96103 4595.55860
35 70.00 7346.55305 5828.38916 6570.73429 8813.40787
36 72.00 4260.29243 1862.62691 1157.92355 3380.29214
37 74.00 9850.12962 2377.39747 5745.52900 6805.79472
38 76.00 6987.52525 9790.34404 5512.49137 4087.75327
39 78.00 5027.08448 9261.94166 701.29876 5630.28976
40 80.00 6388.30506 424.05157 8285.47793 1226.23208
41 82.00 5211.33792 2216.10898 2166.75016 1310.22147
42 84.00 5438.08046 7146.48781 6615.07662 12.69460
43 86.00 8149.22469 5156.24920 3156.53427 3.23711
44 88.00 8626.06868 1673.50274 3387.35981 8545.83580
45 90.00 1930.22875 5186.58273 1059.28019 8759.71197
46 92.00 311.66606 1843.59453 2943.03326 3538.20800
47 94.00 4656.97744 9631.08462 926.42582 3747.82462
48 96.00 547.99016 7476.73608 6540.75606 906.16395
49 98.00 2952.03616 5682.04357 5783.98392 1896.92765
50 100.00 4011.71883 7844.10288 3736.77247 8770.87186
51 102.00 3360.42942 5755.86797 6718.42954 7396.95011
52 104.00 5931.15622 8333.14195 5763.88325 5322.54789
53 106.00 814.83919 4330.99492 6602.64295 768.02913
54 108.00 77.86822 114.68132 3111.88866 9479.20569
55 110.00 5974.45643 2040.07467 1629.36179 8355.77473
56 112.00 9582.53613 5584.99634 7153.88432 7814.13293
57 114.00 9357.62465 3656.40320 4903.95702 9117.78366
58 116.00 1014.13187 4225.64448 1536.98243 5909.91558
59 118.00 2075.35713 1404.97178 7624.06172 2794.48536
60 120.00 3530.14381 9617.20490 420.91255 8715.33550
61 122.00 8596.04886 8083.68648 413.48574 521.62125
62 124.00 9920.26246 2131.97391 8727.82101 730.41766
63 126.00 9289.16219 4960.26705 5221.50297 3487.56562
64 128.00 1544.99521 4489.65842 5409.01296 3886.59853
65 130.00 1062.16796 6905.05951 8962.96315 9816.41488
66 132.00 9051.15414 7889.93224 7406.56459 7208.14802
67 134.00 6496.66542 9168.50031 9946.77330 5919.08999
68 136.00 8301.67132 9431.92520 4293.26231 4903.86633
69 138.00 933.02400 1101.67422 5543.67307 480.66287
70 140.00 6432.20127 5420.42412 8992.17398 6672.25426
71 142.00 1317.59680 6681.74660 6450.69791 2300.22340
72 144.00 6795.47203 8437.56263 9261.65158 1956.67059
73 146.00 1821.09641 3571.77232 8748.16639 5079.68446
74 148.00 4953.21353 7206.43296 1356.58041 4291.91036
75 150.00 1506.43417 1150.22106 2844.88937 6627.49956
76 152.00 6000.32899 5549.71506 6875.23980 7011.13869
77 154.00 9964.42853 8154.58410 8458.18460 8814.73151
78 156.00 7038.92718 6332.65861 5707.20544 4045.61347
79 158.00 5475.72933 9668.86523 3593.10203 3437.79923
80 160.00 890.53736 1409.81762 489.53189 2171.52356
81 162.00 4221.92529 5188.66763 4049.48211 2740.85200
82 164.00 1032.18622 6890.36622 5567.97465 133.29091
83 166.00 2551.08779 7962.46438 4070.69794 425.01143
84 168.00 5411.15349 753.76724 6111.84794 9070.36715
85 170.00 2566.54367 8044.42344 5518.10852 2360.85782
86 172.00 4248.52092 3256.83283 2804.89449 8752.81560
87 174.00 298.37115 4039.40074 5906.22564 8115.55034
88 176.00 7402.02422 8286.34373 9117.22150 347.31510
89 178.00 8276.95773 6923.10825 4567.33527 3404.80278
90 180.00 4321.98395 5575.01854 6842.57005 6376.78143
91 182.00 9145.52561 3483.87223 6538.61240 4871.11570
92 184.00 1416.59585 9828.02013 781.74035 1430.75173
93 186.00 6186.62765 160.76202 6202.98031 4543.00887
94 188.00 8593.94699 6505.42449 9077.01056 1791.41591
95 190.00 8479.72000 6744.82925 6271.00755 2876.54768
96 192.00 4062.36386 3905.34413 855.75304 6005.70223
97 194.00 3453.96490 448.96231 3907.46116 8566.80572
98 196.00 2856.91079 1389.83946 9804.10029 4008.54223
99 198.00 4694.13221 2934.93119 7121.99803 8901.37006
