3
50.0
30.0
2525.25
1500.0
0.6
100
0 0.00 3616.05622 364.99429 9749.67226 1088.53100
1 2.00 5102.59891 5005.98547 4833.72629 3013.37182
2 4.00 1455.74422 2352.93480 8640.94416 8116.95026
3 6.00 3075.99530 3072.38562 4192.76140 7389.20702
4 8.00 3784.03698 1523.60379 1104.62845 868.80649
5 10.00 7906.29906 4328.23634 2527.77819 7382.54791
6 12.00 3562.80328 3569.17204 5748.32050 1720.67538
7 14.00 9698.96558 6599.24810 2764.12277 2830.54908
8 16.00 8183.60329 7664.14934 1010.75349 7102.57453
9 18.00 4930.57622 1955.64781 5504.31237 5311.96417
10 20.00 4635.99311 25.21454 6686.90104 2335.01727
11 22.00 2253.47305 6771.68217 7889.55020 5004.42795
12 24.00 8640.00078 8062.91552 7240.15654 5282.35089
13 26.00 2772.27443 8013.70751 5368.40342 9930.72423
14 28.00 4051.51608 8661.71343 182.86544 8467.42243
15 30.00 8165.58675 9929.63307 1817.44837 1609.97866
16 32.00 8781.62655 3110.02085 6565.11521 2789.65891
17 34.00 8021.47230 1864.88109 8631.89854 1184.63864
18 36.00 4014.48578 3109.55358 7439.74179 5278.92585
19 38.00 41.91286 9459.68086 4966.71260 1004.80115
20 40.00 7299.80786 8722.95056 3850.50558 9874.54288
21 42.00 2026.35759 624.81977 6988.67360 1050.34572
22 44.00 4467.21811 8280.71964 6228.97644 9124.19133
23 46.00 494.98648 894.65445 2760.22479 9383.58396
24 48.00 2098.56602 9189.83586 4748.43873 1167.76446
25 50.00 1069.37824 6898.58850 7475.38538 5896.94007
26 52.00 4666.34771 6522.31556 4149.40879 7806.74284
27 54.00 1049.62288 6303.40954 3879.53757 9273.12852
28 56.00 7605.59618 9399.06749 6837.42909 6168.39014
29 58.00 7512.55855 509.28538 5073.26746 985.22176
30 60.00 6480.14175 8454.01004 6361.32542 8214.75607
31 62.00 3286.56754 3646.58579 94.25585 1204.80329
32 64.00 2060.33028 4375.49512 2234.56877 5301.09139
33 66.00 7061.68801 226.33817 9226.23978 5581.11709
34 68.00 6759.95714 8371.20976 5225.86239 34.63115
35 70.00 1376.01821 4679.82006 7604.52792 7150.58872
36 72.00 4679.48259 9454.93411 1057.83622 274.90374
37 74.00 6902.59416 1110.68195 6155.69461 9759.47960
38 76.00 1546.28725 8937.57278 6768.46106 8791.15267
39 78.00 5880.78645 9878.44135 2513.14211 4904.10006
40 80.00 1206.14466 1979.65484 3388.48001 2266.85033
41 82.00 4474.08698 4192.25324 8632.91160 8996.70302
42 84.00 69.74110 7982.68894 5470.29883 6737.36414
43 86.00 7163.18030 3663.36404 3518.97988 8671.31583
44 88.00 5005.01298 147.30477 6513.31844 6691.29676
45 90.00 2931.60224 7984.02554 1349.53441 8763.38962
46 92.00 9640.08765 1622.69264 8242.40507 3907.03072
47 94.00 380.51440 9933.14195 6024.64822 7634.18357
48 96.00 5514.86033 8469.15934 2595.81599 6663.81795
49 98.00 199.23101 8008.47020 6822.40260 3565.07309
50 100.00 4369.30661 6900.93541 2459.07818 8497.04467
51 102.00 9143.90683 3646.77121 7485.67812 8774.71879
52 104.00 1420.37556 3218.54063 7357.99880 8387.29563
53 106.00 8946.49120 8234.51431 3883.95191 44.11820
54 108.00 9277.43644 2175.85617 3639.78677 9792.25128
55 110.00 9549.91168 6487.77735 7668.43753 8927.88036
56 112.00 1565.40746 8485.34623 7028.16276 6948.38145
57 114.00 6200.02780 8657.02534 5778.87305 2885.58398
58 116.00 8552.79455 5033.89217 2203.90648 102.18898
59 118.00 9128.74722 7385.90206 6006.87018 8094.89564
60 120.00 8140.47426 3163.92823 2286.33158 1473.60102
61 122.00 3683.00959 712.68256 4762.71173 3647.28412
62 124.00 8075.42754 5500.49506 3881.34753 2908.01647
63 126.00 7129.15136 2450.68030 6677.46603 9357.18131
64 128.00 8625.01765 2326.72545 5499.50615 934.72399
65 130.00 3258.51634 8201.85379 8804.64455 2761.37284
66 132.00 4986.68920 2595.76677 9936.25098 4905.83975
67 134.00 8202.62893 5852.07803 4244.86286 9591.56209
68 136.00 3200.57299 2467.81905 3369.60035 7444.60000
69 138.00 9143.94087 1111.67089 5460.08660 763.60024
70 140.00 4490.40107 4926.79293 8071.80003 1339.86408
71 142.00 5922.75332 7650.76858 4977.50539 984.62376
72 144.00 3622.80587 1547.64476 8540.81928 6394.91812
73 146.00 7624.27231 8120.98180 4618.59779 2270.82750
74 148.00 3833.52392 1535.08285 7867.67887 4351.31682
75 150.00 7381.45775 9907.75260 7717.01874 4228.51501
76 152.00 4625.75983 1413.46425 3581.03045 4415.42947
77 154.00 273.16469 2035.74203 8269.10067 4638.45269
78 156.00 3616.53800 8055.08966 7546.98699 4806.84344
79 158.00 9949.07928 7526.38483 4811.54439 7226.60095
80 160.00 2165.13031 4866.75980 3068.95621 2282.70915
81 162.00 159.45746 1857.12396 4423.00493 8213.37946
82 164.00 8405.36626 5032.54867 3243.17624 4590.18750
83 166.00 1810.67894 498.10537 5626.22489 3323.30788
84 168.00 7705.77816 3944.27238 5280.77307 9812.65173
85 170.00 8935.02947 1859.36492 5161.94417 3002.57385
86 172.00 456.93244 4166.19460 2506.71671 102.85597
87 174.00 6527.02651 3772.46951 2068.74424 4782.34797
88 176.00 675.97798 8348.34842 2065.27233 3382.57307
89 178.00 7266.29135 9668.95133 4008.86733 4175.68957
90 180.00 1383.63155 6037.42057 2178.88109 5290.13823
91 182.00 7220.35561 8358.95594 6073.81463 4064.36972
92 184.00 6718.21927 302.09547 2632.46242 9185.22544
93 186.00 5233.15549 3933.84327 6794.23461 1763.64907
94 188.00 6939.21710 7801.72097 7774.20776 2597.08241
95 190.00 3468.53135 253.99347 5248.26303 8342.43883
96 192.00 7720.02855 4742.65368 5777.10505 7422.03706
97 194.00 9569.93095 3273.71885 8537.54419 4290.64303
98 196.00 2573.72378 88.34566 1918.52053 6562.37623
99 198.00 3216.69030 4502.31843 7367.45383 5001.91626
