3
50.0
30.0
693.94
1500.0
0.6
100
0 0.00 5573.40298 9486.01564 1183.87291 3175.97589
1 2.00 8796.38122 7270.79533 7654.35013 8801.31900
2 4.00 4140.40155 4112.51763 4430.04487 9337.68524
3 6.00 8941.30093 9332.50030 2737.96165 7791.07885
4 8.00 1067.71433 1847.46497 7624.47484 6119.81598
5 10.00 2668.62613 5670.43093 2309.11349 2321.82534
6 12.00 6873.77885 3592.61335 6881.41285 4766.02220
7 14.00 5023.24587 6047.11760 7120.19128 3739.59401
8 16.00 8521.29432 4914.45597 1375.12722 1932.59829
9 18.00 322.29553 7645.38854 150.14260 2698.58703
10 20.00 4130.44022 7423.66662 9882.43417 7577.76590
11 22.00 661.36324 9271.03206 9856.27640 8671.29003
12 24.00 4899.42899 3248.95627 4575.44929 2467.83841
13 26.00 4048.66768 418.26275 7353.31780 3803.74169
14 28.00 3128.97491 6115.04875 7424.67855 5938.05801
15 30.00 5252.30532 8757.82972 7869.19862 5206.49091
16 32.00 4516.09593 8270.10102 424.15916 9958.36372
17 34.00 5187.02653 3956.11197 7351.70082 5577.00950
18 36.00 5161.26683 6306.48553 492.95449 2911.79362
19 38.00 3980.39891 3045.54148 8276.21008 4613.47164
20 40.00 4224.62182 6131.34279 545.46667 5169.69650
21 42.00 1422.39619 8298.93504 4516.98088 7226.46791
22 44.00 1131.71586 7787.31142 9378.42458 6961.14142
23 46.00 1353.06674 4135.59305 4508.85855 1788.78579
24 48.00 5903.15475 7126.34391 2019.32005 4546.83208
25 50.00 2500.82294 6917.17428 9071.62463 7964.86222
26 52.00 7183.74720 1235.44217 1141.64939 4493.98418
27 54.00 3629.43389 5238.17306 3840.87374 7910.66594
28 56.00 5116.66451 9497.53889 3786.78631 3806.07009
29 58.00 7682.60324 9122.52779 5654.91579 6595.30341
30 60.00 1500.89735 8688.18537 1788.66765 7120.47488
31 62.00 4195.81691 3095.18305 7686.30422 4462.58234
32 64.00 6264.52850 1175.53978 1315.71032 2028.51705
33 66.00 6225.60328 2531.10975 4586.42658 8554.11056
34 68.00 5435.01160 57.50549 8827.02921 2378.78354
35 70.00 5888.62327 4757.11990 4101.51366 794.04917
36 72.00 6001.02104 2447.13171 5473.41610 6197.66039
37 74.00 5575.48648 8252.52505 489.18800 1482.56168
38 76.00 6532.76878 367.21052 8538.29287 6669.96543
39 78.00 8380.14436 2984.41547 9203.84698 490.31363
40 80.00 4169.56924 1782.48392 6720.90495 6110.89756
41 82.00 6915.13618 5949.68986 7873.07580 1774.19267
42 84.00 4553.37828 5789.66292 9314.79819 931.26288
43 86.00 2992.94482 3685.69425 3789.39352 676.66678
44 88.00 4273.23839 5504.71083 2928.32713 1345.45789
45 90.00 6946.19438 2744.18543 5270.52733 5246.46209
46 92.00 6958.29497 6120.53745 1093.02234 7297.28520
47 94.00 6289.78599 9871.89264 4836.62983 6886.54278
48 96.00 9338.91675 9862.78442 2871.87304 6088.44607
49 98.00 3164.88558 5253.91225 9950.24336 3538.53344
50 100.00 1297.13138 5626.34338 5197.05800 6318.57607
51 102.00 4925.04454 1799.07232 6094.05758 7085.87068
52 104.00 9792.57660 15.80917 239.86798 6254.60742
53 106.00 1179.25724 8480.69789 7995.64351 9989.87007
54 108.00 4140.41140 3337.92257 5604.15505 6375.03544
55 110.00 112.97268 2011.87139 2816.26703 7901.95503
56 112.00 3077.72549 5066.89627 3239.23839 61.31262
57 114.00 6858.35789 3413.61585 7243.96643 6159.93343
58 116.00 291.17382 1756.29088 3305.14832 3379.36855
59 118.00 6724.72957 9161.63053 7972.54384 6456.52221
60 120.00 4814.95523 6272.00488 8920.58327 5369.67545
61 122.00 3351.09655 7839.89033 4139.53065 7425.84646
62 124.00 8351.05736 2993.43747 7249.64154 3155.02841
63 126.00 5358.85476 2082.62470 6854.93300 7995.35333
64 128.00 8880.29470 3535.95540 9696.13292 2804.60029
65 130.00 311.73165 9836.18769 6265.10848 8424.05775
66 132.00 5709.81641 3895.66274 5951.91867 8645.93691
67 134.00 7515.40209 7052.66184 3144.99398 316.28216
68 136.00 4138.69568 4970.54434 2376.42246 4519.06330
69 138.00 9507.26750 2161.39879 3023.18299 1122.31272
70 140.00 7849.43983 7777.90391 9133.53846 4437.74093
71 142.00 249.34775 4826.63191 5000.54308 1902.11679
72 144.00 9236.36768 7324.41067 5236.27962 7755.33209
73 146.00 1432.95048 8717.98985 8221.38518 9380.23847
74 148.00 6767.17289 1327.17156 7245.70632 4593.68411
75 150.00 7136.77390 5223.44873 41.09869 9323.37344
76 152.00 6870.52331 5942.87581 870.75892 4668.75902
77 154.00 461.39770 5205.77712 6589.84287 3124.80800
78 156.00 5775.59834 3121.42898 8921.35584 3208.80370
79 158.00 1925.45640 2766.49539 3191.49791 4411.15623
80 160.00 1176.50839 1493.20723 2736.36886 152.56717
81 162.00 6229.44963 5140.60662 2065.77380 3503.18138
82 164.00 3184.84912 1415.56829 7043.53696 2832.67696
83 166.00 2448.25074 712.42871 6132.62884 3387.38893
84 168.00 4436.47638 1300.74002 4707.35579 6754.95938
85 170.00 1059.26919 537.99876 4264.65745 1789.82993
86 172.00 5961.21363 5927.56224 8361.74404 6993.65500
87 174.00 6163.15338 3124.40651 8174.41979 7128.98685
88 176.00 6708.70265 5334.84929 9736.81889 7557.42936
89 178.00 4656.95363 1317.95280 8128.51018 9196.89042
90 180.00 4682.75905 4555.84171 6844.77975 7102.15902
91 182.00 4653.96564 2316.94214 2237.94454 8610.96277
92 184.00 6169.42087 9128.61611 3920.76918 6996.14621
93 186.00 6651.80619 7887.78706 8824.03890 4532.83068
94 188.00 302.64132 4753.34362 3514.40821 4612.41684
95 190.00 1708.01545 7679.41515 6044.40231 1273.94002
96 192.00 1029.32210 8175.52892 7967.57773 3258.69728
97 194.00 6494.51413 7924.30940 5327.45566 4008.16475
98 196.00 4134.41906 6208.74839 5479.49017 9738.91731
99 198.00 3838.16459 3407.14158 8139.15705 5909.70199
