3
50.0
30.0
1782.83
1500.0
0.6
100
0 0.00 6004.35636 4697.13025 242.75979 9352.65530
1 2.00 2440.72897 6975.80912 4522.45807 8001.00640
2 4.00 3888.69878 3451.84150 3809.70933 4909.57472
3 6.00 7241.78489 9091.88035 894.60905 2549.25730
4 8.00 2285.56836 3665.94754 9970.99081 4785.30751
5 10.00 1685.41657 8536.46946 6450.08948 5991.05221
6 12.00 8101.42153 8459.02548 9791.61496 3645.71840
7 14.00 7607.10241 899.72501 9158.49918 923.76781
8 16.00 6953.12795 500.65072 792.55361 9320.10094
9 18.00 4531.00831 2931.52810 8585.00253 2785.13460
10 20.00 9159.62876 2290.88667 3115.98347 5205.07969
11 22.00 2318.15635 922.70982 521.46536 6546.21912
12 24.00 7842.62954 9538.38884 9415.08783 1759.43928
13 26.00 5479.38552 9420.16106 8949.22004 2362.45223
14 28.00 8077.28730 1953.85006 7125.29064 673.82103
15 30.00 1015.10303 8172.89761 1787.30596 1241.37281
16 32.00 4625.37129 7608.60282 7232.08496 1527.18608
17 34.00 9321.50105 2456.46542 87.46492 8554.07329
18 36.00 7663.49631 5132.45909 207.17960 5045.09746
19 38.00 568.50071 1349.49104 483.44467 1559.09410
20 40.00 1322.90984 8616.88291 8342.79920 5738.64503
21 42.00 2792.77052 2457.88920 1751.45006 1098.76184
22 44.00 2482.14797 6401.36120 7545.13614 670.74031
23 46.00 3774.25098 5.73391 4607.72705 7988.38053
24 48.00 6775.25414 3950.16920 5414.68954 4038.98462
25 50.00 5250.50785 9621.04899 9432.85342 3539.35486
26 52.00 6055.17161 7183.55856 7493.43301 7516.31262
27 54.00 5234.70416 4076.78292 5031.52548 4997.26699
28 56.00 8048.38725 2068.93012 5997.98217 3675.01265
29 58.00 2984.42178 6043.95754 4124.13004 3759.44222
30 60.00 3736.23416 3145.45181 1987.02848 160.41541
31 62.00 4355.37538 6384.53675 1471.70167 8651.97179
32 64.00 7905.24302 7492.25312 6490.71319 3019.72139
33 66.00 2444.91779 163.78044 2270.71486 4390.26037
34 68.00 4867.75833 4663.49048 4652.04704 8823.83437
35 70.00 4632.99305 4158.00027 513.46252 9477.25431
36 72.00 8970.38867 9227.46726 2954.18086 531.19342
37 74.00 4650.89417 3865.56848 6534.32018 4333.82333
38 76.00 5982.36466 3547.74384 5125.61504 4771.08099
39 78.00 9339.77179 8686.29037 4794.58511 3524.82433
40 80.00 1934.79302 9219.85287 1659.45396 9920.99562
41 82.00 1459.39028 7111.05023 2696.08610 246.83509
42 84.00 2186.93798 5210.91032 241.39847 4034.12054
43 86.00 7985.11174 4602.90971 6217.72672 2849.27170
44 88.00 509.16350 5169.97521 1232.97795 4383.97845
45 90.00 4875.16824 7636.39648 361.55922 7793.07876
46 92.00 7286.64441 5663.50576 672.89181 9681.29457
47 94.00 9329.47582 3779.24989 6606.16262 4398.61460
48 96.00 7225.43520 2671.05849 1422.11242 9149.94815
49 98.00 931.89602 3838.89536 3943.99406 418.91650
50 100.00 3029.10291 9535.59660 1944.93446 5692.94879
51 102.00 4175.89052 8259.22123 1516.46453 5470.55971
52 104.00 2551.47882 9160.71260 5.66982 662.28264
53 106.00 8588.40652 2655.07689 4826.64576 660.89073
54 108.00 4683.06615 9811.97269 9248.21784 4934.82233
55 110.00 799.69530 4596.06281 8994.05311 6167.98354
56 112.00 9794.58134 8505.93831 9556.68427 2580.83363
57 114.00 5585.68586 8891.70303 8143.80428 3305.99864
58 116.00 6649.41500 5267.09155 6677.51861 8353.58655
59 118.00 5897.79582 6826.01432 8061.88960 7782.96112
60 120.00 2452.96540 8149.31855 4338.73366 2721.88532
61 122.00 9399.40047 3005.68949 9727.61145 9913.12902
62 124.00 512.86570 5916.92845 8016.73799 2576.42277
63 126.00 8240.68994 5550.14083 8444.88194 2189.52558
64 128.00 9561.76797 4643.47578 1532.58256 985.97234
65 130.00 5422.09271 3629.92908 7425.23569 4192.91530
66 132.00 3312.13134 811.29203 1624.45475 4811.73671
67 134.00 9284.09850 663.20596 3139.57005 8893.06501
68 136.00 4356.23425 8150.60835 1540.45943 4731.74140
69 138.00 305.95514 9375.94022 1182.26404 2356.82320
70 140.00 8791.05844 4918.60777 9582.74263 5884.23224
71 142.00 4053.17697 8494.50061 2864.67591 6105.72724
72 144.00 1648.94427 1591.92000 3271.42899 3768.47646
73 146.00 828.78374 820.94864 7961.94298 84.89863
74 148.00 5403.70453 4926.48474 923.15047 9700.60213
75 150.00 8080.98493 6479.69761 9918.37271 20.87261
76 152.00 1775.73070 1334.83300 9837.01064 3667.66987
77 154.00 6856.61703 8267.57377 3572.50502 5719.97256
78 156.00 404.29832 8928.79727 3301.41739 389.42248
79 158.00 5828.63503 9881.84668 6143.63343 8214.29781
80 160.00 1922.48149 1699.34391 3908.64162 9934.81126
81 162.00 1075.38471 5933.70157 6154.35085 5260.87493
82 164.00 8318.02216 2844.44855 649.42520 6061.67733
83 166.00 2599.82222 6434.64027 6999.42727 961.20190
84 168.00 6064.83588 6890.32028 320.33737 8521.56433
85 170.00 6650.08576 6949.08771 8102.70790 3587.51922
86 172.00 5088.75879 2936.53270 7056.57429 4010.94030
87 174.00 8069.65865 2351.25086 9845.98673 3093.26095
88 176.00 3266.09650 2406.81279 1487.20918 1552.19078
89 178.00 794.53126 5876.83096 1177.18139 1076.74494
90 180.00 4489.20191 1493.26822 734.42156 7703.66708
91 182.00 6877.25807 5792.70305 7186.40480 4353.34835
92 184.00 1226.18503 6443.11023 9425.78731 5521.20237
93 186.00 5876.70798 9374.36199 2097.71878 4732.28281
94 188.00 338.36129 1565.30957 1914.88604 660.55350
95 190.00 313.79512 8530.67583 2521.81958 1865.62492
96 192.00 4976.16928 6583.29449 3974.89636 7091.41730
97 194.00 3235.79583 1329.03254 3269.08184 9666.97117
98 196.00 4223.48400 3147.88378 9154.93241 5665.68739
99 198.00 6998.55247 74.38703 7832.06680 9542.89572
