3
50.0
30.0
1386.87
1500.0
0.6
100
0 0.00 7063.22200 8447.44124 4444.05063 4322.65948
1 2.00 2630.56532 8645.02751 9930.77250 7316.33743
2 4.00 1164.62640 3537.21163 790.67079 7933.20255
3 6.00 7273.61590 3271.15716 5070.60173 2761.08030
4 8.00 6306.23942 5128.44113 7770.45571 7068.09802
5 10.00 3148.09925 9247.29981 4333.77624 9323.68001
6 12.00 7941.97399 3175.27199 8414.31041 6611.30427
7 14.00 8775.73532 356.36186 6344.97155 79.70588
8 16.00 1368.74673 3762.09057 9431.62368 6733.47631
9 18.00 2652.86047 1514.33106 8138.68852 7335.60685
10 20.00 2825.99674 1985.72968 8758.63948 9508.32758
11 22.00 8571.56796 7494.45976 31.97710 672.61267
12 24.00 5577.37161 2085.46972 1781.15025 4181.59348
13 26.00 2630.73814 3802.90230 5838.98956 6377.14627
14 28.00 4842.33063 6569.40967 1800.64335 3001.00571
15 30.00 2318.93337 2921.15917 4850.59950 7967.46177
16 32.00 3922.10056 3571.27872 4809.59053 965.33233
17 34.00 1123.67421 8808.95189 7549.61101 2872.71354
18 36.00 9693.62143 3253.97046 6624.18190 1158.19180
19 38.00 4647.35932 3189.05955 1135.36293 6969.68581
20 40.00 7048.18801 7736.81781 4837.38734 8047.21310
21 42.00 4891.74378 4120.02919 2348.60040 2909.30236
22 44.00 5074.87403 8898.10613 7828.27894 608.03261
23 46.00 7717.98658 2616.05253 3176.18358 3913.78394
24 48.00 4419.51546 3986.79512 9123.68730 2683.17234
25 50.00 7281.86847 3398.41557 8185.24585 3085.10650
26 52.00 4098.11543 5725.05697 1665.35143 2062.00822
27 54.00 6252.86505 9478.77794 6133.03971 3296.84177
28 56.00 6049.61206 199.19917 7222.28721 8024.12878
29 58.00 902.52711 7047.30521 9122.28565 7668.42051
30 60.00 5528.94190 6549.31583 5186.48999 3620.97752
31 62.00 1984.39814 1569.92911 5356.98812 8597.22836
32 64.00 2293.34468 8012.85395 9106.53780 3315.02113
33 66.00 2156.15098 7333.34349 9400.13796 360.74972
34 68.00 200.28373 9403.55193 1025.20730 3979.37408
35 70.00 4848.99946 1569.45506 3014.66435 2300.05239
36 72.00 7724.11635 2473.08739 2724.58246 1236.42831
37 74.00 7840.53612 6552.75959 1311.93189 7405.25736
38 76.00 2699.98661 849.16629 738.90243 7221.12869
39 78.00 7623.85992 4153.80024 147.41784 8302.51519
40 80.00 6048.71861 1518.47557 7358.73398 7926.20006
41 82.00 1942.84080 6056.91581 3121.89704 3237.26732
42 84.00 5123.55631 234.31952 2740.49740 2026.66693
43 86.00 2642.69955 6560.50709 4714.00353 2912.38654
44 88.00 930.62395 9668.86330 5609.96259 4833.49519
45 90.00 9076.65757 5332.03904 2446.14038 172.12532
46 92.00 4970.34890 3936.45182 3727.37667 5465.81415
47 94.00 1083.04295 2240.60860 9751.90595 3973.48618
48 96.00 2321.15548 3698.21627 5631.53268 6428.18565
49 98.00 3324.35475 8096.80787 9758.17428 953.89035
50 100.00 1692.55713 8648.27714 4898.11462 2499.69058
51 102.00 1413.30566 6164.88470 4735.14658 7230.32414
52 104.00 5666.39206 2324.29758 7674.08479 2520.23849
53 106.00 3114.54957 3378.68481 1506.11975 3214.42982
54 108.00 5653.12360 4065.34283 55.71770 6903.97339
55 110.00 7550.37930 7946.95791 5455.88735 3130.16176
56 112.00 6520.08625 3218.37958 7088.68172 5144.31116
57 114.00 8586.52910 9927.55359 814.34309 1050.43876
58 116.00 6992.55564 3756.86050 7568.86706 1620.93114
59 118.00 7481.48763 1661.96974 4376.01260 9719.16274
60 120.00 390.61948 4241.82225 1707.22087 8031.53631
61 122.00 4871.93377 7489.93433 5470.85050 3994.05658
62 124.00 2967.51023 4354.79403 2942.23657 9219.70218
63 126.00 6766.83160 5224.80103 6151.00487 3716.31813
64 128.00 6502.20716 1415.17597 5232.51241 2044.61841
65 130.00 6139.99821 7144.74800 5193.79784 2512.39363
66 132.00 4628.80166 9362.02499 9270.79594 7201.30257
67 134.00 8523.96175 1353.39246 5243.78454 8294.08016
68 136.00 98.21186 4163.02943 1503.49077 670.48013
69 138.00 9769.76134 3118.40510 1876.74427 6940.45172
70 140.00 5377.31494 3310.35130 611.07789 4686.94103
71 142.00 1564.53021 3504.52793 5591.56089 2260.29510
72 144.00 6288.21753 9278.79499 2745.80615 8207.54431
73 146.00 8680.93158 5844.68385 3057.50321 6245.00936
74 148.00 4032.68359 2547.49384 5410.16993 6593.67570
75 150.00 774.76126 1524.21803 7306.58078 2799.85533
76 152.00 2629.37617 1023.22125 7968.84481 5873.17062
77 154.00 7660.54343 3301.60190 7719.78683 5921.69975
78 156.00 2772.37504 8072.99582 8713.36584 6684.96914
79 158.00 4734.06838 1680.99389 7833.64916 9890.87226
80 160.00 913.38269 8033.53828 1464.91655 1648.18387
81 162.00 8746.14090 3233.37876 8959.53342 521.89187
82 164.00 5117.05263 4396.89021 6648.42229 3270.89364
83 166.00 5003.75105 1172.96496 5601.45135 3773.09552
84 168.00 3855.29859 4744.78002 3117.61833 5219.85705
85 170.00 5306.85507 8832.85609 8421.91221 9553.60123
86 172.00 9454.89933 8336.04934 7113.47678 8398.76104
87 174.00 5604.85865 4900.93505 7889.65056 6853.67585
88 176.00 5579.05085 4354.13373 3481.80489 252.95555
89 178.00 3656.87176 4660.75881 6700.39098 7284.91503
90 180.00 2137.79961 5597.94023 9979.00113 9394.07149
91 182.00 3824.57416 1790.05600 7476.28495 106.72422
92 184.00 4420.80567 5260.02595 56.14538 3103.90698
93 186.00 941.08484 3688.67426 2537.60327 9215.63953
94 188.00 6067.74414 335.28191 2749.51418 4787.34869
95 190.00 439.17388 6954.99075 2530.37954 6252.70412
96 192.00 9711.40694 8233.25709 8631.85322 9275.74839
97 194.00 9972.31577 6322.40083 4903.00485 4734.48416
98 196.00 8749.36831 7505.86350 8074.30685 381.93594
99 198.00 288.36970 8942.65135 1531.91751 7361.96169
