3
50.0
30.0
4752.53
1500.0
0.6
100
0 0.00 8492.07460 4347.78826 9862.17373 8094.52340
1 2.00 3832.16903 6865.75566 2070.67460 9896.92348
2 4.00 7432.41148 1304.52877 3863.29274 8378.79315
3 6.00 2267.15566 1169.71384 944.90962 524.84884
4 8.00 5497.34540 1561.63537 1054.03781 638.06597
5 10.00 857.15105 4488.78066 6020.65420 5820.82497
6 12.00 3164.35735 9212.40611 2500.48682 3344.49088
7 14.00 1101.34196 6658.77667 5726.57312 288.41351
8 16.00 736.02793 8959.87240 116.14591 8415.05116
9 18.00 7570.85203 3327.14620 7713.53218 7979.24830
10 20.00 2327.50324 3581.11003 8025.69080 9977.44659
11 22.00 3648.01590 3690.80246 4718.42593 4321.98347
12 24.00 3615.11157 2637.32933 2398.08095 9452.32772
13 26.00 1500.72371 1857.19794 9284.55062 5272.56144
14 28.00 7570.95355 4789.37127 978.14739 3968.52429
15 30.00 3265.33405 4234.31382 1685.31539 5811.19516
16 32.00 9668.61853 3663.32448 4457.51193 4437.94677
17 34.00 811.53331 3010.14048 438.44829 4708.18677
18 36.00 4983.75701 1916.42978 1285.05094 4959.90097
19 38.00 6822.69548 9299.68101 8470.40034 4932.01484
20 40.00 7923.79928 7684.33596 1632.14657 9850.29072
21 42.00 3159.08458 4645.89864 9126.84087 6244.46539
22 44.00 9101.15248 9245.22888 5947.75929 7142.02420
23 46.00 4010.44203 7286.96350 8618.66781 986.33747
24 48.00 9708.04506 3172.48448 9571.00586 936.16277
25 50.00 2580.58259 7233.18825 1160.09542 2927.62650
26 52.00 8059.66187 3117.53936 3642.60904 3053.53597
27 54.00 4164.68765 2168.33518 9153.06841 9352.32887
28 56.00 4436.69126 9230.89107 4699.62984 8415.55505
29 58.00 7139.57878 924.08140 8913.55231 5.46215
30 60.00 4098.67051 5971.11220 3102.65376 9439.31224
31 62.00 6546.54064 5427.48648 4755.85973 8143.90495
32 64.00 1920.56211 74.39762 1222.46009 9804.74664
33 66.00 907.61549 4929.20528 8829.32849 893.35289
34 68.00 289.27128 1042.65900 6502.51276 367.70933
35 70.00 1035.28728 1257.22471 2132.17180 2216.56612
36 72.00 904.74275 9523.65186 6314.65501 6499.77036
37 74.00 4550.77053 296.13450 2443.90651 3179.00982
38 76.00 5871.31317 3576.56069 8385.81945 2595.28220
39 78.00 306.52717 5697.36384 6657.03831 8520.86087
40 80.00 9298.86063 9109.38601 2907.69487 1298.80218
41 82.00 3988.10899 572.50751 8943.43241 4376.87289
42 84.00 8199.04811 1485.52432 2909.07935 1229.72208
43 86.00 8700.69595 2057.75337 7623.01733 1725.27919
44 88.00 9603.93903 7073.63926 8423.83042 8362.15899
45 90.00 2534.78899 9985.65893 3171.03638 2916.41479
46 92.00 3957.55648 4364.98077 2747.50545 7528.94175
47 94.00 1458.55353 2288.24518 8429.58823 6442.20787
48 96.00 8945.55755 8823.07606 1262.95967 732.86964
49 98.00 792.34149 9205.65296 2617.11518 548.14154
50 100.00 5185.19430 9492.74443 5975.97419 3477.06542
51 102.00 6279.13532 3379.40005 1488.07982 2790.77671
52 104.00 6894.44620 3909.10479 1468.62343 8455.01212
53 106.00 4952.46547 4246.88088 3247.51766 7612.49847
54 108.00 2336.20629 9465.61831 7520.63005 2703.36543
55 110.00 7925.10557 95.49234 337.32726 3235.78474
56 112.00 8215.27468 1034.00164 6910.30315 2131.94761
57 114.00 9803.99743 9284.49673 1042.25769 2237.65534
58 116.00 6742.97611 6407.67376 7428.30052 7897.55376
59 118.00 6327.36445 7569.14278 118.81783 4963.66348
60 120.00 5986.21591 6839.41320 6389.74439 5355.28715
61 122.00 5766.02629 6845.00566 3212.29722 7476.91887
62 124.00 535.13036 5574.28135 7659.61837 2274.21746
63 126.00 136.90779 1064.77743 6736.79838 6339.98497
64 128.00 9669.09478 6387.25752 4884.53726 8378.13716
65 130.00 2404.44938 2674.64703 2228.96504 9857.29528
66 132.00 8297.80308 8565.52076 4687.97559 4320.19090
67 134.00 6029.81623 344.28307 6648.53651 5019.63100
68 136.00 3602.50877 8361.01278 3628.12145 2414.19696
69 138.00 6657.60985 8417.32567 4836.87265 8625.97408
70 140.00 487.81419 9834.89201 7951.62771 2142.66706
71 142.00 185.41240 9119.36654 1155.75362 3274.73913
72 144.00 3978.28129 5722.98301 4476.88589 6442.63685
73 146.00 7377.51600 3584.68959 5646.59365 3275.50320
74 148.00 7878.42308 9380.83987 325.09302 3501.00640
75 150.00 9217.00713 1531.61120 674.20896 2669.01288
76 152.00 7299.21476 3905.71269 5053.26473 3967.28187
77 154.00 2054.89745 8787.63852 6056.03521 8917.38714
78 156.00 2880.20112 4260.20771 6354.47622 903.85360
79 158.00 3463.29330 2694.08465 8124.97919 7210.59693
80 160.00 9222.50643 6362.57528 9302.94438 3812.29409
81 162.00 7396.73529 5127.99573 8919.39617 6114.14142
82 164.00 5105.22492 5327.40898 7357.07244 6561.29025
83 166.00 3937.52720 7990.59407 890.29914 1227.38139
84 168.00 9600.26657 8216.79928 4603.49939 5825.67948
85 170.00 6026.75752 8781.96966 1485.20058 8259.98395
86 172.00 1601.90532 2414.16789 813.10803 3293.23682
87 174.00 4860.45722 1370.03335 23.09165 6901.31215
88 176.00 8332.30206 5191.03265 3440.34023 7566.68485
89 178.00 4289.18787 4246.18320 6890.66793 6993.03933
90 180.00 9579.73443 2612.05659 1894.79554 7911.57381
91 182.00 4968.05054 7083.92207 1886.28958 2015.50121
92 184.00 6505.58110 2325.23156 4900.74723 2543.80265
93 186.00 9082.01909 1012.31506 8958.91281 7224.29306
94 188.00 118.65427 2526.30690 346.86129 5939.18601
95 190.00 8963.83051 2609.04000 3696.15925 5081.84950
96 192.00 655.05554 7089.09121 2874.88409 3423.79474
97 194.00 9775.34442 6625.11262 9963.74887 1359.41592
98 196.00 9592.55121 7935.88030 2262.25018 8699.03169
99 198.00 6409.96485 9069.80075 8635.15413 5746.77843
