3
50.0
30.0
2871.72
1500.0
0.6
100
0 0.00 2984.01034 8041.57244 6094.11906 4281.96794
1 2.00 49.76527 2637.08879 5119.98828 4293.98769
2 4.00 2676.22688 7454.23109 7296.82504 5833.43252
3 6.00 3566.09242 4372.65409 4538.17067 6700.20956
4 8.00 6251.02378 8669.69606 2425.02967 6618.71013
5 10.00 5501.46465 6250.86549 1773.46942 4718.97713
6 12.00 2320.53342 4047.65858 7743.97031 3346.08344
7 14.00 1775.63645 3836.48336 9598.16034 3709.26312
8 16.00 3325.15624 8470.62655 2675.11073 7640.30605
9 18.00 3900.86725 1577.06055 7875.34209 8723.37443
10 20.00 5108.97011 6195.88523 4165.55683 3001.46305
11 22.00 2666.01037 7827.56276 3694.73913 2492.13594
12 24.00 8489.96018 6979.69194 1592.53957 8781.56941
13 26.00 7774.54697 9489.72227 9238.03946 3938.06684
14 28.00 7196.79179 6669.23353 3380.63867 5611.93016
15 30.00 6987.42112 6997.09720 4077.22131 7618.89321
16 32.00 8806.96116 5765.86735 8882.26452 7479.37666
17 34.00 1540.95972 2025.47974 9107.83177 7549.78217
18 36.00 3882.57269 9237.78948 1507.34546 1032.57755
19 38.00 4748.21069 1566.54229 4576.66575 6448.61301
20 40.00 9340.11746 9509.02121 7449.46663 5470.52286
21 42.00 2246.05548 2714.53449 9401.86163 2866.19197
22 44.00 5485.28763 5002.11289 4291.65902 6687.55886
23 46.00 261.34203 7847.92253 3932.96381 5383.99906
24 48.00 2960.35100 4703.88916 6389.15481 6159.11116
25 50.00 7520.50757 7589.16993 7873.27779 771.63960
26 52.00 961.81507 8604.44130 6738.10817 5000.93066
27 54.00 1015.06109 8969.37212 5152.69053 1967.34203
28 56.00 4619.04638 292.26931 231.21428 8064.03057
29 58.00 4739.83803 3795.39587 4715.30353 1660.46171
30 60.00 8300.97651 40.66929 954.18813 5363.05469
31 62.00 4236.12288 4819.73558 5538.90444 7115.78503
32 64.00 5559.31947 1399.37962 7319.15491 5738.40836
33 66.00 1178.24630 9792.12173 9790.45736 3982.31892
34 68.00 1964.59313 7682.13736 7829.97227 4420.21567
35 70.00 1839.43535 6424.44277 8383.28623 7486.65255
36 72.00 9914.95042 6328.34652 3886.00415 7025.31273
37 74.00 3444.72675 4054.59487 9171.61091 1912.54918
38 76.00 1088.84763 1386.94627 9307.47729 8605.74579
39 78.00 5886.31173 8992.78285 113.48160 3954.11609
40 80.00 5726.57438 5056.27109 6649.43778 9934.75852
41 82.00 1098.37295 6420.31129 7025.15877 3832.67706
42 84.00 2921.31637 4601.64585 6204.21882 4514.97830
43 86.00 6722.34930 4116.93913 8890.06790 2241.96391
44 88.00 3286.36566 6000.82346 328.61479 9559.32560
45 90.00 1074.36174 3499.04349 7733.57366 275.39895
46 92.00 4013.52106 7184.15307 5676.86480 2721.08657
47 94.00 5851.01180 7614.18609 813.03821 2264.21410
48 96.00 2721.75371 2718.96848 4762.38042 6658.83552
49 98.00 8332.30760 6567.91462 2051.18499 6856.51140
50 100.00 5334.79100 1003.90868 455.90474 5633.51754
51 102.00 7971.42436 2653.02197 7283.70399 9550.13410
52 104.00 8649.75225 4936.23805 2165.10125 739.13433
53 106.00 2510.45405 5444.03882 1037.29489 104.21924
54 108.00 2829.25774 6544.52806 5903.14870 6576.94422
55 110.00 7716.59061 475.60646 3115.50525 8989.58489
56 112.00 1615.49597 9118.51488 1505.22132 5618.21243
57 114.00 8817.00213 8532.15794 9258.29613 4041.98340
58 116.00 5442.91243 329.80381 9648.16377 8761.71020
59 118.00 6022.21735 2464.47804 1443.79460 9547.73105
60 120.00 7697.08315 2578.16959 8953.18700 9345.34969
61 122.00 3023.63415 2611.33134 1559.36338 599.13719
62 124.00 3192.51487 746.87134 613.83409 4780.55362
63 126.00 9843.69872 961.68365 8373.33433 9281.42656
64 128.00 996.89336 9207.80700 3821.57580 798.37481
65 130.00 7872.04441 988.82041 7018.90095 864.10402
66 132.00 4955.12397 2032.78176 1352.31590 7054.25315
67 134.00 5829.66772 3094.37073 8475.95877 162.23840
68 136.00 1353.58761 9062.12222 6690.06905 43.08106
69 138.00 9706.49443 5207.54528 8030.04262 882.64900
70 140.00 920.15640 1325.20011 5336.17701 8510.84394
71 142.00 2990.73952 1367.17438 4845.78877 6972.00381
72 144.00 7726.07058 6075.71983 9697.52814 4764.36860
73 146.00 5100.76414 4908.59496 2945.64030 4287.03287
74 148.00 6051.96305 2388.42119 7886.18020 796.91090
75 150.00 9179.70684 4993.17030 6146.66201 1111.98751
76 152.00 9858.73426 1221.14232 5775.95346 2862.68049
77 154.00 2495.03595 1517.51758 3483.51093 8769.78554
78 156.00 761.35156 2374.68593 9200.81260 2177.94987
79 158.00 513.99167 5968.11970 4333.42471 6618.89607
80 160.00 3885.36059 4065.19954 2532.70900 3443.93986
81 162.00 1672.20697 3231.74977 7576.59924 4968.48112
82 164.00 3118.87882 750.51785 1389.30683 3632.84143
83 166.00 4865.58800 8087.26073 9342.37232 4665.44685
84 168.00 5428.03486 7047.86655 2759.17236 5257.11826
85 170.00 9098.21871 4259.18828 6045.09028 5066.83570
86 172.00 9819.74803 5978.84292 9811.61654 306.25510
87 174.00 1059.66893 9904.08865 7007.56190 3407.33122
88 176.00 4514.17702 9390.80094 9170.14535 2082.07215
89 178.00 3640.61667 5048.65775 8865.12698 8517.37782
90 180.00 1842.31411 6381.51532 864.22022 1560.62308
91 182.00 4042.07335 7604.21646 3616.25294 3669.58328
92 184.00 2589.90551 8739.64749 4764.10940 6633.36836
93 186.00 830.03106 8590.21425 6539.09504 2744.54386
94 188.00 8388.32224 50.93641 8184.11778 5092.44022
95 190.00 9557.20856 4209.79313 1800.32620 405.25256
96 192.00 7004.33690 4450.79712 8080.26695 8769.48789
97 194.00 34.30389 6381.71457 8127.30815 4091.78075
98 196.00 5995.05060 6723.15816 9882.75461 8042.06966
99 198.00 1002.90608 1355.75604 1407.18594 4717.12384
