3
50.0
30.0
3069.70
1500.0
0.6
100
0 0.00 1326.55261 6972.01927 48.65567 9924.57169
1 2.00 231.59635 1849.91419 5623.26976 3116.51880
2 4.00 3434.17683 8847.18352 1392.69172 4639.95215
3 6.00 2648.23256 6837.80087 6723.35645 2325.40368
4 8.00 2237.96917 4914.70826 8584.72495 7584.32443
5 10.00 1880.90705 7974.87242 7248.83436 1005.70367
6 12.00 1422.36235 6568.20359 5761.04455 2747.71228
7 14.00 8689.37263 4011.05004 1846.50577 4607.19092
8 16.00 2641.92418 5513.60663 8404.92775 3803.04172
9 18.00 1831.78647 6678.37928 1110.09499 511.12559
10 20.00 3634.77375 2234.44451 1924.38852 7149.12375
11 22.00 3500.97338 2925.55610 9545.59930 2595.44064
12 24.00 7565.98982 9767.99138 7981.86329 8237.97158
13 26.00 6258.09633 5846.00316 3241.78935 783.92472
14 28.00 6655.62212 9231.59527 3440.20030 3574.79135
15 30.00 7557.98881 2199.19530 4537.55473 312.50633
16 32.00 7648.68799 1357.12456 1864.76980 8452.01061
17 34.00 4157.33132 1997.96343 4422.61854 3852.71244
18 36.00 9976.87495 1403.97220 868.68954 3174.60513
19 38.00 4756.27701 9633.22702 7191.41794 7624.96485
20 40.00 7471.63573 7610.50548 2573.28122 1015.03642
21 42.00 7532.57442 287.47354 2575.38568 1185.28288
22 44.00 9757.06844 6550.02724 3922.54980 141.15606
23 46.00 6214.36253 592.10766 5710.19934 838.36269
24 48.00 8322.58079 2404.98938 7900.99612 2348.71372
25 50.00 6184.66456 3360.27130 737.53643 7447.31631
26 52.00 9410.24915 3107.64665 324.86109 3299.30139
27 54.00 6155.45279 5901.73003 1428.38671 8208.88990
28 56.00 9143.79535 7038.98815 4187.73006 2275.64020
29 58.00 8038.29015 9476.42842 9522.68263 2153.13042
30 60.00 7816.44622 8277.84656 5310.15761 5560.53434
31 62.00 9572.69728 3085.76468 3441.56301 9357.59977
32 64.00 6575.70692 6502.12893 571.84310 3692.97338
33 66.00 8159.10155 4007.37862 3662.67778 8590.21013
34 68.00 1447.52738 1757.04232 7223.51791 1070.66968
35 70.00 2553.51701 4713.80654 7671.08659 4415.63415
36 72.00 4665.58264 6063.78530 639.23375 7183.35542
37 74.00 2928.04596 242.82863 2852.37570 2587.60796
38 76.00 8953.00121 5213.37285 7072.47959 6468.96752
39 78.00 2487.31594 8829.32407 3725.12156 9153.51509
40 80.00 845.56430 381.34751 6531.73937 1567.83146
41 82.00 9813.22352 4838.08983 1187.02335 6425.16822
42 84.00 3206.93247 4080.00232 6833.19938 1146.92293
43 86.00 6731.46605 4676.99473 1265.07054 9032.49977
44 88.00 9599.44608 8088.97853 9097.01969 2136.29468
45 90.00 1617.23699 1115.42715 4273.60715 6853.08342
46 92.00 833.81226 535.75193 5034.19731 2285.88014
47 94.00 6185.53118 1567.30898 5937.03937 2461.85604
48 96.00 5672.00109 755.16014 3222.63006 2178.31192
49 98.00 4605.09408 7780.14045 1139.08349 269.05018
50 100.00 1369.09005 5138.44771 4512.20889 9.78823
51 102.00 6434.69321 3462.57097 5948.56856 6187.50422
52 104.00 7289.95667 3731.60108 1964.96748 2542.95537
53 106.00 3177.96022 103.52282 9881.91807 58.78397
54 108.00 7761.13731 3772.83728 8069.16613 2440.35814
55 110.00 4943.67253 6129.17811 8870.54356 7447.76099
56 112.00 3096.78589 3462.20112 552.90216 5944.45335
57 114.00 5029.98921 4525.89093 3966.00820 2377.39709
58 116.00 7791.11408 2722.00614 6045.86980 7188.26590
59 118.00 2057.15442 4080.86946 6897.73697 6794.19989
60 120.00 2975.97443 688.07405 7109.83379 1461.95652
61 122.00 7888.07678 5417.03533 962.58268 755.16976
62 124.00 2435.86926 5494.60550 1321.62463 1725.23156
63 126.00 484.68186 7503.42558 1001.28690 2445.67188
64 128.00 3752.96951 1005.50045 3105.04378 1488.97253
65 130.00 985.40062 5354.17197 5469.04908 3616.62051
66 132.00 2360.45906 315.26281 5501.73251 1969.86859
67 134.00 7312.04078 8814.83844 6721.18376 5229.71877
68 136.00 7236.64826 6371.74900 2222.63622 8410.96111
69 138.00 2375.59025 5653.40286 6675.64412 859.53702
70 140.00 9384.11554 4788.84116 2455.33010 3803.75613
71 142.00 126.30362 7490.86175 5925.10966 3062.56545
72 144.00 4860.91945 4821.42733 461.72977 231.34763
73 146.00 1294.01550 2569.79165 7172.71381 7805.43328
74 148.00 9665.23599 9133.24736 4567.52011 4337.01606
75 150.00 2689.94254 3651.83852 7942.77050 7944.55854
76 152.00 6712.91854 8379.49869 3206.41004 1803.03359
77 154.00 4587.77800 5290.86324 809.26975 1101.29184
78 156.00 7810.80712 7534.74855 6222.15780 7985.47533
79 158.00 3039.32193 2595.41712 3633.68626 6055.07921
80 160.00 1417.68095 3954.27885 3384.31533 8227.02588
81 162.00 6000.39819 4535.19526 4985.16299 2363.27376
82 164.00 4461.47231 6843.55332 1163.29019 7552.48738
83 166.00 5010.25822 4152.73687 1413.66406 4256.57051
84 168.00 5846.54311 4007.92003 1344.72011 4017.25007
85 170.00 8291.81145 9236.66610 4406.19316 2187.58687
86 172.00 252.59408 3634.56417 2074.73229 984.45581
87 174.00 5444.70607 8520.72533 4778.27368 2864.95520
88 176.00 9927.52992 1658.73265 1397.89859 6873.90578
89 178.00 9276.29327 7614.24817 2886.89767 3807.80756
90 180.00 688.47539 2971.19370 3909.82307 3812.63242
91 182.00 4942.39073 2047.93526 2184.12347 2968.56865
92 184.00 6799.76740 716.18377 4570.78803 7791.35288
93 186.00 6841.97808 1741.15789 6709.42322 3745.93259
94 188.00 2955.21591 2267.64218 6009.65488 9903.49975
95 190.00 7371.21965 2072.08946 9230.81811 2619.31877
96 192.00 272.13155 2502.51929 3131.93726 5386.47830
97 194.00 5653.76583 5931.55239 9023.94060 9269.72658
98 196.00 2164.50612 5512.06481 7794.09699 2313.26602
99 198.00 283.06814 5412.83699 4864.21352 6033.51391
