3
50.0
30.0
2129.29
1500.0
0.6
100
0 0.00 7604.92943 9794.28854 150.14008 4745.85329
1 2.00 5162.70377 3960.80959 7109.67053 9916.36966
2 4.00 1278.52151 8746.18807 1728.89155 5955.24392
3 6.00 9417.68574 4440.88339 7855.93479 136.19974
4 8.00 8019.14009 4461.15368 9942.16023 4085.48681
5 10.00 2631.22222 1641.09943 8119.88990 761.39690
6 12.00 7304.46861 9195.21750 534.71217 5287.61888
7 14.00 2288.07567 7597.22150 4787.21807 2279.75945
8 16.00 3457.19231 5887.42202 3858.69450 7525.58980
9 18.00 480.93687 5541.07631 9737.02914 6355.58010
10 20.00 3684.95785 2647.27100 5140.56103 3097.62948
11 22.00 1234.05901 5574.92083 7511.78549 5034.62690
12 24.00 8786.49952 3620.29178 7524.21453 9500.23623
13 26.00 471.49077 6758.20633 4292.37256 3055.03083
14 28.00 3674.27232 6522.07035 3385.39204 1456.41996
15 30.00 1968.09328 8800.54474 1114.03660 9444.64335
16 32.00 1541.63829 7129.25233 4474.49403 7697.50927
17 34.00 6147.76617 7364.78982 9771.50526 6821.72097
18 36.00 6207.90033 8155.98905 848.66788 4383.88362
19 38.00 7735.53650 7641.57274 2428.96204 2934.69829
20 40.00 6415.15662 7422.61493 4892.85210 307.05096
21 42.00 8676.09835 5550.88844 3795.06973 1697.15955
22 44.00 727.75967 4747.32811 7142.16776 6550.54797
23 46.00 607.78214 8467.94881 6067.40525 3870.24872
24 48.00 2469.37974 417.02548 3289.51312 6353.41646
25 50.00 332.00140 6088.80788 7928.26168 2295.44404
26 52.00 7191.86608 5030.41318 1448.26347 6241.28959
27 54.00 2294.37257 8477.70462 8810.96574 118.15302
28 56.00 8578.38474 8632.22805 7878.39254 7403.06304
29 58.00 5147.02216 7151.55384 3963.39025 4741.70636
30 60.00 2866.05734 9050.02982 8425.60168 3453.40378
31 62.00 1722.49975 2541.02604 9167.89768 9555.11506
32 64.00 2616.52762 4274.97477 8258.51847 2102.66015
33 66.00 5350.80216 3616.31764 659.57386 6027.67405
34 68.00 2174.42695 7045.76804 5524.71065 155.69595
35 70.00 6862.40410 7556.51764 8004.53057 6695.18108
36 72.00 2409.23566 5957.56420 1470.83562 4564.93325
37 74.00 5023.39225 6610.70475 8741.33464 7353.41142
38 76.00 8039.05119 5678.98539 4255.84957 5863.25843
39 78.00 5144.92465 1550.03554 8867.24813 6905.99915
40 80.00 609.20867 9932.07671 3145.02079 5787.75173
41 82.00 1328.44901 4793.41277 2742.40850 4494.14139
42 84.00 1375.30291 3768.42165 364.29188 895.41717
43 86.00 7288.99389 5982.17365 7476.98992 3813.38512
44 88.00 2526.33230 2677.99617 9045.58563 8316.41552
45 90.00 6486.97482 5923.92895 1627.34036 2354.65826
46 92.00 5680.13175 1032.03342 9757.85912 9853.30512
47 94.00 6595.30979 4999.69177 3918.97171 8169.11393
48 96.00 9437.01460 5665.81243 9834.05435 5170.81103
49 98.00 5146.83939 493.76106 5780.74065 9241.23035
50 100.00 1677.83247 1211.26585 8162.14331 149.02832
51 102.00 2300.19444 8889.63662 162.77448 6916.64968
52 104.00 3859.39818 4339.70521 1146.14331 9100.40751
53 106.00 5079.23185 6313.79087 6714.73033 5581.08411
54 108.00 8020.38168 4808.46448 3862.33830 112.04083
55 110.00 836.11405 2954.71707 3726.71346 7968.59585
56 112.00 2887.63889 9172.69176 2352.31801 5530.32520
57 114.00 9285.56176 6498.75643 6411.53283 850.52383
58 116.00 5103.34751 473.64680 4825.87846 4211.40163
59 118.00 7510.75139 8562.14550 6415.14526 1949.87411
60 120.00 3093.30019 8663.54570 5887.01593 8320.57526
61 122.00 7901.05485 348.69209 1985.55743 7730.94684
62 124.00 169.01698 8353.01077 4042.77704 1823.79425
63 126.00 3700.58282 8155.80355 9434.58411 9524.96877
64 128.00 5883.26293 4375.34875 745.32876 195.45160
65 130.00 6890.31609 4359.11659 9724.44109 6684.41962
66 132.00 4220.81800 920.27531 130.41913 6473.04836
67 134.00 9161.39874 2990.90817 865.41747 902.96274
68 136.00 8407.23462 9931.17541 2247.95453 2821.92536
69 138.00 8077.62857 5416.53844 1005.71583 6141.18500
70 140.00 9223.94826 5914.81285 7724.25924 4694.33777
71 142.00 5227.92746 150.44394 7730.05579 7602.08787
72 144.00 4298.96507 5482.34762 2942.01095 1408.26712
73 146.00 5342.95833 5674.68051 6218.30079 1593.05613
74 148.00 6069.33247 7849.11640 5279.54483 5399.35614
75 150.00 5580.30066 5200.39014 6352.79071 1183.13279
76 152.00 5291.38625 6821.28196 6408.38716 7815.89282
77 154.00 726.47850 306.34875 8028.50750 4287.54316
78 156.00 3630.21347 8438.92955 5693.49695 8967.92184
79 158.00 233.73631 5947.01597 1265.04198 9432.68017
80 160.00 1327.01050 8811.79524 7640.00513 3585.06690
81 162.00 8492.70127 6310.59740 5773.12228 8310.37014
82 164.00 1867.71969 146.92540 9777.77862 5532.96021
83 166.00 58.44360 9436.08105 8973.22346 3685.43773
84 168.00 1392.00210 728.39661 4609.85514 3356.14402
85 170.00 3143.54583 9573.36911 4605.70644 4569.18152
86 172.00 7060.66341 6709.64209 1379.69743 2967.97860
87 174.00 6021.23180 7840.58355 965.71993 6729.74272
88 176.00 8347.85682 5514.25816 2803.30882 6085.51671
89 178.00 5922.20622 9399.65383 4357.42455 1770.26154
90 180.00 1409.13275 9430.25131 3342.67426 5876.34877
91 182.00 4492.79100 8111.62760 8816.41448 9134.12950
92 184.00 2643.33812 7314.11281 2664.01044 1318.90350
93 186.00 8233.07496 3466.11445 2936.48477 4861.06566
94 188.00 8350.08324 3189.60446 7795.02291 1264.19045
95 190.00 8449.21839 1415.35939 8445.64087 3671.68870
96 192.00 8305.04537 7103.06619 180.61816 7343.17333
97 194.00 633.69331 3992.98439 9253.40769 8984.76424
98 196.00 4100.08745 9506.39144 4593.58157 2112.72119
99 198.00 1360.12430 8476.18318 4700.02703 1776.25325
