3
50.0
30.0
3465.66
1500.0
0.6
100
0 0.00 6797.06022 8185.43518 7268.92726 3601.93098
1 2.00 9068.71505 8764.34080 7571.31279 3111.16700
2 4.00 6947.31785 5856.66586 1801.12320 6265.07732
3 6.00 9799.46728 2144.42340 3859.16827 1116.68162
4 8.00 7396.99189 4776.22529 8314.71722 2353.58038
5 10.00 9944.49611 2164.55914 5679.25013 3034.38580
6 12.00 4275.71920 9130.38620 2730.46296 4953.09932
7 14.00 7227.74417 9290.94456 1960.76123 7462.48274
8 16.00 5601.57499 3489.95982 5260.52135 8578.22622
9 18.00 9697.48904 2436.01328 6217.34129 8657.56746
10 20.00 6588.53075 3880.20289 4532.35028 924.88775
11 22.00 7012.95376 9910.32957 9589.58888 2734.79578
12 24.00 2007.58202 1243.67966 7651.06145 9174.10989
13 26.00 3905.16925 9372.25588 4304.21092 3652.91293
14 28.00 5592.15051 1012.68146 8727.13612 8247.56528
15 30.00 4625.07536 1252.95394 8808.36321 1214.35153
16 32.00 1362.47488 244.97616 6974.85967 5874.47938
17 34.00 6123.55547 9344.62777 3709.94432 2629.73483
18 36.00 3022.59657 2086.25919 5925.29621 6939.61655
19 38.00 4478.60420 1016.24324 2959.70639 9771.80307
20 40.00 6458.88189 3606.19221 49.02585 8739.31037
21 42.00 5992.99779 2373.37032 6614.11994 4754.36097
22 44.00 8399.27979 990.56279 5410.06431 3951.19722
23 46.00 9537.64623 5831.91216 1509.15432 3221.54217
24 48.00 6043.36745 8522.44605 547.60451 238.53575
25 50.00 9239.16550 3894.30143 535.95960 479.10449
26 52.00 802.04359 9584.20014 8190.16703 6672.22342
27 54.00 7498.45922 831.64191 3267.02948 737.99583
28 56.00 704.13193 5854.19822 1925.26456 2579.23028
29 58.00 2523.78478 7713.16057 6234.86605 5142.70016
30 60.00 1393.15068 877.20028 2309.88078 468.78782
31 62.00 7398.66939 5119.93789 6551.48564 1932.17311
32 64.00 8536.94434 6660.09418 3754.67992 5729.60724
33 66.00 512.33983 6803.99214 9501.11798 9132.05532
34 68.00 8199.18585 8526.97398 4780.71311 1966.42151
35 70.00 9321.67748 735.76369 2636.96065 2623.99387
36 72.00 1248.68933 6762.69031 9439.35521 4662.03868
37 74.00 6280.97037 6281.29646 4126.91942 9010.44696
38 76.00 3628.00613 3170.09939 4189.90933 6059.08410
39 78.00 1264.45196 718.21695 9913.14966 5469.50341
40 80.00 8787.86453 209.91261 2133.22883 816.11220
41 82.00 7272.35034 3976.35250 2874.26987 4806.92255
42 84.00 631.30503 6296.93110 9747.47499 2233.44317
43 86.00 290.55760 1895.83297 2617.98440 1163.68470
44 88.00 6277.91378 6075.50697 4235.60564 1892.74179
45 90.00 9130.60856 6094.89207 661.17610 8476.16698
46 92.00 4345.45415 149.50535 2438.18210 2253.28183
47 94.00 5774.05175 677.19808 5715.65172 2281.15973
48 96.00 1796.84870 3432.89406 7883.93966 5336.60324
49 98.00 8855.11189 6350.64593 4023.18729 4542.13969
50 100.00 1016.98951 3805.34305 6025.02959 4610.95375
51 102.00 2600.36726 8457.14462 5676.70467 8456.59613
52 104.00 1654.15838 1865.00075 1850.09091 6149.00741
53 106.00 7616.10324 2581.38197 6837.94137 2784.21117
54 108.00 9614.34016 8014.34814 7469.92816 4292.04596
55 110.00 7034.74684 5421.28574 5072.95624 8721.08184
56 112.00 8837.93735 743.85511 7831.53675 2225.62851
57 114.00 463.32176 2575.03942 6049.99801 5197.37244
58 116.00 3204.74569 4996.82147 851.72898 3339.43682
59 118.00 7024.80512 5938.32170 6599.26070 6942.51918
60 120.00 7709.23426 9098.46286 6986.00433 1668.99456
61 122.00 4814.81727 4789.09209 6097.49832 1717.30436
62 124.00 3563.30764 979.68949 1519.44056 7132.39295
63 126.00 2664.46642 3901.73494 2353.80564 1682.98849
64 128.00 4124.56305 8863.24471 9666.25753 3952.69794
65 130.00 224.87329 1457.54205 3240.00884 2969.56719
66 132.00 5351.87399 67.13481 6224.88762 3447.00535
67 134.00 6192.28487 5677.73908 4897.05872 7695.61881
68 136.00 7214.83927 9701.71339 7966.55473 1955.65362
69 138.00 8305.78337 9767.45877 8527.14923 3158.47142
70 140.00 3462.56711 5643.25034 6434.98747 1460.48779
71 142.00 7198.11659 2694.32349 853.38407 643.90603
72 144.00 6754.12500 9876.39005 9631.75326 4560.49606
73 146.00 2184.17993 5277.06053 1484.17651 3551.46359
74 148.00 9578.41766 4630.16434 4310.88672 1034.10074
75 150.00 3647.67871 5556.10987 7302.83319 1603.67721
76 152.00 2079.94282 7964.82682 5430.40462 3614.93747
77 154.00 9562.40678 320.73377 9477.32974 6994.25341
78 156.00 5780.36502 1661.28335 2527.46135 6374.93823
79 158.00 1393.15385 4663.37645 9615.48588 8385.60468
80 160.00 1712.83557 1106.30580 8879.76039 6829.51910
81 162.00 5217.02435 2027.22788 1717.64833 4413.76755
82 164.00 7162.69101 9815.89871 7624.96694 2906.08023
83 166.00 3489.35710 1838.92004 4719.36234 65.83497
84 168.00 6171.82728 8449.53805 5504.13186 1377.26743
85 170.00 4699.60289 8296.04430 693.54753 6818.78401
86 172.00 1601.65768 6130.71998 4298.81966 8880.23371
87 174.00 6292.30644 3262.47141 1570.10158 7313.68927
88 176.00 3272.37840 3320.16916 6844.31230 194.84185
89 178.00 9569.95058 8850.01846 323.61087 1148.23450
90 180.00 3035.74582 5377.66164 2559.32828 1288.97951
91 182.00 4292.74424 1729.18217 6900.81701 128.64904
92 184.00 4183.41585 9960.32532 1346.40374 2406.27112
93 186.00 382.86329 7458.22233 5289.47109 28.20564
94 188.00 9044.14603 6696.65547 6828.02850 8771.55325
95 190.00 6397.44947 1974.91385 4568.96635 8068.78583
96 192.00 5743.15646 9806.10940 7675.20067 1415.45816
97 194.00 9567.01991 301.35869 6061.44660 8712.00103
98 196.00 7094.64218 2211.13534 4220.26871 8998.52006
99 198.00 4262.72494 3855.06971 5581.51793 7268.83267
