3
50.0
30.0
891.92
1500.0
0.6
100
0 0.00 3629.98012 7156.71229 8213.65366 210.74210
1 2.00 9668.05159 6058.14733 8414.72967 6622.23434
2 4.00 9408.48276 6906.82455 7888.02711 2396.75829
3 6.00 5527.27903 3092.68502 9584.83612 3628.55098
4 8.00 8122.50299 1220.53769 8669.52935 8576.47139
5 10.00 3884.71015 9097.89100 3929.75568 9779.92854
6 12.00 2555.33690 902.50328 8227.07726 2354.60455
7 14.00 2103.86491 8902.46728 9158.90801 6313.52703
8 16.00 8794.67248 7667.40901 4062.88816 338.81681
9 18.00 8664.44588 8231.97780 9404.95420 4710.91283
10 20.00 4129.61319 8411.63466 7173.86018 8767.61227
11 22.00 8202.41310 8244.00866 6984.82188 5063.34514
12 24.00 3518.56347 6021.15942 8134.28048 7377.85521
13 26.00 4532.61753 273.50893 520.98823 6415.92511
14 28.00 6301.56342 7910.19318 1360.92223 4006.61850
15 30.00 6282.96273 3137.21803 822.32051 1578.22439
16 32.00 5163.65891 9696.64587 8306.21381 7631.62703
17 34.00 8469.60430 6857.53378 7926.42295 3193.99129
18 36.00 4783.65480 7351.72109 2606.79880 6874.66872
19 38.00 8267.68609 7995.28668 1986.63720 4144.96425
20 40.00 1818.89254 8763.90013 9447.57155 8843.41430
21 42.00 2244.87133 9481.09217 9231.12352 6471.06689
22 44.00 6266.27358 9068.44781 9741.27572 1982.66203
23 46.00 7012.61154 1687.55956 4010.34911 4289.03368
24 48.00 2601.57780 890.61267 3679.20154 9472.43508
25 50.00 1173.50519 7185.83424 4351.58735 9199.89049
26 52.00 4537.07865 6736.10043 1185.12349 7135.63712
27 54.00 1905.44165 8619.36724 7821.21943 2879.61973
28 56.00 4941.68158 1301.99331 8563.37728 6000.82786
29 58.00 9952.07450 2829.67245 6771.88651 4183.30991
30 60.00 4085.24102 1459.42852 2901.92962 2617.99464
31 62.00 6176.80240 9073.28235 3696.37740 6842.67086
32 64.00 4581.64111 103.20242 1332.04936 3232.45980
33 66.00 6930.23558 6868.52449 7133.35949 7084.53167
34 68.00 7361.04105 2562.25594 952.79422 587.52314
35 70.00 3328.62541 2348.41440 9082.26537 9967.39437
36 72.00 9393.21940 9672.09844 5982.32066 7482.41840
37 74.00 455.11872 2536.56883 6196.57877 3025.07356
38 76.00 3946.96814 3709.01213 9680.57810 5595.60389
39 78.00 5804.86910 2602.91652 5037.46722 9303.26941
40 80.00 8778.96752 1319.19534 3173.17387 5304.23801
41 82.00 1417.95734 1168.42056 441.62161 1278.71495
42 84.00 8716.79559 8348.04038 7478.23368 9262.37042
43 86.00 2829.25508 8769.36386 6129.31571 7615.63919
44 88.00 2637.57941 3130.10316 8926.71810 3155.42919
45 90.00 9945.65066 7636.75414 1512.64746 8530.33661
46 92.00 6574.19478 7982.20183 532.22188 1486.20807
47 94.00 2298.60546 358.62248 2602.23964 7059.62863
48 96.00 4364.29867 9952.01743 9272.06341 407.91709
49 98.00 3565.20116 7090.29142 4851.99514 4929.88550
50 100.00 8458.38351 8668.79300 1236.54234 935.77878
51 102.00 8681.73110 1806.54964 1682.95002 5087.37764
52 104.00 2727.91554 8908.94522 5856.77402 5835.47391
53 106.00 9716.27355 5260.15407 5707.87811 4164.18991
54 108.00 768.35463 7682.53427 6769.08516 8873.67698
55 110.00 259.62169 6813.12345 6806.39409 3941.69803
56 112.00 5903.38498 9512.19850 8369.77209 1537.75469
57 114.00 810.63237 8306.99226 6595.39323 4540.55515
58 116.00 9552.01531 5942.04259 58.05361 9697.70514
59 118.00 6561.72757 9508.95968 3249.15468 7315.45217
60 120.00 7343.19560 9574.02779 5691.58436 2113.66861
61 122.00 486.82249 6436.44030 3231.70847 555.35024
62 124.00 707.24089 9519.00189 3813.90930 3988.58497
63 126.00 1780.10801 9650.49310 8655.15511 891.88308
64 128.00 8523.45833 1629.40684 7794.92545 2849.35889
65 130.00 7525.58566 6540.64299 1206.01984 4908.45098
66 132.00 4323.58419 8063.53196 3101.01307 6849.61942
67 134.00 1312.86668 6655.20296 8320.52874 5126.53226
68 136.00 4896.23036 8854.13039 4764.39687 5630.57077
69 138.00 4230.70580 7564.90643 8109.94360 6138.67783
70 140.00 4341.05923 4260.17099 404.38090 3417.44847
71 142.00 4635.24876 2242.30212 6862.36536 1550.69701
72 144.00 4953.22254 6295.59581 5246.77784 2907.03024
73 146.00 4373.55519 9072.07711 4776.11365 1486.06539
74 148.00 1277.89748 9029.03619 8415.37954 5230.92057
75 150.00 2954.81634 477.28274 765.32520 450.94904
76 152.00 1076.32171 4249.13521 944.84362 6608.55254
77 154.00 5684.78210 2533.80331 2548.60204 817.69562
78 156.00 5034.44567 1139.35491 6615.78323 1795.52196
79 158.00 1822.08135 3929.57338 832.90565 8767.55347
80 160.00 2976.47516 5872.08388 4549.98149 6702.59866
81 162.00 6238.10394 2650.74390 9667.19627 8713.44818
82 164.00 1871.91734 1850.87391 7470.29319 6040.52873
83 166.00 8716.15795 1063.30659 5343.76003 58.47070
84 168.00 1166.78260 1717.35351 4771.19874 6918.06230
85 170.00 8687.80521 9658.03808 6018.87440 4867.22494
86 172.00 6184.99374 9739.21892 3607.28783 6738.03143
87 174.00 6902.93354 3949.97238 3026.56659 1250.89490
88 176.00 138.75918 1119.12502 158.85247 9705.20364
89 178.00 8590.12030 2092.29480 6486.23222 6497.39826
90 180.00 4357.88474 6260.59151 7900.11537 1909.14453
91 182.00 3009.17870 4634.25555 4739.89088 218.16828
92 184.00 1661.05493 1524.22240 7025.98106 9638.66871
93 186.00 4714.89199 8597.96445 5852.26269 2013.38420
94 188.00 5694.30462 8338.38533 509.22180 78.74281
95 190.00 6304.09880 7130.92815 9794.86938 8486.16261
96 192.00 7370.78313 5958.39551 5543.04525 2907.74532
97 194.00 4874.96513 4861.00961 5910.39276 6114.95293
98 196.00 6786.67917 8166.89237 4879.01496 7142.90329
99 198.00 5283.08809 4220.04548 3158.50150 635.10569
