3
50.0
30.0
2079.80
1500.0
0.6
100
0 0.00 9974.85002 657.78824 7844.57692 422.96926
1 2.00 6105.58403 5018.36032 8078.31940 2976.28862
2 4.00 8301.30954 8217.11663 9292.61028 3950.00210
3 6.00 6061.09109 9896.97892 6388.81596 6480.26914
4 8.00 1986.63782 5903.17156 6851.55713 8136.65304
5 10.00 3822.21249 5565.42015 2926.16018 4108.87211
6 12.00 3820.04022 995.76765 2162.83586 2866.55031
7 14.00 491.04173 4798.91878 2661.74125 2332.98882
8 16.00 1741.95422 3223.19541 1830.15333 7369.67964
9 18.00 9670.40870 6697.31502 5951.21341 5828.63939
10 20.00 9119.69633 9956.70569 4460.67980 146.60478
11 22.00 7114.86890 9110.70841 1651.42729 4307.87003
12 24.00 9880.45148 6603.22295 263.06951 4672.68475
13 26.00 5155.71247 8198.13728 5405.50335 1715.28184
14 28.00 890.22818 549.22468 1583.58475 6653.57982
15 30.00 274.29407 8032.49506 6277.70068 950.78050
16 32.00 9308.88838 9365.12735 9437.14157 7991.85835
17 34.00 2352.10734 6843.46160 7509.25672 5715.62465
18 36.00 5954.73941 8849.50973 7800.39427 4485.80264
19 38.00 1466.05893 1119.56701 9760.11302 9625.19229
20 40.00 7309.56732 5375.01816 6259.60675 9645.82192
21 42.00 9278.03372 5082.17499 8153.18866 8514.00585
22 44.00 9705.08207 9280.75741 8941.63588 3041.14078
23 46.00 1382.40644 7578.32670 4512.91345 8801.77333
24 48.00 3560.50860 5131.45341 9271.02292 5710.87628
25 50.00 4403.53595 5068.47988 4376.67846 115.34024
26 52.00 1725.75035 8118.70285 2595.00679 468.22328
27 54.00 4743.07636 4732.75257 936.97070 8425.92621
28 56.00 8421.18764 3802.49907 851.28034 5956.80389
29 58.00 915.03708 6479.51995 840.32520 1578.30980
30 60.00 8909.89948 6743.40463 5904.29941 7914.63287
31 62.00 5999.01711 4234.74517 9038.11622 1504.37016
32 64.00 7262.05444 3921.04533 9432.70162 6702.76164
33 66.00 8479.32380 6645.83427 500.25376 431.34694
34 68.00 3546.41246 7133.81999 2586.51442 7904.70854
35 70.00 7901.16598 4235.22794 3546.10044 440.21193
36 72.00 8995.86987 6423.26811 1770.29285 2841.17465
37 74.00 8937.62811 6909.30445 5581.87621 3333.06914
38 76.00 3773.86841 1070.08888 9310.10168 5810.33750
39 78.00 8589.93320 6586.31158 6411.76905 1817.25251
40 80.00 6399.98623 8847.67470 9262.27096 7020.11031
41 82.00 2830.39986 6098.24802 3837.30676 2486.54922
42 84.00 2648.31371 6118.03937 256.21036 4530.59767
43 86.00 3123.93674 647.59928 116.15248 5608.33144
44 88.00 1022.09675 1423.39693 9812.26287 3555.71364
45 90.00 7600.49218 8255.19805 4066.30958 5426.19657
46 92.00 1250.57697 5025.32847 5738.70346 7893.44153
47 94.00 2220.02583 5346.22076 5327.03442 5018.08787
48 96.00 6140.80243 8803.34276 1374.59390 2585.31581
49 98.00 4795.23600 9905.95199 7528.95277 4451.74319
50 100.00 5757.50247 4249.14435 6232.39061 634.09977
51 102.00 2998.99683 2144.51797 8296.96254 5864.97939
52 104.00 7566.88602 7247.70853 3577.47113 7554.91055
53 106.00 5996.90062 8148.63370 9985.78987 8731.32797
54 108.00 7147.34773 1079.60464 2133.43795 7197.14451
55 110.00 8944.42469 3417.29017 9810.12622 437.90861
56 112.00 2545.12528 5562.93774 943.95559 3324.50716
57 114.00 8300.58789 219.30873 1655.73361 9064.29082
58 116.00 2784.16662 3020.88167 1446.44560 1245.69331
59 118.00 973.61449 3178.83675 315.65799 1932.48612
60 120.00 2891.52170 282.54962 5672.19335 4020.64747
61 122.00 631.79593 7556.05502 4842.39592 9115.54068
62 124.00 7475.21803 7723.99869 1267.77282 2586.91859
63 126.00 5382.40146 7530.08161 6304.86921 5467.04378
64 128.00 9564.26106 7294.85765 8662.98753 4617.25062
65 130.00 5511.52953 968.98111 796.19456 2708.70078
66 132.00 5169.71594 9952.76407 7872.76866 8397.34631
67 134.00 6225.47516 9191.16723 6265.90098 9471.84930
68 136.00 5459.15018 6164.68166 5384.03754 8047.66349
69 138.00 2489.75781 9752.55814 3958.27567 6185.45097
70 140.00 4403.46631 9303.09791 3811.62417 3123.50308
71 142.00 8925.23198 902.95869 3402.84993 2612.18875
72 144.00 3135.55671 6599.06604 1106.45981 6136.97105
73 146.00 7223.81589 6795.23045 585.88079 6874.52628
74 148.00 4777.56716 3613.16072 6969.90892 3814.89909
75 150.00 6947.66671 3512.61043 703.83657 786.06326
76 152.00 6827.66056 618.67120 8325.24021 5378.17469
77 154.00 7712.92393 8075.03904 2071.41537 3143.88009
78 156.00 4107.89594 7093.56626 1257.63037 5146.67784
79 158.00 2599.05341 3723.88375 558.11363 4855.08129
80 160.00 491.51726 5941.17393 6513.27354 3011.32760
81 162.00 1358.86746 5303.52853 5803.63894 1789.27541
82 164.00 2933.17362 3763.35517 3750.44671 8651.83907
83 166.00 7855.17133 7405.60069 5567.52373 4349.08013
84 168.00 4975.03448 500.02346 7891.77920 2621.30798
85 170.00 143.55077 7905.02972 3107.42083 4235.90681
86 172.00 3641.87520 7562.66299 3399.16740 8924.63610
87 174.00 5712.10149 7825.16837 3085.21403 3189.32257
88 176.00 2207.32675 7812.59496 8052.64627 288.91336
89 178.00 1308.55830 8570.37327 3695.29666 7989.29963
90 180.00 8758.85646 7832.79107 8542.88225 1843.25358
91 182.00 4187.33972 7005.98421 541.92402 3964.90385
92 184.00 3340.02082 6082.40145 2289.02116 536.99069
93 186.00 6947.92553 6752.67551 1602.64141 1867.38052
94 188.00 1749.07909 2941.12326 9632.78970 7981.91901
95 190.00 4281.81983 8813.54209 6939.49630 4739.48429
96 192.00 4012.36096 7638.08908 6132.73129 3901.43514
97 194.00 1036.56300 1768.77516 7091.40971 999.14700
98 196.00 3725.09270 9724.12213 5033.60494 9565.45295
99 198.00 5334.08901 5170.69501 3882.44927 599.68613
