3
50.0
30.0
990.91
1500.0
0.6
100
0 0.00 9574.17174 3183.03942 6821.00996 3426.35256
1 2.00 2613.60533 7526.94001 4527.18081 2459.28285
2 4.00 9830.21947 3416.29805 4597.99342 5995.13667
3 6.00 158.74616 6918.45060 6464.43292 20.47513
4 8.00 4765.28950 9014.44994 6727.06404 4131.63033
5 10.00 8952.68177 7032.99675 7624.65241 5381.31454
6 12.00 7873.05235 6490.97276 775.23116 309.47521
7 14.00 8320.83865 6716.13078 6722.45913 3529.94732
8 16.00 8127.81247 8274.66835 3579.65740 1771.86637
9 18.00 7679.65844 6970.30134 84.31376 4626.92532
10 20.00 9362.47849 4445.77657 2215.20765 197.81670
11 22.00 2811.34484 9213.98690 3578.21019 899.66519
12 24.00 6134.42709 3031.78532 7178.09530 2342.57944
13 26.00 4938.08672 3629.99179 2807.56358 9045.07590
14 28.00 7069.68007 2090.86321 1960.86794 8211.23471
15 30.00 3960.86180 8699.16233 5691.02231 4940.11321
16 32.00 5517.85187 6598.38421 5657.07048 6823.83601
17 34.00 5651.40234 653.60625 1282.46395 650.49321
18 36.00 2596.24481 5699.03291 2279.65175 5230.79960
19 38.00 7822.52709 1918.51548 6779.78717 9919.51354
20 40.00 6929.85815 5329.41517 2529.21072 5601.15977
21 42.00 4539.26124 9378.90369 6409.66286 9430.74224
22 44.00 518.62798 9387.59329 4325.48172 9951.06477
23 46.00 2740.35596 6801.73475 4665.86728 3614.71843
24 48.00 7590.21715 8838.02442 2245.48206 2779.33031
25 50.00 4200.62069 4488.61497 51.59284 1946.08140
26 52.00 818.08901 5718.19617 253.71939 7374.44179
27 54.00 9780.95611 4238.20257 744.40367 2499.84162
28 56.00 1644.81575 3108.05858 6259.94687 967.26097
29 58.00 4799.66420 8080.59074 5925.30771 6262.97108
30 60.00 3343.02536 2504.09471 1078.40653 2383.59213
31 62.00 3408.01968 544.32860 3335.88455 7941.11119
32 64.00 9435.47577 7757.49472 6195.66556 7640.98570
33 66.00 6253.48758 5789.34469 855.34699 606.86945
34 68.00 333.43676 3132.79434 8476.92145 650.28219
35 70.00 1275.35791 9191.15788 4419.18403 3014.71074
36 72.00 6261.85212 657.90259 6775.64457 5592.58052
37 74.00 2949.16770 3814.55484 958.30251 7519.63358
38 76.00 2331.11984 5995.75853 6597.24032 106.06546
39 78.00 3839.20025 7951.64678 8799.38167 6192.30554
40 80.00 3396.16475 9375.84852 7829.29138 4540.76763
41 82.00 3281.93669 1924.81317 1026.89654 5951.75108
42 84.00 675.44472 7894.16424 1936.14542 5732.12133
43 86.00 6373.63736 2562.86102 4210.07003 7246.23037
44 88.00 4446.24314 2431.52478 7970.25584 604.91183
45 90.00 3116.66858 4358.48128 9597.41351 7543.73635
46 92.00 3111.88240 8852.21910 7754.95664 1474.09063
47 94.00 3086.74414 3429.00316 3688.29995 80.81842
48 96.00 5864.39912 6783.00374 573.17646 5071.07867
49 98.00 8351.74930 8587.02206 4220.61140 1954.07130
50 100.00 2003.71903 9085.00218 7852.63807 3415.51924
51 102.00 6678.60139 6947.81577 9819.23256 5997.62303
52 104.00 3311.45434 5784.10749 9630.64889 6161.03137
53 106.00 4186.95288 1622.79987 4543.02094 7891.91387
54 108.00 421.92150 2194.05881 36.97072 2230.25089
55 110.00 2302.74010 6239.20018 2390.19040 7345.86178
56 112.00 9525.88229 3315.15110 7400.81388 2053.16360
57 114.00 1842.44512 9898.78044 3628.17146 737.31157
58 116.00 300.17589 1151.89293 2905.76215 1944.03444
59 118.00 5856.86392 7655.32735 439.04826 296.85573
60 120.00 1978.24994 1741.46609 8853.82230 7188.36674
61 122.00 3398.17493 5545.04955 1785.41431 214.92028
62 124.00 8428.81421 9106.48950 209.93760 6774.52379
63 126.00 3789.22758 7874.14081 1109.69010 9361.14104
64 128.00 3050.72378 2401.49933 8094.87770 6609.08715
65 130.00 9411.61756 9771.01846 9976.94914 8816.63795
66 132.00 8783.87836 653.77519 1444.32246 9241.55467
67 134.00 7948.98117 1916.81292 3781.95529 3742.55302
68 136.00 5995.49163 9769.81540 2445.49639 461.95192
69 138.00 6160.28008 1891.02164 5354.68342 7895.87789
70 140.00 3276.80605 532.58975 7956.11920 8728.51492
71 142.00 8515.02638 9683.84308 8858.34288 2092.37573
72 144.00 814.07702 4706.67294 6635.02199 648.73041
73 146.00 5086.13805 7513.08038 6450.71564 5091.58517
74 148.00 4985.87776 4642.67278 3218.23133 3738.78721
75 150.00 6945.09674 7156.49873 4947.92025 2683.35458
76 152.00 4009.46071 9211.85224 5839.82622 366.04488
77 154.00 2195.26283 2030.00497 8631.68264 3958.99975
78 156.00 3059.99036 8887.08930 5713.70387 9354.98907
79 158.00 3741.07355 5505.51974 1343.30316 840.28149
80 160.00 4445.05315 3515.74952 5839.62225 4652.53111
81 162.00 6211.25820 4261.02344 4675.50989 4089.52775
82 164.00 8045.04465 3170.20426 3823.70927 1795.65731
83 166.00 2337.90400 6453.54853 3590.92935 824.18511
84 168.00 8426.03389 5127.90989 6436.54399 7858.73296
85 170.00 9266.05919 984.09110 713.48677 382.81385
86 172.00 2003.06597 1966.46323 3292.41293 3027.15583
87 174.00 8155.64780 6835.39330 2744.64557 7056.42638
88 176.00 9979.95705 9984.05098 7523.83357 7398.21006
89 178.00 9123.82530 85.33878 2994.74152 8223.08856
90 180.00 7831.28254 4038.11141 4057.58484 5799.53780
91 182.00 6553.08507 4720.03994 5126.46973 7611.60537
92 184.00 1492.81143 3975.05285 2269.26302 7491.37075
93 186.00 4744.38252 5158.25350 7859.74648 7576.21299
94 188.00 7225.10351 4614.01137 7919.14888 3130.74833
95 190.00 1878.46552 7701.31066 6979.41269 2095.84754
96 192.00 4499.71936 5584.46817 3747.00167 5775.08449
97 194.00 1283.45641 9433.54001 96.81154 8104.01385
98 196.00 8342.98882 3398.22242 4191.47316 6857.62806
99 198.00 4033.68717 7786.43405 5376.04006 3260.79515
