3
50.0
30.0
1139.39
1500.0
0.6
100
0 0.00 1554.91282 1263.68360 3788.00665 7354.22375
1 2.00 528.64625 7254.19273 9744.99847 7075.02416
2 4.00 2491.11628 6087.02991 7067.86763 1831.04526
3 6.00 9862.46276 7984.68899 5022.29246 2758.22974
4 8.00 4277.65083 9416.77009 8813.87710 8140.23251
5 10.00 3051.87431 8579.21474 9474.54649 4065.14784
6 12.00 3127.36912 901.40593 794.74867 7299.53030
7 14.00 9448.66949 1651.13126 574.11522 7434.09457
8 16.00 5541.59775 4928.50533 8743.52962 9621.66331
9 18.00 4239.83624 5086.82362 7307.97366 4796.55948
10 20.00 5150.11487 9979.54426 8880.80534 6978.81953
11 22.00 4054.71452 6162.86607 9108.86406 7459.17261
12 24.00 7141.60073 7025.91714 7496.67953 2442.26247
13 26.00 7389.83152 9508.68390 8233.63394 8803.31896
14 28.00 5281.11418 6091.93608 6073.73546 9646.47384
15 30.00 6745.22168 8819.30566 5235.16416 2250.68578
16 32.00 751.22374 8394.08935 5136.84484 9524.83602
17 34.00 4227.22269 3790.94766 3732.83699 1132.33509
18 36.00 9140.45175 2497.65224 5391.19622 7664.13911
19 38.00 1178.65401 2991.77993 2935.45039 2130.65945
20 40.00 7380.25722 5688.41945 2174.63195 3048.19799
21 42.00 9331.11444 6429.73635 8257.27387 354.29127
22 44.00 4630.56981 6177.48692 4882.66461 3557.44064
23 46.00 6155.30248 3285.51801 3538.92744 51.54411
24 48.00 8901.96277 1861.57706 3545.32324 1013.37779
25 50.00 4920.46119 847.43779 5143.18600 1537.10666
26 52.00 1238.42649 4874.12155 1556.30401 6566.33446
27 54.00 2260.95233 3953.58826 2992.84953 4283.41470
28 56.00 1821.82040 8115.43854 1086.94993 4385.72069
29 58.00 8393.57461 1618.34301 3537.37777 4339.60155
30 60.00 3592.36746 8705.14070 1984.64618 1895.67069
31 62.00 402.56308 3945.46005 7439.23987 9009.97810
32 64.00 1603.12501 1989.91924 4792.94985 6652.42895
33 66.00 2657.99620 4210.95323 5501.23673 7998.20085
34 68.00 7143.20959 3248.87699 7643.92710 8817.66531
35 70.00 5018.58583 9235.61251 8430.62914 3888.48507
36 72.00 1097.32784 1078.79585 211.52207 1555.41989
37 74.00 5000.00931 7673.84951 2365.04935 6783.10319
38 76.00 3421.40998 9764.38527 7374.31556 4343.28515
39 78.00 2894.66629 4859.29244 7608.99897 2477.47299
40 80.00 1524.95725 5112.39836 2494.66786 7667.27605
41 82.00 8641.66806 9942.57060 2473.54371 8206.09416
42 84.00 1984.12459 7064.60899 8099.52468 7011.44954
43 86.00 5023.33944 1811.88250 9925.51668 5911.96199
44 88.00 6344.77192 2293.84192 1322.95813 383.66432
45 90.00 9903.98796 9290.98332 4263.02977 6164.67358
46 92.00 909.35430 509.55365 4072.97190 3064.45947
47 94.00 6333.09975 2314.27649 3361.77851 4791.95238
48 96.00 5098.63693 6438.73156 3042.89990 2692.46089
49 98.00 2805.55941 3510.24514 4180.74200 3198.40885
50 100.00 475.56394 408.89129 521.30637 7447.54704
51 102.00 2119.77551 4720.58164 9084.81975 1007.61700
52 104.00 1848.40003 9483.28186 3635.81243 3043.56695
53 106.00 968.87221 136.61583 5517.68227 8619.74270
54 108.00 3312.11734 7412.92103 3613.84964 7788.08308
55 110.00 5288.62064 3715.92285 6502.48343 2100.33302
56 112.00 3840.49357 8871.93800 1304.85405 7425.87437
57 114.00 1203.54347 5865.61456 9121.76832 6543.55160
58 116.00 1904.33600 7046.60054 9255.00640 748.79601
59 118.00 5465.79023 3428.97969 7253.50659 9896.44615
60 120.00 2019.99117 7207.69466 438.11106 1917.06728
61 122.00 5504.95682 2525.25508 8770.75343 8534.38294
62 124.00 9068.14848 9751.26157 8949.13028 4484.82220
63 126.00 7173.25875 9108.49180 677.08496 4190.04161
64 128.00 9313.32327 5038.69428 218.74898 5991.53662
65 130.00 6967.06228 1289.34237 454.45226 5661.74768
66 132.00 7943.90380 6938.03334 7407.15197 3974.93828
67 134.00 6846.94279 8702.55720 9715.38418 1655.18220
68 136.00 7507.27791 3841.50420 7793.72173 4008.48959
69 138.00 2714.94189 1840.66340 1600.03055 2178.07722
70 140.00 6967.21748 8791.55017 7906.46877 4554.40987
71 142.00 7077.54021 5250.73202 3034.10171 2203.36328
72 144.00 7082.54704 5521.50921 1711.09097 456.12466
73 146.00 2382.16775 390.90675 1481.39476 8836.02472
74 148.00 9272.47957 2704.34855 7906.21318 6424.13124
75 150.00 2490.08074 8234.10267 5345.94924 13.99961
76 152.00 3474.61899 6051.59536 3691.10162 832.46156
77 154.00 7054.61717 5492.75072 7220.79591 4083.42882
78 156.00 6114.82034 3246.35140 572.63431 8159.22156
79 158.00 8239.31786 2192.79593 9652.27464 1767.35239
80 160.00 9716.04705 5373.88695 9787.62387 7781.85993
81 162.00 7805.13187 1064.42733 7457.69789 3819.80978
82 164.00 6538.24719 8700.25788 6343.05541 5508.77804
83 166.00 8168.47030 2206.39038 2687.93502 5816.63800
84 168.00 8077.32961 7528.97698 1556.41477 2317.23143
85 170.00 7262.86124 3686.40007 9021.68143 936.91062
86 172.00 1815.13544 1850.28023 8623.52171 1888.59921
87 174.00 4905.18383 7294.79992 6475.64272 210.47304
88 176.00 1629.18649 1777.34269 3941.97335 6078.22077
89 178.00 694.54120 720.48690 2452.53835 9091.31055
90 180.00 9703.85465 1002.33799 5267.78550 7267.64625
91 182.00 8079.92727 6032.93516 3778.75130 207.15915
92 184.00 8265.62248 7634.45756 6444.82113 437.40043
93 186.00 2483.42944 835.95546 1426.35606 6273.84377
94 188.00 134.96904 9663.60763 9576.17691 1063.38945
95 190.00 7361.31510 3383.89917 7074.55755 2023.21642
96 192.00 4804.25431 5628.51234 4443.26198 1631.44442
97 194.00 3317.56320 1545.13324 558.75507 6920.41198
98 196.00 6274.85853 1230.75515 8249.24901 1028.15312
99 198.00 2967.38491 5115.42416 8364.83385 1418.35026
