3
50.0
30.0
4059.60
1500.0
0.6
100
0 0.00 1852.80228 5555.51094 1033.98061 5513.31946
1 2.00 7950.35570 5112.89280 1907.24335 3813.26785
2 4.00 1917.03915 6706.17727 1664.12046 8341.99261
3 6.00 5492.80648 4264.79329 213.41737 8846.39166
4 8.00 7375.93740 397.31594 1806.45620 8764.03684
5 10.00 3522.81778 9140.85913 7732.72966 2309.84964
6 12.00 5210.64398 6020.85101 5788.13257 707.76521
7 14.00 806.43555 4263.81533 5785.97669 1870.86356
8 16.00 808.74955 1911.69167 2494.46394 7071.08896
9 18.00 7199.14854 3461.80938 8150.95786 9834.05589
10 20.00 9966.60118 32.96513 4794.86073 61.29956
11 22.00 5585.89813 9188.26906 9023.86586 5663.42378
12 24.00 6586.22537 6094.21638 7923.68635 3994.98755
13 26.00 7822.38128 4560.68615 5045.68774 7043.49383
14 28.00 4146.03413 7686.96949 2376.80134 9343.63932
15 30.00 8118.66636 9119.52738 3584.02975 6108.87429
16 32.00 8232.06032 5524.44959 7398.48035 2779.03980
17 34.00 1713.14904 9002.24733 5826.98988 3366.46930
18 36.00 1961.44483 8461.07668 1889.28259 345.68993
19 38.00 3274.06165 673.20893 2941.45264 5818.35035
20 40.00 2081.69115 6887.64515 1097.33864 7476.58839
21 42.00 9238.40045 995.02206 5966.50335 4978.84209
22 44.00 3426.24889 6725.24379 9773.26988 8066.86952
23 46.00 4288.88077 4019.02793 3554.81719 6054.06225
24 48.00 9427.81537 3351.74626 304.38500 648.85516
25 50.00 2373.51026 8829.02786 9056.09773 1406.66800
26 52.00 2608.14847 4198.09162 7020.62484 8432.78084
27 54.00 7868.45966 4661.21859 9605.40391 395.38376
28 56.00 7093.70071 8835.19701 8260.59160 1724.89153
29 58.00 6333.00944 5449.92530 1399.27600 801.78316
30 60.00 631.28240 7924.51895 5263.28041 6220.87610
31 62.00 7254.79816 7501.16752 3533.04773 8607.19393
32 64.00 6747.45541 7417.23580 8516.09139 3201.57318
33 66.00 1390.27960 8211.03104 706.06082 1612.31409
34 68.00 7492.04489 9479.90802 4231.11590 7574.20040
35 70.00 4980.43775 8167.42690 703.30240 3058.13213
36 72.00 8412.62698 2058.44493 9905.32331 1051.55206
37 74.00 161.48880 5350.39034 4027.49957 9739.89049
38 76.00 538.38177 4319.84758 7668.48224 7814.69598
39 78.00 5814.65325 2594.15848 8305.24229 267.51051
40 80.00 8140.39006 5325.47124 5094.31346 187.12448
41 82.00 7049.84221 2978.40294 9518.35039 7152.63352
42 84.00 6775.10239 9176.95269 1289.89190 5007.99828
43 86.00 3045.51542 7064.21921 237.35676 872.43896
44 88.00 455.41176 5177.95848 9725.15057 626.81157
45 90.00 6344.07353 4705.82079 4456.15095 7925.40577
46 92.00 1915.60046 7594.88285 2815.48854 6065.82355
47 94.00 4782.47284 9147.60760 107.45028 6647.39885
48 96.00 9626.45248 2801.04288 6442.27231 6642.91572
49 98.00 2558.12818 7242.36810 3067.86882 1297.09297
50 100.00 433.87699 3612.23236 8707.88597 8047.89588
51 102.00 2942.28791 3950.98284 656.35778 6290.06172
52 104.00 1105.25103 1219.58712 3362.28150 3339.58067
53 106.00 7451.98693 5712.24699 1331.57991 7207.51662
54 108.00 7598.39237 9985.06488 6846.32530 1279.03206
55 110.00 2320.21433 9600.96667 4232.63228 8606.25170
56 112.00 6924.48873 1304.76867 850.86416 3777.72859
57 114.00 7811.03768 7107.72868 8007.37491 5999.09901
58 116.00 7585.04536 9409.43640 5543.15638 7153.14325
59 118.00 9062.23050 8231.71395 4911.06528 4761.20984
60 120.00 4379.54395 3710.65332 635.67662 5001.01063
61 122.00 4647.19285 764.56570 7898.33942 6064.71468
62 124.00 840.24575 9709.61396 2232.06413 4564.71537
63 126.00 6358.61060 1607.36904 2777.34999 4765.51505
64 128.00 388.34857 3612.46050 5869.28690 3190.85131
65 130.00 7392.63866 4098.89213 5098.05946 8290.35752
66 132.00 6452.00437 7903.65766 8282.99207 2233.46519
67 134.00 1134.69217 5555.20593 6855.90983 4986.31194
68 136.00 9744.80671 6573.20614 7788.59588 7279.14331
69 138.00 400.50099 6263.78548 7953.59165 3478.35972
70 140.00 4844.59995 3189.98333 3314.51555 1927.05772
71 142.00 5687.27904 7672.31390 5393.33028 3252.89363
72 144.00 6616.74882 7202.92674 329.68189 9005.27554
73 146.00 8272.38718 6009.50667 7672.07371 5835.29205
74 148.00 4480.58293 6742.72117 3162.00124 310.96749
75 150.00 4105.78148 5165.62114 8474.39985 8964.05387
76 152.00 84.33164 9771.21152 7388.81554 9635.33913
77 154.00 747.03431 3551.15482 4586.36437 6567.30281
78 156.00 1859.11395 6867.83037 3463.65320 6824.41530
79 158.00 3482.42415 3365.75693 2190.45502 3196.10523
80 160.00 2824.15539 7593.21115 360.11193 7588.44748
81 162.00 9183.94346 7082.06405 6775.30918 4560.32526
82 164.00 6985.43630 5033.35475 5256.33302 9720.47983
83 166.00 5878.17534 8767.27068 6443.44469 8974.87959
84 168.00 1354.24234 9734.33068 1058.53116 9249.89507
85 170.00 7402.67195 4555.31886 1398.38186 6660.84215
86 172.00 9255.66787 216.64141 7560.96681 3103.55674
87 174.00 7598.14419 680.50928 1247.95256 1737.87797
88 176.00 4025.32452 6880.82631 3670.61016 4917.81291
89 178.00 6928.50545 8925.04707 2794.88661 9426.10799
90 180.00 229.85689 6940.56250 3106.25155 4275.23363
91 182.00 4834.75380 5218.16659 2571.12160 2734.21415
92 184.00 9599.29008 1260.82970 2923.44513 8237.25625
93 186.00 9611.89259 592.94117 2587.61187 5486.14013
94 188.00 4700.18961 1149.80376 156.71655 1174.70305
95 190.00 4631.85895 7785.88243 2309.30479 1570.30175
96 192.00 4632.43952 470.06195 2852.65570 2937.57671
97 194.00 7858.30250 291.48239 2442.73939 3079.57737
98 196.00 3762.07938 4231.44585 5301.11600 9918.77583
99 198.00 8748.62205 6572.68531 2563.67040 8112.85547
