3
50.0
30.0
1733.33
1500.0
0.6
100
0 0.00 3733.22126 9369.28067 5231.21027 8193.60900
1 2.00 2190.71422 3511.34358 4079.98448 7515.65516
2 4.00 1064.26628 6404.69347 4536.54089 8343.49280
3 6.00 8952.34352 1883.31133 5.96120 7935.93995
4 8.00 5045.11087 1078.00867 1443.55550 722.06674
5 10.00 9501.10602 2418.33350 4061.19870 8252.31956
6 12.00 5419.66883 965.87225 8144.94350 235.05613
7 14.00 310.97444 1210.75535 1857.14117 7760.67851
8 16.00 713.36151 2534.33901 9510.12657 4219.17528
9 18.00 3575.14289 4030.00809 6978.18515 3002.15478
10 20.00 3877.47313 2084.48405 4285.23880 5896.90796
11 22.00 4784.39485 6148.03177 418.74883 4913.33470
12 24.00 315.18038 3196.31847 310.40320 7006.31503
13 26.00 8611.74873 3837.55272 5390.17303 980.06818
14 28.00 6885.91142 6202.31724 3510.54921 9713.62350
15 30.00 4903.08464 273.28129 386.71575 4874.48400
16 32.00 9058.75415 4748.71786 5437.34953 829.64683
17 34.00 7242.78635 7156.08490 9223.10889 4546.86197
18 36.00 7490.52222 2413.78640 9840.00247 343.42150
19 38.00 3098.13578 7771.63772 8546.42193 2165.55354
20 40.00 4106.07093 102.93951 1283.84155 8627.16687
21 42.00 7808.34906 9355.38184 4444.29972 5020.72611
22 44.00 4631.79978 6971.31049 3881.78109 9249.80473
23 46.00 6537.02317 487.14878 5856.61062 6982.16561
24 48.00 4910.99001 9022.61745 2933.89476 1627.46184
25 50.00 2902.86657 3314.15604 1096.74571 1547.96190
26 52.00 8373.74434 1991.23081 4862.47452 56.92500
27 54.00 7757.40115 8068.02658 9054.09963 7724.62669
28 56.00 438.74676 1826.77800 3400.70411 6830.33135
29 58.00 8455.38419 2287.32524 4446.66414 7007.80026
30 60.00 9116.55196 1015.37721 1392.05308 7403.56393
31 62.00 9466.72429 5627.70754 4380.97294 3666.75644
32 64.00 6989.21199 205.37605 5251.75221 6938.12090
33 66.00 6348.31999 1063.28111 4736.58003 2789.02206
34 68.00 5572.81559 4222.55233 651.75340 2627.75577
35 70.00 9486.62033 3576.42587 4013.26973 9192.74451
36 72.00 9066.16240 8755.32978 1210.10877 1619.95322
37 74.00 5704.20624 6646.40950 4461.02117 9965.20441
38 76.00 3733.16866 2630.06683 668.18885 7899.98164
39 78.00 1855.10185 4132.55767 5596.66582 2322.48293
40 80.00 1473.87231 1332.14822 7014.73902 111.93621
41 82.00 599.93986 7880.87092 1127.52583 6659.11192
42 84.00 5855.72850 88.57491 8803.84645 1370.61792
43 86.00 9207.31658 8605.85686 8012.25291 1886.67012
44 88.00 4747.59552 4787.34353 990.47014 3878.57538
45 90.00 6333.96563 5414.02831 8038.69956 1461.12395
46 92.00 1269.55583 5098.67893 8611.85474 679.94017
47 94.00 5133.84588 9873.61715 5661.57409 2470.67821
48 96.00 7534.13747 8397.70948 3617.22514 2253.42049
49 98.00 2624.68453 596.73017 4318.71035 8706.68727
50 100.00 7806.32000 276.65237 6716.55981 9307.79981
51 102.00 3907.76228 6064.36512 8669.35426 7486.08507
52 104.00 1273.26351 6148.95776 7904.67594 8887.44141
53 106.00 6460.40960 7554.30167 1572.85126 5989.78851
54 108.00 2876.27678 7730.99170 4327.41527 309.14012
55 110.00 663.33976 848.42665 8916.50466 1455.63787
56 112.00 6414.00121 3695.21128 3932.67343 4645.07093
57 114.00 8068.11385 9171.10766 3034.96889 5352.90954
58 116.00 3270.87767 3081.41864 9484.95943 5114.39960
59 118.00 3860.93853 8711.59053 6884.51689 6952.49562
60 120.00 9234.53999 6052.04818 6610.08826 5739.88111
61 122.00 4693.28101 909.87695 4896.75537 3424.10024
62 124.00 5169.97580 6313.65873 2515.92939 2682.11625
63 126.00 2712.51201 2889.46961 5135.17910 3130.51633
64 128.00 9058.10820 9072.17631 5660.14925 3485.13216
65 130.00 3063.47632 8257.35214 5176.71761 4115.39244
66 132.00 2639.10149 4238.48112 6591.11129 7683.14053
67 134.00 8905.50396 1392.77673 7699.09029 2950.15299
68 136.00 6871.03381 3614.86939 5427.75918 3211.42489
69 138.00 7980.30641 5817.49026 1734.15610 7245.92699
70 140.00 8761.45670 6385.95359 2057.33825 7899.45026
71 142.00 8303.89264 1830.77834 6474.77335 4969.55688
72 144.00 2456.33814 4843.43318 2707.40494 5681.89386
73 146.00 5374.08615 1463.39918 6059.83757 2525.35694
74 148.00 9665.13704 8131.14528 9838.67566 32.67073
75 150.00 1889.28089 9341.21998 9278.05711 4547.60566
76 152.00 9908.53753 5835.83607 2770.91663 5674.53641
77 154.00 1991.90015 509.93040 4277.07297 9816.96661
78 156.00 5952.71774 4763.68155 3868.84692 1194.44774
79 158.00 1811.04728 3613.34933 8012.99788 545.02145
80 160.00 8471.74712 2773.56022 5484.90700 2684.14290
81 162.00 7838.70638 9257.47810 6867.24271 2048.92740
82 164.00 8913.11539 5665.67339 98.56098 3376.05893
83 166.00 6243.60023 2771.73804 4298.02643 2304.88332
84 168.00 6183.11901 5706.17100 2667.35777 5526.15794
85 170.00 8407.67996 1517.02896 5537.10249 3167.17794
86 172.00 2198.72305 8057.10308 8251.19372 2031.41209
87 174.00 6162.96634 9544.73318 911.77751 7404.56109
88 176.00 9786.72497 2697.29158 4862.57077 956.83658
89 178.00 8453.82269 2209.73486 4595.06613 1656.42559
90 180.00 1735.43110 2203.41617 1073.86909 2387.70743
91 182.00 3084.94236 5796.37571 5997.16334 3867.03293
92 184.00 2133.87811 1003.66614 819.97137 7124.25012
93 186.00 4425.27556 7391.64389 3844.75521 6150.52922
94 188.00 3801.62634 5412.64622 2717.23302 8818.06304
95 190.00 4915.19827 7895.87758 5239.35380 3220.80016
96 192.00 4990.32151 6156.37834 8382.18953 6065.53936
97 194.00 3729.61053 7034.56388 6009.53548 6989.28846
98 196.00 3776.64269 7880.69952 2071.30911 3142.11781
99 198.00 4051.02285 2487.65660 2906.78813 2308.95477
