3
50.0
30.0
1980.81
1500.0
0.6
100
0 0.00 4913.05849 7312.28528 6064.94087 2338.64514
1 2.00 4260.20502 8263.33726 8747.33253 5393.59899
2 4.00 8766.43062 8480.76072 1772.16608 6815.31742
3 6.00 3184.41632 291.56956 2289.08290 7502.71227
4 8.00 9597.67384 229.18682 7856.07686 5886.11592
5 10.00 7191.82928 4286.89200 6807.45311 9944.67691
6 12.00 4535.73722 7001.11546 4026.59341 9381.94383
7 14.00 2359.49918 4050.84688 7798.85864 1465.44172
8 16.00 7924.04011 3650.86308 22.51464 5406.20648
9 18.00 843.52506 8406.80660 1804.48973 6291.74928
10 20.00 3278.90602 1592.17150 9921.50801 6787.47124
11 22.00 6595.55147 148.32152 3350.51019 9888.73373
12 24.00 9370.58762 6867.47493 4049.34686 1503.40518
13 26.00 728.62175 6513.01688 9370.67108 727.53280
14 28.00 5706.18265 3273.92545 3979.30443 4567.25722
15 30.00 5941.71166 394.34817 5906.32711 7725.70891
16 32.00 2685.17481 4299.61075 6089.61266 2888.04090
17 34.00 5467.26114 161.66284 1583.36961 8921.76560
18 36.00 377.88137 3308.81639 339.11034 6051.66530
19 38.00 7296.36790 6623.13579 5422.82324 9750.09335
20 40.00 5982.22887 6914.06431 5073.61233 2918.67611
21 42.00 1299.88173 8824.91168 3377.20959 7354.24709
22 44.00 5122.05635 6295.16028 6472.70755 2835.65934
23 46.00 4518.63659 5456.92388 4578.85451 8102.59392
24 48.00 9129.18717 6952.80363 4414.05558 3569.37870
25 50.00 1790.42296 8951.96054 4016.53330 3904.96183
26 52.00 1959.88749 7691.07304 6567.26734 262.17892
27 54.00 6155.82872 2749.00044 7802.47927 9635.23638
28 56.00 634.81090 6278.18984 9733.57383 4948.98257
29 58.00 5321.97308 3844.74401 1499.17080 6236.41249
30 60.00 9153.18276 5058.05496 7185.39743 1539.15322
31 62.00 8340.88095 3201.16278 5768.04274 4939.07161
32 64.00 7497.64480 7905.28012 5321.40667 6815.62733
33 66.00 6.54626 6435.49459 6823.38727 7924.05235
34 68.00 3686.80917 6955.01628 8830.20461 6635.70113
35 70.00 8677.87520 7555.67148 3901.54432 7276.88600
36 72.00 3318.76931 4566.35450 383.15796 6730.11244
37 74.00 1679.19660 8997.66755 1759.07208 7464.72793
38 76.00 8524.81599 2683.22440 1825.56040 5235.84875
39 78.00 4606.85816 3940.67006 1403.54159 8264.68422
40 80.00 6113.87419 1856.88888 2466.24795 9516.39854
41 82.00 6835.25589 7393.60523 8467.43116 7895.35093
42 84.00 8303.08369 2221.97152 9406.05225 5461.82088
43 86.00 9015.17890 5725.94471 1031.02612 4049.01059
44 88.00 2607.28405 6844.69258 9159.97128 1866.01792
45 90.00 7614.98208 7224.20841 9321.61111 1778.98578
46 92.00 9450.24389 3890.76532 9686.27994 1718.57189
47 94.00 9460.64737 2216.52127 6945.97678 3433.25045
48 96.00 6079.37573 6864.37475 1022.20723 8604.50201
49 98.00 9395.79438 1062.10623 7106.15288 3692.31428
50 100.00 256.59270 6458.20830 5189.34989 9562.58978
51 102.00 9495.77077 5586.84903 156.32410 3204.41416
52 104.00 4877.68380 6801.03066 8248.61990 2242.06708
53 106.00 1941.59540 6281.27751 1199.77779 6754.26713
54 108.00 5123.10198 5769.64580 9263.18622 1131.96894
55 110.00 4812.17344 4842.49086 468.89836 5215.42593
56 112.00 7046.86115 5819.76959 2691.33782 376.90543
57 114.00 8385.62819 2101.85866 3075.80479 3252.45986
58 116.00 4536.76731 3267.67831 3277.66144 1072.22223
59 118.00 7289.32471 3661.10121 8860.98886 8175.38816
60 120.00 4758.55632 8458.75412 5245.24779 2381.48837
61 122.00 4262.50081 8515.59328 457.92170 9598.00211
62 124.00 2657.54424 8466.05079 6971.25918 6433.12043
63 126.00 1091.04695 9503.86791 7924.54266 351.92190
64 128.00 3538.59508 4566.32975 6157.18764 9479.75151
65 130.00 1220.13701 5917.34801 4728.87714 601.42328
66 132.00 7325.01781 1316.34397 4780.13821 2716.82027
67 134.00 1297.75891 8447.02188 5267.83091 8564.53395
68 136.00 3483.16255 1627.89523 1368.49768 3308.93223
69 138.00 8090.97885 8093.91743 4281.51767 583.69159
70 140.00 3244.55171 7729.25553 5064.39436 7922.95596
71 142.00 4497.79671 4422.01490 2986.50174 1675.89859
72 144.00 4927.11862 3378.90524 3372.85332 7408.01877
73 146.00 6693.14759 5413.49460 3395.36203 5883.21220
74 148.00 9645.35403 7966.02449 3173.27282 7126.76151
75 150.00 6136.47821 1777.75111 1288.96842 9580.05120
76 152.00 9104.86751 9676.34395 8124.17885 4281.07276
77 154.00 3322.94777 1361.25274 8510.13139 8824.89994
78 156.00 428.74933 8016.21492 3725.03598 2295.73388
79 158.00 6473.40051 2320.89565 9584.61324 1311.27899
80 160.00 8773.71735 8830.84066 8270.76220 7993.12102
81 162.00 8684.85095 692.42576 55.69706 3399.29771
82 164.00 337.89303 2040.91271 6330.05138 5555.46051
83 166.00 1821.49035 1003.69381 3032.62430 8511.22122
84 168.00 5247.91893 3830.67559 5864.33505 9951.00422
85 170.00 4906.29406 4995.84466 8503.42040 9904.63048
86 172.00 2220.85516 4490.04359 6373.21828 4410.63827
87 174.00 9494.57506 6431.45594 1497.04685 63.65382
88 176.00 3662.94107 5153.14020 7387.48459 1677.08948
89 178.00 3688.34341 2091.50813 9586.91590 5258.27663
90 180.00 8053.84761 1728.73912 5433.64717 8163.56026
91 182.00 7370.46176 1904.23718 629.15587 2001.81094
92 184.00 1432.12608 8411.67045 70.84285 3048.69448
93 186.00 926.04086 3771.56330 81.14851 898.50981
94 188.00 2447.48484 2623.90371 1601.50798 7175.44582
95 190.00 4631.86088 242.25388 1650.59140 4716.60744
96 192.00 5186.81300 870.91890 4560.27472 7869.22948
97 194.00 8998.51638 4800.79580 3208.48862 7468.26596
98 196.00 3631.87399 6277.34529 4838.33351 3789.09604
99 198.00 8627.37734 9421.37726 3254.34239 6186.11515
