3
50.0
30.0
4950.51
1500.0
0.6
100
0 0.00 7743.02351 5617.55401 8932.89521 5839.15668
1 2.00 4480.73471 5109.28329 8373.64946 2030.64815
2 4.00 5673.51058 1508.53691 3696.32558 8507.71056
3 6.00 6027.30342 3754.73872 512.34025 4127.76099
4 8.00 4114.67685 453.66879 809.53636 3016.69485
5 10.00 8130.16689 1230.98256 4771.81652 6097.43966
6 12.00 2970.77184 865.48560 6451.80459 5352.02257
7 14.00 8141.01503 5674.92218 8935.86542 3893.71198
8 16.00 2871.64590 1896.93186 2974.80369 9679.21081
9 18.00 3499.44410 6933.41793 840.38084 3062.33457
10 20.00 7392.37189 3151.17297 9690.51477 9749.50983
11 22.00 2799.48498 9523.25623 5519.23333 1173.40746
12 24.00 317.27610 5430.49459 3196.14574 1088.62906
13 26.00 2935.46218 7012.40348 7897.73633 9290.86797
14 28.00 1077.89029 4477.46281 5505.91414 4789.23111
15 30.00 4108.51432 2282.65004 9757.30961 7596.54716
16 32.00 1287.27758 78.34809 1556.54526 8246.91431
17 34.00 2406.76104 2220.18508 5181.46407 6313.54904
18 36.00 2393.16822 6614.14680 3865.85228 7685.16281
19 38.00 3243.95858 6105.82335 7137.07072 1535.59808
20 40.00 161.54679 57.67740 7782.12155 2451.58879
21 42.00 8350.41840 9169.06844 9288.77170 4287.41377
22 44.00 3032.12475 401.04544 4996.44605 1528.31922
23 46.00 428.24378 1601.92240 3144.78163 7336.91577
24 48.00 6059.75028 9523.63688 2025.37249 5034.65571
25 50.00 3569.23299 9709.72963 4855.31324 5299.15788
26 52.00 8431.35219 7746.29381 9761.01331 1472.33927
27 54.00 1899.07274 8544.44564 5642.40265 295.42573
28 56.00 6087.05817 9931.70474 5420.07455 2946.04759
29 58.00 4999.85181 6309.04657 4667.12545 992.75600
30 60.00 6923.96268 3961.73553 1043.12621 5634.43448
31 62.00 6602.28354 8762.63066 6561.39544 9012.52139
32 64.00 8394.95400 4037.65011 5274.01708 9851.95836
33 66.00 1738.66961 6489.16294 680.21125 4236.18134
34 68.00 9474.33945 3872.07210 137.71626 7750.34390
35 70.00 8987.22681 8535.19356 5041.98646 9080.72893
36 72.00 632.95587 9068.78696 4863.43627 469.49717
37 74.00 7269.12162 1634.30515 1718.58255 6719.84607
38 76.00 3774.32721 5035.80473 232.37403 5459.31561
39 78.00 750.78597 4495.86821 1341.64461 6312.95989
40 80.00 1008.63037 6111.46358 7861.80075 9934.03909
41 82.00 4428.65752 2169.43749 412.87650 622.88326
42 84.00 2121.27889 5587.64664 43.84582 5460.68377
43 86.00 8502.25287 8850.31139 2584.78517 9083.28649
44 88.00 9860.78467 5509.80371 445.26070 8199.25627
45 90.00 9454.99854 8973.80948 5339.84171 1923.97529
46 92.00 4164.77225 7959.15904 5391.86145 9179.37753
47 94.00 4578.69484 7362.29551 1354.97491 598.79647
48 96.00 999.58846 702.44258 9958.24914 6877.42949
49 98.00 4223.57013 4224.97494 7271.29977 2976.44504
50 100.00 3201.76429 6399.68839 8841.42351 4765.34938
51 102.00 6837.51749 2225.70454 242.96563 4986.99939
52 104.00 5557.82311 8418.64122 2116.47328 5240.37996
53 106.00 9223.46204 6424.15134 3344.28077 9219.66634
54 108.00 2412.10702 1069.15371 4182.68232 8768.56140
55 110.00 5258.84543 4964.91581 2873.31119 8953.34073
56 112.00 3336.33764 9546.81779 4866.11214 9504.56557
57 114.00 984.30740 6317.40091 4396.08873 7144.05329
58 116.00 2837.05323 1670.88486 9704.61630 8407.31446
59 118.00 6686.55189 3876.97540 1375.25389 4804.73769
60 120.00 6022.88822 9654.77889 2520.31187 1963.93287
61 122.00 1112.11207 9760.32298 1590.49932 2260.31786
62 124.00 8072.00164 3518.56937 8640.21447 4775.92710
63 126.00 4347.00393 320.26086 3089.07843 140.34032
64 128.00 9104.29444 5208.53626 7149.82695 4009.73553
65 130.00 8968.79368 7639.73550 3320.53054 4490.20783
66 132.00 4062.82402 3861.95042 1168.44197 6144.59103
67 134.00 4857.78961 6622.04044 8424.99334 3429.44649
68 136.00 1252.15063 9029.58828 6639.88626 3006.98550
69 138.00 2630.61764 5622.16534 4219.10855 4544.17163
70 140.00 6101.32398 5725.53796 548.32131 4632.23935
71 142.00 1352.70804 7186.16824 4721.79037 2713.08184
72 144.00 4334.54772 234.70917 3144.33753 7735.16433
73 146.00 1042.13470 5167.64039 4382.93015 9241.55607
74 148.00 2333.83503 4071.54610 5375.46616 2186.31223
75 150.00 2365.96172 1349.58616 2028.88674 5363.91181
76 152.00 7506.24296 5247.37115 1378.26682 3581.51515
77 154.00 8811.72719 4232.05589 5009.93064 4212.67831
78 156.00 5629.96487 8934.39915 9829.56432 603.95570
79 158.00 3604.02334 3729.25345 2686.85167 5546.41538
80 160.00 5595.60328 3121.56262 4906.12519 9260.55395
81 162.00 7060.33351 8324.32939 5796.22404 4104.18586
82 164.00 4810.40025 6268.96608 40.67098 3987.88698
83 166.00 522.87077 771.49161 8219.22596 4125.90689
84 168.00 2853.68583 3903.61053 8279.56215 5854.71323
85 170.00 4339.39547 2847.43097 7831.88261 5665.66519
86 172.00 8571.45824 63.54861 5972.91791 4296.89559
87 174.00 3556.17962 6660.06808 8730.05974 3089.05634
88 176.00 9427.67511 9354.91984 2486.18134 546.78761
89 178.00 4745.70393 5189.27365 2687.65910 4001.38044
90 180.00 6545.24704 8691.84036 7271.78792 8621.95557
91 182.00 6508.16058 1562.70905 8222.56997 9113.33752
92 184.00 3147.91316 8213.44426 1305.33683 6652.14007
93 186.00 5499.23141 5064.46816 8929.18054 6865.18423
94 188.00 8245.30052 564.98829 7737.29257 1982.95065
95 190.00 1090.07101 9918.54663 3735.16365 7741.27848
96 192.00 3998.63650 8866.29500 458.49001 4474.34463
97 194.00 6271.98216 6787.55579 4040.16344 9076.76504
98 196.00 8645.30564 8137.64516 932.06534 6689.45617
99 198.00 2528.27488 6393.30321 3575.99654 9504.72966
