3
50.0
30.0
2228.28
1500.0
0.6
100
0 0.00 3396.69376 2363.33180 5349.78001 8082.95836
1 2.00 6038.73885 2159.47226 5474.88898 3754.37711
2 4.00 9426.04841 5085.20319 5818.84462 8992.14686
3 6.00 8037.05823 2761.10972 9614.44928 3109.91741
4 8.00 534.20444 959.74483 5139.13632 1681.21358
5 10.00 7539.92755 1625.13576 539.74339 5511.99840
6 12.00 6150.41906 5366.54578 6252.72057 8386.82659
7 14.00 2286.38464 6624.85361 1554.87061 2519.62022
8 16.00 2774.24308 4872.74691 2787.61124 2114.22516
9 18.00 1316.79095 7493.06074 5249.00628 1097.06238
10 20.00 4214.60181 9534.86316 3599.01544 6024.43469
11 22.00 1962.83085 102.07882 1265.32992 6273.02779
12 24.00 130.45766 361.15681 2078.57646 507.07670
13 26.00 9371.04618 6958.78552 2190.17519 1312.00546
14 28.00 7169.39520 4980.27022 8504.86487 1271.92115
15 30.00 8758.10520 2436.99255 7178.52333 414.28833
16 32.00 7768.46094 1306.42775 935.37051 3354.65147
17 34.00 470.34833 2534.65655 1970.41452 6821.81932
18 36.00 8248.78455 3444.34349 7930.47194 2308.09122
19 38.00 8281.76807 4569.18057 3558.58925 9030.93365
20 40.00 959.53804 5372.69072 1320.19168 710.37663
21 42.00 229.17760 1618.99127 5982.14955 4157.10574
22 44.00 8834.60394 6857.87722 7422.96354 4696.76460
23 46.00 3781.20108 6081.18460 8606.00605 1591.21354
24 48.00 7490.74183 5308.85929 1193.31635 7851.58195
25 50.00 2636.70648 8421.46858 7418.74051 8211.77961
26 52.00 668.80834 3870.99373 1622.02359 5674.89088
27 54.00 8014.58440 2030.24059 1185.15442 4868.47878
28 56.00 5010.87211 3668.92490 5571.80046 3685.74403
29 58.00 8412.38561 8414.34605 9074.11176 4605.04576
30 60.00 7531.42922 8909.24737 3831.64713 7004.26209
31 62.00 9298.61554 841.12671 5121.44989 3937.16390
32 64.00 3616.70502 3031.96695 2869.39724 7630.67065
33 66.00 2547.35718 6560.27086 4409.75271 4314.85179
34 68.00 9796.96566 6848.57810 6046.59161 1885.64514
35 70.00 2247.19730 4168.32263 85.36140 6472.23231
36 72.00 3769.28815 4536.15339 1294.75771 1689.43304
37 74.00 1346.89632 8820.64200 1174.71144 2955.17713
38 76.00 1468.58053 2164.42144 4109.35660 1374.45434
39 78.00 8287.48649 3435.22667 6545.46027 6954.26340
40 80.00 2665.55054 1513.05579 6791.77802 8501.50358
41 82.00 6362.32219 9549.59780 5338.00943 4929.92311
42 84.00 9863.28681 9503.71010 6176.99251 7399.05295
43 86.00 9303.05156 1475.18908 2401.02080 3111.34904
44 88.00 8206.60611 846.35389 6007.85133 6826.98282
45 90.00 2636.69716 2010.13197 3388.35476 2394.21941
46 92.00 1339.77903 9656.93757 9893.23901 9472.34701
47 94.00 9741.08316 1866.58993 3656.33299 576.03191
48 96.00 5316.28752 2249.12846 2607.42046 2023.06881
49 98.00 8152.36524 8089.16812 2408.85631 786.85579
50 100.00 8344.53831 8483.39488 5290.02000 4056.67789
51 102.00 3738.62050 7187.67973 3697.94934 4669.04482
52 104.00 7277.64207 9161.37604 5637.15485 2685.62991
53 106.00 3308.25171 4535.31410 5868.26516 8949.14491
54 108.00 7974.87631 2682.51164 7720.88684 9014.87782
55 110.00 6357.27833 9469.89441 3604.92609 2399.29165
56 112.00 3707.18826 4721.88137 8572.46349 3930.27465
57 114.00 9311.93305 5946.47235 5027.89754 9622.75131
58 116.00 635.82140 2086.21740 2803.57198 790.78653
59 118.00 3432.57549 3699.39089 5354.86428 9082.58729
60 120.00 5726.86526 9252.93035 9368.46499 9170.65031
61 122.00 3063.49497 875.38360 3416.90490 7604.17822
62 124.00 5959.44547 3230.96505 9399.51385 5757.16580
63 126.00 3970.74888 8442.39499 1817.23856 8534.48562
64 128.00 2395.29125 4532.00332 9808.37407 1367.08865
65 130.00 3679.42726 7174.04467 9872.99130 2656.95089
66 132.00 3848.05963 9331.25182 2859.15226 9976.96248
67 134.00 9536.56944 6506.65153 5835.21211 2478.12374
68 136.00 8972.60622 9409.58637 8165.78017 3009.97427
69 138.00 3167.34887 3089.46268 7183.94323 558.36539
70 140.00 5665.71246 2200.10718 7703.19890 2260.05473
71 142.00 9610.50554 6806.69620 180.71972 5341.57907
72 144.00 6862.58441 1219.81923 9401.46681 8219.51638
73 146.00 9197.52547 1420.88748 1202.47253 3683.60339
74 148.00 5489.82795 923.78087 9325.32002 2808.51322
75 150.00 1564.18414 3627.48107 9694.61014 2793.60151
76 152.00 8962.61164 4329.45571 9058.43560 7975.10478
77 154.00 2597.61589 8441.41533 6504.86848 6787.12610
78 156.00 486.09429 4972.20086 6428.15813 1636.00645
79 158.00 6481.04749 8158.67884 253.15074 5290.36763
80 160.00 7966.32635 8753.12081 8203.55789 2225.64399
81 162.00 4447.09573 4529.66348 5773.04717 4003.05001
82 164.00 3239.13801 1883.00276 4680.30579 1114.75120
83 166.00 9110.26739 6457.05497 466.41342 7631.92122
84 168.00 7002.65962 8152.91093 8136.71398 9324.29027
85 170.00 628.81805 9275.71572 3674.87642 6490.77159
86 172.00 6582.85297 456.30284 253.17244 1519.83064
87 174.00 8563.34863 1781.81400 1280.23565 3091.88770
88 176.00 3197.88608 6625.68069 9453.63039 1199.15094
89 178.00 264.69757 3011.23919 9676.59552 6922.99715
90 180.00 1234.17897 9184.73037 7630.63829 5290.86596
91 182.00 6275.46524 868.44597 9934.54599 9084.33117
92 184.00 1984.59485 1981.15605 6224.34373 3510.64427
93 186.00 1541.74697 7755.65448 1760.10258 7208.45841
94 188.00 6009.33050 1864.87031 7262.54349 8559.45196
95 190.00 7840.93032 3439.69398 7191.36494 9663.60209
96 192.00 3522.48891 8932.51314 6592.73883 2132.08652
97 194.00 2346.31286 1689.75958 6399.36631 7708.57824
98 196.00 4426.93943 6993.10516 1901.04111 5222.12465
99 198.00 6079.23718 14.24173 3635.90575 4736.81418
