3
50.0
30.0
1931.31
1500.0
0.6
100
0 0.00 3893.40670 4617.13127 5006.83508 4071.97496
1 2.00 5525.49822 8640.15874 8918.23895 106.71943
2 4.00 1848.28812 8203.48859 9972.63110 293.98222
3 6.00 1067.45789 7786.33016 1120.14626 1279.07014
4 8.00 5971.96665 9243.26480 2443.85836 3772.91123
5 10.00 4722.73012 7028.38603 2638.87150 2836.49182
6 12.00 9790.01743 1197.00946 7247.77638 4155.10907
7 14.00 30.74109 6210.58104 2137.01765 3679.04846
8 16.00 7920.82536 1339.26301 579.45043 3112.27855
9 18.00 709.12688 1231.73646 5259.61419 7718.67414
10 20.00 2868.36170 5392.29328 2258.44087 3970.02135
11 22.00 4773.46885 8380.65230 5865.57084 7565.21188
12 24.00 4072.79023 1706.00689 7229.54051 9416.00138
13 26.00 6065.68334 5058.52589 735.01551 4512.91936
14 28.00 3351.91267 4182.68979 922.24741 9337.77876
15 30.00 6954.17082 8572.77280 2939.48383 5196.80243
16 32.00 4072.47930 7471.45318 8295.83074 6304.77958
17 34.00 7780.18443 3374.91812 4923.75530 3954.96550
18 36.00 4353.71250 7907.31912 463.58403 6936.86330
19 38.00 1165.12647 1287.86448 7803.06763 179.68833
20 40.00 421.58521 1929.38573 9902.58262 5202.56563
21 42.00 2031.82208 3905.89739 8845.39601 883.79747
22 44.00 8712.35198 272.69523 1539.91816 4556.28753
23 46.00 3203.78214 7451.61297 999.45746 1755.08155
24 48.00 2186.04075 8974.93626 3557.95339 8173.97680
25 50.00 5090.75817 1834.03898 5720.41505 4853.86123
26 52.00 8474.31715 4244.73560 5613.70862 9024.17862
27 54.00 6211.78666 9839.19878 8313.91538 2904.00824
28 56.00 9631.29059 1158.28568 3040.06196 5545.30717
29 58.00 7938.11370 9851.46898 7802.43264 3426.09281
30 60.00 2374.25674 8628.33684 9127.24276 7366.58118
31 62.00 5286.07958 4074.57248 2119.60750 6451.35577
32 64.00 6145.08545 1241.37126 1024.74739 3705.62825
33 66.00 6911.07777 180.54177 8222.56863 5073.99472
34 68.00 9931.90501 5808.43625 648.39928 2893.49603
35 70.00 5740.87494 9349.61595 7146.52769 4531.07938
36 72.00 2552.44014 8073.24850 4028.55067 5978.50365
37 74.00 5727.87379 9425.90949 4207.37920 6244.83903
38 76.00 8080.70059 8695.79992 6567.71200 8302.82186
39 78.00 6417.49319 7594.94644 7460.19011 6759.08615
40 80.00 7610.84400 8542.02162 896.54683 5222.12418
41 82.00 1451.81049 7835.30760 5792.79582 6367.77006
42 84.00 5687.61202 1469.31852 5653.39872 2944.07502
43 86.00 7722.99502 8873.38410 5694.81534 7922.98555
44 88.00 8568.34637 9532.88482 8905.39677 1083.54868
45 90.00 8391.86376 8070.77414 2230.27910 7805.28114
46 92.00 7762.68780 4298.74595 5639.15138 9606.28032
47 94.00 547.72522 6222.17869 229.60670 5579.08546
48 96.00 1550.00816 6402.39471 4571.81497 4177.03658
49 98.00 8916.07493 6419.35955 1739.14624 2159.06853
50 100.00 5616.59656 9946.91877 2281.10355 6067.31074
51 102.00 3257.78087 6625.43324 9078.60014 6501.89588
52 104.00 8985.21900 5202.08524 6572.59180 5611.53291
53 106.00 174.99274 8187.72986 2847.01428 30.72239
54 108.00 3446.82887 4074.72178 6635.82885 9815.98050
55 110.00 9022.48507 5662.67838 4341.48210 299.39894
56 112.00 8045.85262 7840.76051 4062.30931 7631.05268
57 114.00 5445.00423 1466.12267 6609.18610 934.97394
58 116.00 5506.13950 5729.13277 3447.17424 6303.52833
59 118.00 9234.61421 2166.32106 5617.94061 8087.42139
60 120.00 982.52778 8306.14184 8822.86878 7664.91005
61 122.00 8072.32466 3136.94683 3368.52491 9238.25992
62 124.00 1201.85936 8433.07839 7772.18612 3986.70491
63 126.00 1489.52039 5876.11212 7731.44851 8497.63539
64 128.00 2719.01456 8989.93902 8546.36923 8325.29962
65 130.00 1642.45460 7523.32846 9.78179 6677.16338
66 132.00 5138.98607 6003.92441 9073.39021 3892.86288
67 134.00 9984.43492 1167.83946 9796.50548 3871.87433
68 136.00 2020.58673 812.14105 1933.32894 6118.89864
69 138.00 8235.60543 8233.24784 254.85330 9453.43517
70 140.00 3751.91439 559.86253 6482.85197 801.04435
71 142.00 6298.62022 731.62801 7377.30349 543.23535
72 144.00 4077.91047 1771.89208 6295.37236 1958.99515
73 146.00 5824.62437 4433.13618 4111.34963 1436.48118
74 148.00 7299.76381 2205.10771 2798.00223 168.17904
75 150.00 4952.68795 4426.94944 2815.00953 1623.12285
76 152.00 7143.15369 4490.25086 1397.30504 4032.19229
77 154.00 8630.16303 6713.93425 5963.12010 3445.50483
78 156.00 5554.64490 920.69520 8724.48344 7249.88167
79 158.00 8260.06029 9228.28901 9230.90056 9819.82456
80 160.00 5654.21370 9324.85168 667.94111 7777.39877
81 162.00 227.35070 9365.74478 6746.32419 2627.99077
82 164.00 9702.96973 1984.39249 4538.66439 891.86847
83 166.00 1326.65671 9313.86622 3578.78936 9306.11045
84 168.00 2026.18572 9158.19384 4013.12300 4671.92788
85 170.00 9271.66805 4642.55035 2049.17042 9961.10863
86 172.00 9076.37918 6780.32697 785.94585 1633.82813
87 174.00 3798.29549 2188.71070 4218.99559 8251.67369
88 176.00 9795.44212 3177.55939 4677.27710 5461.12788
89 178.00 9764.33108 3759.81108 1903.87198 4474.89352
90 180.00 8914.00543 5451.88794 3070.98249 5925.55024
91 182.00 7259.86644 1686.93579 5788.06522 477.85626
92 184.00 8641.22826 2940.16507 430.01257 8174.61320
93 186.00 4311.59744 2847.60624 529.00122 4517.38642
94 188.00 6820.48740 8320.00420 3983.59578 5341.81819
95 190.00 9276.83951 9050.42793 7409.16459 4996.58306
96 192.00 5133.90788 9151.70529 751.78564 8339.57860
97 194.00 6390.62465 8781.81484 8942.66232 5889.93077
98 196.00 8273.22782 1023.37961 1933.85394 5194.24490
99 198.00 9736.78391 1716.19621 5461.25072 7345.47971
