3
50.0
30.0
4455.56
1500.0
0.6
100
0 0.00 8857.36900 1384.06703 7693.06766 4520.70311
1 2.00 3390.01783 3167.92383 8806.31349 3372.43369
2 4.00 4705.08857 5304.66027 9526.93236 1334.76782
3 6.00 1923.78465 5439.15965 8238.87383 2025.29757
4 8.00 1661.87979 2693.43600 6772.33113 8738.56141
5 10.00 1453.43858 886.73222 1101.01697 5253.34736
6 12.00 6717.18667 7728.98526 7152.56527 6880.20032
7 14.00 9092.74486 3778.33609 9355.24944 9585.83375
8 16.00 2509.37279 4179.66647 8054.32761 9526.74612
9 18.00 9976.56794 6325.95319 245.85457 6845.29838
10 20.00 3445.42560 9935.76663 4695.83814 7574.24417
11 22.00 7520.99282 6950.64196 4132.08131 959.82742
12 24.00 9908.76972 1892.10139 1228.52570 6107.10130
13 26.00 1788.53100 5719.11290 2805.17795 7718.93209
14 28.00 7127.24723 1757.00955 9625.26394 2229.20218
15 30.00 5104.28702 6972.06587 8670.40328 7642.91331
16 32.00 8552.94909 1854.29799 2406.52976 5797.65515
17 34.00 8675.41430 947.93148 5018.00123 2745.74662
18 36.00 3680.56985 644.24193 5391.56285 1641.86599
19 38.00 5387.72232 5298.37108 9224.56785 2390.36494
20 40.00 2612.78881 36.00181 8905.40266 3471.56401
21 42.00 2246.57990 2030.25311 9148.55243 5050.86326
22 44.00 4310.92497 1907.84025 6677.37926 8710.78526
23 46.00 90.71576 9838.53925 5795.71961 7550.08970
24 48.00 9512.22862 3602.89502 1002.61729 8283.18363
25 50.00 5037.45538 7137.91977 6542.44454 923.78513
26 52.00 1477.59138 7391.44778 3666.86032 5245.09053
27 54.00 1726.19081 5398.94703 9072.23042 3137.28790
28 56.00 2921.72163 6251.06835 2980.56285 3866.01374
29 58.00 6852.22519 5238.51542 8732.26717 5382.65662
30 60.00 2109.00493 5766.19783 8510.38295 5443.74939
31 62.00 1770.93353 5979.84923 6510.66852 2894.79758
32 64.00 4668.30730 8751.21405 2134.68420 2093.37183
33 66.00 3966.25707 2440.86988 8519.30131 2935.13390
34 68.00 418.80363 4690.89472 7442.19783 9674.47310
35 70.00 1522.48878 7694.87754 2356.16535 2074.84727
36 72.00 8905.50177 3115.96428 491.01483 8253.71383
37 74.00 2839.81754 8862.77137 4996.09718 5709.63190
38 76.00 6316.88432 4331.07211 9987.39803 2541.27069
39 78.00 6519.97892 2225.69658 9972.25416 345.69429
40 80.00 9427.85033 610.63086 9507.49484 979.21322
41 82.00 4120.48632 7686.03439 4315.32839 9847.32566
42 84.00 9710.94326 5241.61512 3628.33134 3181.53771
43 86.00 723.70531 7501.30422 5334.21827 3312.90681
44 88.00 6153.21427 9264.32199 9513.20994 1522.63546
45 90.00 8950.64515 3519.95327 7638.07653 1040.91954
46 92.00 18.32832 3121.98740 4269.89511 363.85099
47 94.00 7311.14335 7741.37388 7474.57110 7397.73062
48 96.00 7903.81745 1826.56116 3894.66032 61.27248
49 98.00 4188.39012 175.87480 1039.03871 2618.46681
50 100.00 6601.22449 1992.51626 8293.11301 6242.59562
51 102.00 9090.14224 7190.55670 8912.07984 1340.97605
52 104.00 3122.63573 725.91386 239.05593 3888.61512
53 106.00 4916.06478 5443.47490 3194.49536 4706.38311
54 108.00 9299.03405 8483.69992 1475.01334 761.53006
55 110.00 3491.45838 8748.51839 9111.75211 2738.05582
56 112.00 8969.09827 7741.86868 5722.35481 3465.45139
57 114.00 7425.35779 8471.37726 139.85824 762.64566
58 116.00 676.71445 9250.04721 6870.16818 7559.49461
59 118.00 6165.44936 3748.62477 1689.30711 6612.23245
60 120.00 255.34429 3460.56935 9301.31515 304.31336
61 122.00 4256.47903 4445.06571 2525.81496 3398.18107
62 124.00 9300.91725 6570.58151 7762.03231 4996.15980
63 126.00 805.78933 4550.81616 7603.56406 3568.31746
64 128.00 7355.42378 659.87707 5629.06771 7996.40699
65 130.00 5524.03247 1658.34399 7537.43006 5789.89798
66 132.00 1566.14147 8206.89706 1799.02699 9582.07262
67 134.00 9004.66737 722.24940 7861.38390 1809.97603
68 136.00 5090.11064 8595.26001 6800.65225 1386.91709
69 138.00 8447.43046 8729.39463 5475.43250 1201.98205
70 140.00 8153.46697 4170.55470 4301.11238 3341.64411
71 142.00 454.86993 3276.09768 570.45873 7366.69803
72 144.00 9868.51854 1358.71025 7498.35654 6001.42964
73 146.00 2316.83812 6007.84565 2386.09784 2470.64857
74 148.00 9642.14524 7504.01543 3653.74744 7418.69098
75 150.00 1683.86515 2506.02466 3974.33213 1519.59656
76 152.00 9731.74179 5611.53816 5058.28321 2817.14494
77 154.00 472.72904 9125.92314 9488.08208 9694.64546
78 156.00 8397.87388 4818.31302 3929.84624 2568.90686
79 158.00 5961.24184 5918.71003 1543.59846 7313.42268
80 160.00 7575.15031 7373.77327 191.57702 2247.64533
81 162.00 263.00471 4108.86896 2546.60165 960.28822
82 164.00 5566.25116 6553.60663 8294.88316 5907.83094
83 166.00 468.07852 3193.23367 203.53767 9745.97305
84 168.00 7539.48866 2723.81991 6710.70587 8549.40917
85 170.00 6607.90914 3345.79912 277.31775 3149.53082
86 172.00 5570.93763 9113.05325 4666.24450 1703.95450
87 174.00 593.53878 519.85782 2531.34737 2571.55593
88 176.00 5723.87864 2315.04497 1072.21549 717.22407
89 178.00 1248.74178 9396.55246 8541.10038 98.85758
90 180.00 2004.09298 2562.00100 3944.84606 6796.01169
91 182.00 5041.24885 2770.41099 9480.72497 3961.28001
92 184.00 6742.08447 4867.63356 2081.07408 2937.71399
93 186.00 2781.36511 3783.60580 3770.37115 49.12074
94 188.00 1351.00515 3937.58054 7296.11218 7674.87163
95 190.00 8512.01332 7949.28018 2633.16528 1479.79766
96 192.00 5583.28898 5432.31212 1929.60608 5167.58007
97 194.00 2107.05932 6394.07748 3555.90178 8575.87860
98 196.00 7905.17044 6783.80735 5856.30280 2820.39240
99 198.00 3061.36133 5808.64096 7737.14880 1169.66705
