3
50.0
30.0
1485.86
1500.0
0.6
100
0 0.00 1591.17518 7775.24680 7344.60711 4011.16509
1 2.00 4085.16186 7512.80920 4181.79996 5992.48538
2 4.00 3194.03498 3631.74682 1056.38777 8847.57867
3 6.00 9602.39400 7617.53132 3177.75097 5356.27049
4 8.00 3921.73366 8590.56588 4948.33214 4639.13942
5 10.00 8261.38436 4494.55926 9239.10557 1776.26628
6 12.00 2884.07810 5326.65706 3340.54848 4640.21486
7 14.00 1722.70668 9072.80885 3833.53424 6531.04241
8 16.00 9742.47392 4102.93804 6364.16875 6188.75967
9 18.00 1385.72042 6199.20295 9989.09884 5995.68170
10 20.00 7321.47995 9454.89019 3250.20310 2499.40754
11 22.00 5693.06147 4719.13544 909.66440 3702.95912
12 24.00 7429.65375 8835.12480 6541.16045 5520.57359
13 26.00 8634.38272 8503.09014 1613.79274 3690.64322
14 28.00 8746.50197 1752.10994 9371.40887 9213.85685
15 30.00 3227.24202 2929.81916 8944.45658 2070.07271
16 32.00 4611.79588 2450.46971 6032.48987 9897.13328
17 34.00 7967.53557 9728.05287 5002.14939 1111.57297
18 36.00 6040.06796 3312.59235 9201.55815 1592.66585
19 38.00 4622.12233 9624.74026 68.83314 323.22568
20 40.00 6768.72376 8670.62714 9955.34550 8621.68971
21 42.00 703.65614 4170.89611 2600.29248 7159.76578
22 44.00 1209.81974 7765.96528 6470.89340 5341.70812
23 46.00 237.20126 4808.07564 7260.31751 2929.63071
24 48.00 3983.96737 8223.15758 7687.61516 3633.73268
25 50.00 7166.24624 5115.59700 6496.29805 4285.88538
26 52.00 1240.56847 1459.83740 2624.99100 8252.28591
27 54.00 7535.77857 1117.83733 1689.53466 4128.93054
28 56.00 3398.34624 9129.74590 7955.53099 2100.84984
29 58.00 971.25704 6420.35571 740.69556 8991.95311
30 60.00 4915.76931 2447.28444 2599.99553 2952.92070
31 62.00 4446.72065 7873.73948 6995.61672 5682.31190
32 64.00 5944.28130 7613.22738 1480.23974 2884.30430
33 66.00 2210.21540 3708.51119 3627.24235 2912.18298
34 68.00 9447.91911 1583.02445 6338.94580 4752.84842
35 70.00 4398.62353 2948.79616 7437.33166 6950.82516
36 72.00 1465.26140 2923.32879 3842.26674 6367.62330
37 74.00 280.04705 2116.62044 3029.56567 5842.34774
38 76.00 2594.21172 7211.39368 7454.57238 9961.17521
39 78.00 4058.44632 6184.59991 1704.10126 3442.13543
40 80.00 1558.76857 8526.10473 3142.96235 3743.62583
41 82.00 8654.08688 4852.45784 1691.20877 5252.36871
42 84.00 1753.87356 8971.33607 142.32596 9469.48253
43 86.00 3423.66995 3093.08285 2243.09989 2783.15549
44 88.00 7780.14360 7892.74246 6499.96662 3565.01464
45 90.00 4593.21712 9127.02506 9063.02027 8399.77136
46 92.00 8457.45935 7830.87438 5241.18333 2283.71320
47 94.00 2025.29984 6642.44086 3984.91223 988.40020
48 96.00 3295.15081 671.97727 5532.84481 5347.53873
49 98.00 7412.57888 8726.15614 9704.37220 559.74800
50 100.00 5667.02161 2479.71946 2560.72073 7394.35778
51 102.00 6896.99038 6508.07216 2450.87052 6896.37450
52 104.00 4560.66051 402.32792 6091.37708 5519.75655
53 106.00 913.59196 1900.14167 8306.92380 636.68936
54 108.00 9031.33587 5225.57700 608.65113 2275.86249
55 110.00 5856.77391 5812.70438 4642.71293 5369.33645
56 112.00 7814.12587 3188.58339 6339.05702 1964.25829
57 114.00 1164.06392 833.86209 1973.96242 5423.68834
58 116.00 2149.93943 4872.30668 5693.29269 5817.13546
59 118.00 8611.39103 1115.23902 8865.17483 7773.95864
60 120.00 1947.98765 8057.65865 6144.13282 4562.54438
61 122.00 4.95123 7545.60250 6013.54147 4926.05140
62 124.00 1765.31876 5072.92982 5142.00235 9514.35697
63 126.00 2996.37267 8672.60967 2490.22002 2752.88348
64 128.00 5612.64318 3088.04017 4400.43800 9772.28997
65 130.00 9456.97018 4875.80441 3192.07548 9743.54390
66 132.00 4705.06329 1631.30873 655.59475 4320.14917
67 134.00 3046.40979 9252.95337 4431.98333 6378.82975
68 136.00 5385.90095 1826.55671 7787.91794 7628.52648
69 138.00 2132.16449 5017.79670 3200.15861 5303.99520
70 140.00 1029.17118 3000.61419 6095.26688 5710.08426
71 142.00 1545.97650 1563.87725 7663.97382 7858.11128
72 144.00 8523.57284 6101.23229 1571.32658 9567.06982
73 146.00 9811.54408 6534.90630 7887.48632 7797.54912
74 148.00 2693.83186 9328.43546 4719.81674 8562.37537
75 150.00 3036.18121 1449.86527 3337.22165 3539.33571
76 152.00 7452.13936 4497.07875 4252.97913 3935.42206
77 154.00 4171.23638 7622.22744 4040.81107 9686.79953
78 156.00 3536.11958 8053.70757 9749.85759 7670.48599
79 158.00 194.79624 7043.38910 2086.09042 7166.72698
80 160.00 2947.96890 3734.75187 3218.45795 7909.19970
81 162.00 3256.85133 5599.72262 1994.52145 2149.79854
82 164.00 5029.43422 8564.03442 1068.34576 2431.37815
83 166.00 3254.83037 4796.82698 7212.63979 4698.71759
84 168.00 9711.33172 459.99950 6594.18236 6878.00966
85 170.00 9088.87347 4870.41349 2801.42613 6067.04843
86 172.00 3750.18962 1014.39916 6396.28666 2760.46220
87 174.00 3694.48829 9236.06092 1110.30791 1342.84734
88 176.00 7498.26208 3245.45517 7752.42908 4137.77380
89 178.00 1517.72588 1504.19575 2988.55629 1999.94307
90 180.00 880.05159 2452.26669 5727.33168 7627.87161
91 182.00 2607.19132 5310.27480 2914.19385 218.51809
92 184.00 7721.00715 680.03907 7859.00710 7114.02690
93 186.00 3139.61237 8534.33329 9051.03496 4458.40372
94 188.00 8845.85218 1841.40029 4683.26399 4608.03690
95 190.00 3330.12098 6776.68802 7040.60311 2553.57777
96 192.00 7476.50280 231.38308 1191.90437 4107.78950
97 194.00 3963.07981 4863.57531 480.31083 5283.97382
98 196.00 9129.82203 5122.61669 162.01269 4372.06916
99 198.00 320.84018 5042.11559 7982.78245 7901.37504
