3
50.0
30.0
2970.71
1500.0
0.6
100
0 0.00 8344.22748 6726.41221 3140.15366 7513.70932
1 2.00 6135.95057 9774.27828 2601.77713 4412.86821
2 4.00 2935.05174 4258.60488 1646.86727 8141.45914
3 6.00 5777.56318 7081.57795 8304.60974 216.80223
4 8.00 4067.96006 1380.89793 58.13569 4132.75723
5 10.00 1296.13869 5674.82624 3269.91039 5338.31879
6 12.00 3338.02841 1098.57113 8184.23433 542.36620
7 14.00 4217.01422 1263.73341 4473.10074 4178.90621
8 16.00 4921.90012 5972.77045 2314.15046 3195.76686
9 18.00 217.84906 4408.49659 7776.26166 2574.00630
10 20.00 8773.35714 8664.72744 729.49224 5755.28026
11 22.00 3011.61777 8686.76527 6567.43172 9010.34348
12 24.00 1860.46460 7874.22100 2927.07413 4934.27697
13 26.00 5501.03865 8570.30762 9349.18142 6992.34759
14 28.00 7299.22128 62.52373 9107.07819 9724.65742
15 30.00 7230.39557 4636.41054 8772.20624 3735.80308
16 32.00 8640.18936 2913.06717 6554.39251 4589.55467
17 34.00 2036.11793 6497.30061 5296.99781 936.07234
18 36.00 4527.83551 6806.34296 9468.34221 9850.44203
19 38.00 1440.18276 2430.15477 4447.07376 7311.36589
20 40.00 1560.60008 561.00286 5673.86029 7031.60199
21 42.00 3166.56143 7177.67737 3947.07512 4002.01043
22 44.00 7298.43858 117.50716 1971.30363 6301.40172
23 46.00 6709.02350 8487.02363 7838.23326 8080.11931
24 48.00 4263.38510 43.44293 673.63612 1383.18292
25 50.00 7937.75341 1515.48684 8217.06056 8410.11547
26 52.00 8913.41313 7200.41414 5179.92357 5033.79791
27 54.00 2684.21770 3876.98254 2531.27275 9646.89664
28 56.00 5431.37045 2045.92764 7527.38068 4228.59608
29 58.00 4513.58860 5762.57202 229.40963 7899.83567
30 60.00 1663.85613 9773.13308 5402.57347 4054.71679
31 62.00 7237.81658 6381.37453 6973.11865 3811.90591
32 64.00 8518.21321 6401.14990 2531.94575 9173.54511
33 66.00 8906.52541 8767.08082 5993.93965 240.26838
34 68.00 9853.71674 9172.26884 2799.31736 7151.92287
35 70.00 519.98571 8670.86956 1455.71338 6216.31633
36 72.00 7635.97756 935.81713 5639.25415 2151.48973
37 74.00 499.18494 6530.83876 8899.98942 9.14418
38 76.00 1082.81202 3318.02296 3915.04438 4751.93443
39 78.00 7870.83163 5305.96329 6909.23116 7084.81689
40 80.00 600.14371 8777.75059 2167.37136 5239.22665
41 82.00 5095.71080 6389.22332 7282.53124 357.22317
42 84.00 2552.80894 681.37721 2818.45525 2719.39257
43 86.00 638.74381 4056.66883 8936.24816 3399.30460
44 88.00 6871.03579 8336.37844 1909.32181 6343.05408
45 90.00 1030.27823 5150.51593 2172.41485 3102.94296
46 92.00 3197.18781 5056.85836 1970.84993 6244.65403
47 94.00 120.22250 9221.74397 5163.19625 3177.61156
48 96.00 2818.32236 1099.89855 8407.94934 4508.02971
49 98.00 2622.64036 912.10484 9271.41403 372.01763
50 100.00 8885.77256 7903.09823 6570.57957 4047.98447
51 102.00 6063.09343 6939.14850 6458.38042 2042.05934
52 104.00 7017.26735 4359.31452 1067.03090 5159.56893
53 106.00 3892.62225 9809.52619 5173.59093 4223.95133
54 108.00 851.87454 5712.86250 8266.01742 3853.80107
55 110.00 3562.47847 7358.43157 5213.16262 6639.95588
56 112.00 1598.31363 656.72885 8697.85130 7194.17157
57 114.00 8648.37520 3328.39459 9790.40776 2073.79366
58 116.00 1895.91313 3565.37071 5391.18521 5880.62453
59 118.00 4219.82015 4397.31640 1499.51171 3696.17516
60 120.00 3647.46034 2394.15437 2474.65116 6561.33597
61 122.00 7704.63726 5091.79862 2822.88664 3878.96317
62 124.00 6594.58154 942.64347 9054.21538 7003.99082
63 126.00 3351.51088 433.14353 6813.19448 5394.25856
64 128.00 2676.84645 4253.22409 5480.53007 6047.52346
65 130.00 2080.17491 8147.87253 7763.67815 64.60072
66 132.00 7886.93112 3409.72388 1575.90299 8257.31810
67 134.00 1787.69510 7539.49787 4299.97501 5601.75619
68 136.00 6473.48994 2550.46266 696.32371 3709.75322
69 138.00 7386.52361 612.30005 3199.35196 8747.87811
70 140.00 3706.16689 2998.24219 1064.95343 2385.53166
71 142.00 8037.91803 4671.15736 1904.43418 9152.66201
72 144.00 5351.70875 5643.02906 4719.01366 8860.01086
73 146.00 8423.70108 6389.08568 7655.25727 2237.60281
74 148.00 8650.29176 8446.11117 9501.31047 7933.58136
75 150.00 4691.42709 9198.53857 9501.26430 1159.53625
76 152.00 8788.19732 5012.62682 1402.08552 1282.71667
77 154.00 7324.87764 6524.73222 9215.41709 1984.19534
78 156.00 7802.32762 614.78518 4425.85378 829.44186
79 158.00 731.83358 8272.80329 7163.27987 2786.58063
80 160.00 1934.62113 6751.35682 4888.59819 8884.47975
81 162.00 9643.11973 3487.98757 6586.46840 8487.66288
82 164.00 6917.39557 4470.35260 4696.51059 7573.91271
83 166.00 8342.18658 7837.03243 9032.91057 9346.75575
84 168.00 6778.55719 5825.64217 4747.36751 3761.98213
85 170.00 7097.76682 4345.02492 7718.80734 4026.35878
86 172.00 4552.58954 2959.95631 6072.55657 7234.29417
87 174.00 3776.27667 8546.94405 1947.71366 7789.78685
88 176.00 160.77772 6149.93265 3666.45494 1614.76880
89 178.00 8241.20066 2815.48932 1384.09667 6744.64199
90 180.00 6821.50772 3645.29283 7803.31324 6241.42998
91 182.00 9571.87971 1822.98967 8377.88575 5794.55413
92 184.00 7602.39052 2438.77247 6237.66957 132.85193
93 186.00 212.51197 6932.79447 4782.40756 2432.46663
94 188.00 500.68846 1140.17660 4928.41771 6405.39755
95 190.00 1142.89396 9078.72900 3287.53002 7452.21628
96 192.00 961.82727 692.42801 7088.39184 9095.30455
97 194.00 4190.59008 307.30005 326.96703 4013.25713
98 196.00 5605.25049 7177.67806 6694.24640 8446.95490
99 198.00 9097.35064 5978.73363 8635.17043 9185.13848
