3
50.0
30.0
1000.0
4505.05
0.6
100
0 0.00 182.14547 3959.23746 7741.55078 3286.09172
1 2.00 9742.73476 3734.67513 6899.40892 4305.58819
2 4.00 5606.38706 9471.48290 9353.21287 2170.28429
3 6.00 7405.65249 4273.53704 4003.82843 5232.39755
4 8.00 4599.33253 1494.69668 8342.27418 5534.75529
5 10.00 2484.93510 2441.04635 3854.73690 2676.31919
6 12.00 6098.14151 8791.87375 5151.42830 7558.65824
7 14.00 2202.13585 2091.92849 6241.18460 9780.77854
8 16.00 2403.29382 3666.94943 7404.97192 8824.72052
9 18.00 3971.31548 5219.18630 5372.99007 3457.25910
10 20.00 1808.40437 8057.94221 8366.82465 8796.64006
11 22.00 2902.79751 8650.76266 929.92128 2539.58856
12 24.00 8096.80012 4888.35229 7198.07933 4552.97187
13 26.00 3290.43137 7275.13995 2017.05207 8694.28282
14 28.00 4495.27926 4632.12610 2754.59444 5884.63671
15 30.00 6159.58587 5759.23554 4170.11011 5340.09427
16 32.00 6031.54647 3645.93981 7918.56649 9766.62404
17 34.00 3363.92005 4792.74802 4507.19768 6095.98915
18 36.00 940.92293 9294.63499 6633.23568 7733.14995
19 38.00 2508.18059 3431.23074 2055.93950 8970.16990
20 40.00 5414.34772 8489.18317 5805.57198 9225.12964
21 42.00 5188.88793 7458.18257 2933.37940 1095.05368
22 44.00 6744.28340 9663.76050 3137.71400 6248.99526
23 46.00 2779.13801 2145.76997 4738.00695 7134.09639
24 48.00 1615.47071 1040.74425 6847.03555 6602.36089
25 50.00 5062.49789 6617.55543 8018.76568 6774.30114
26 52.00 4243.43340 9231.97199 5881.93611 3872.05544
27 54.00 5063.00587 1810.38158 4101.80138 3082.02801
28 56.00 701.44334 320.49568 5380.28664 3318.13659
29 58.00 9967.28603 9171.98932 4195.79278 9330.44612
30 60.00 1103.76432 1453.86833 3276.91799 4770.61009
31 62.00 1598.12998 8319.15215 5532.27126 1435.70645
32 64.00 7701.98804 8400.66322 1662.46368 4905.44012
33 66.00 5622.12405 6413.38183 5340.28005 3670.31507
34 68.00 6485.23459 2582.54644 9552.83438 5824.99967
35 70.00 6245.20614 4043.34590 6381.75879 2922.03442
36 72.00 7190.42709 3476.74800 9993.88587 7783.86826
37 74.00 8756.67813 1933.01063 7132.62187 617.11674
38 76.00 7948.00872 2145.04536 8992.01270 2032.01816
39 78.00 5296.12298 3684.10063 4035.59521 4940.18980
40 80.00 4930.49859 1232.57402 7513.76037 8346.09190
41 82.00 2552.69017 7099.86373 8473.94877 2709.83366
42 84.00 3054.25748 47.77939 7463.46136 2717.28590
43 86.00 7843.43857 3695.91567 451.35723 2384.41711
44 88.00 8614.51946 1230.37316 7265.84900 3123.48582
45 90.00 7755.01781 4445.32989 9918.51051 4862.67352
46 92.00 5843.12278 5240.54615 1613.28548 7329.76456
47 94.00 5033.02557 8983.75558 7491.58142 3055.04092
48 96.00 4534.52117 2061.32544 2673.77915 9948.89375
49 98.00 7111.81674 5757.23200 7408.51526 1492.01906
50 100.00 8637.94918 1149.07412 8526.96349 9197.00471
51 102.00 4804.40570 1949.06189 4110.47633 6310.69659
52 104.00 8770.40664 9917.87816 4453.55443 9396.48519
53 106.00 5087.29137 8358.11954 8363.15301 7022.46412
54 108.00 9400.20283 9675.29116 2433.87557 6668.25008
55 110.00 9097.86225 9102.58607 8395.07592 3226.14507
56 112.00 9739.18852 7448.56065 1428.75197 6475.59410
57 114.00 5900.90856 7960.94860 6932.01943 4955.65217
58 116.00 1203.72188 3238.12561 7147.15342 20.22481
59 118.00 6351.78984 4754.63892 9283.86623 7006.40023
60 120.00 2571.85005 9630.12747 1578.05363 3770.20642
61 122.00 7932.67832 467.41376 1209.17523 9003.79889
62 124.00 4090.08761 3968.45794 4942.02759 3521.22613
63 126.00 4802.96819 9996.61058 4378.18535 9906.12635
64 128.00 8813.46475 5756.53203 7066.24595 6885.31574
65 130.00 1025.85893 4299.74476 7412.89213 3257.95256
66 132.00 4104.34834 7967.57182 2956.29346 9995.80903
67 134.00 4585.19177 5694.69845 6074.89496 235.14485
68 136.00 2941.09413 5117.20825 6290.74530 4870.80745
69 138.00 7192.89619 4618.54997 1354.93405 8646.09138
70 140.00 8481.86142 4384.03152 1438.36593 3477.40757
71 142.00 2465.74685 718.62589 6403.49612 9913.15709
72 144.00 5745.53788 3185.67325 3089.80621 4210.07762
73 146.00 8857.90113 1261.10683 4185.41708 8261.61141
74 148.00 3839.50113 4673.93137 8913.30008 1575.75205
75 150.00 6533.71647 6820.53337 4358.36908 214.42506
76 152.00 6937.04701 1074.99378 7100.29191 7029.36667
77 154.00 328.14515 8131.41288 3928.71014 646.66824
78 156.00 2573.66352 7015.71626 8708.47717 4712.64632
79 158.00 935.96681 1350.66063 7929.63041 6720.14989
80 160.00 8155.37265 7122.13102 3838.77981 4354.26857
81 162.00 9701.41071 2864.87011 42.54612 2343.11728
82 164.00 6349.24882 2777.16161 6272.09902 6519.29208
83 166.00 6916.06088 4118.73601 5651.96755 2212.54649
84 168.00 2236.63581 1666.64525 9663.17456 7454.14081
85 170.00 9134.87651 4663.61825 6655.29452 3656.93029
86 172.00 8894.67232 2397.60451 9670.16164 320.22215
87 174.00 3329.31321 2243.51348 1157.44548 3781.63969
88 176.00 8064.55392 8572.57668 7572.08004 9126.18709
89 178.00 5600.91007 2966.12511 3322.48478 3722.89741
90 180.00 4087.61890 3153.02865 301.72374 111.34446
91 182.00 7350.73182 6655.94148 9817.77374 83.98781
92 184.00 9640.19723 1564.39525 9462.66229 361.17901
93 186.00 3984.77677 4927.11975 7978.43436 2892.93774
94 188.00 1267.07366 1909.51767 9283.86283 5866.79023
95 190.00 8373.71073 9673.15761 5461.62751 4340.18892
96 192.00 1733.34881 9336.66984 5613.16381 5967.01698
97 194.00 8742.56025 2465.09174 4308.85583 349.91826
98 196.00 6481.57158 3347.26190 3458.38480 3662.04478
99 198.00 4825.68598 7613.64370 5873.79000 7552.89580
