3
50.0
30.0
1000.0
4208.08
0.6
100
0 0.00 5338.84644 1408.66461 9445.50765 3870.74515
1 2.00 459.10252 1226.66892 6147.27860 5831.54209
2 4.00 1108.40624 8222.29608 7349.68248 1289.09083
3 6.00 8607.11563 9342.71519 3065.18850 4705.26937
4 8.00 7036.81215 1681.20657 1959.26192 8017.07632
5 10.00 6840.03934 5366.80246 1373.88173 5252.10700
6 12.00 3618.87580 1169.22621 9661.01591 4575.74302
7 14.00 4341.07113 5645.89409 8384.57261 8864.45410
8 16.00 486.11634 8126.52945 39.24602 6549.78938
9 18.00 9305.47989 8491.96520 8131.90215 6067.17525
10 20.00 581.28228 7866.26324 6201.50740 8560.61628
11 22.00 7412.05951 8638.74548 8366.84391 1878.72712
12 24.00 9551.07500 4541.96566 1008.59247 1286.06082
13 26.00 7758.45556 8016.51406 6369.41732 5721.31187
14 28.00 6339.11574 8990.36902 7310.09683 3826.90811
15 30.00 8262.59824 8155.09356 7231.26309 4170.72428
16 32.00 1828.72207 356.51305 3906.86075 4250.22911
17 34.00 2170.66248 7919.90572 6016.25586 9854.11120
18 36.00 3528.07105 5219.23767 2879.48856 7317.93203
19 38.00 3832.60855 3230.32634 6735.96617 913.43671
20 40.00 2765.15253 2350.17568 6432.04998 3138.78784
21 42.00 9443.99721 5953.00211 5270.52856 2838.17955
22 44.00 6725.62549 8939.68434 612.88298 8841.45471
23 46.00 5292.19585 1896.26453 9480.66125 492.70268
24 48.00 2800.19845 144.82660 9547.62844 6002.48920
25 50.00 7375.01255 2467.51897 1840.96363 541.08000
26 52.00 5842.57414 9402.60082 5650.05620 7912.17278
27 54.00 244.43493 2649.98207 39.09486 9278.72731
28 56.00 2022.11679 240.48514 6197.35703 4680.57286
29 58.00 961.92603 5572.62213 2356.09633 3285.45412
30 60.00 6894.59654 9387.02680 1292.18651 8698.47152
31 62.00 4747.15118 6430.69351 4895.18832 3545.98994
32 64.00 2572.55096 3978.36932 4375.71057 4438.13118
33 66.00 4758.15266 2252.41902 3204.90646 5574.16275
34 68.00 1067.39307 4681.52724 973.24119 9091.37401
35 70.00 4062.86615 1057.52776 8913.15272 2470.63142
36 72.00 2171.55798 7718.99868 7449.75350 1275.36868
37 74.00 2662.55969 4626.71330 510.04304 1388.35914
38 76.00 689.74132 588.69130 6416.68328 2076.94090
39 78.00 2546.83352 8540.08058 6365.87681 5693.94023
40 80.00 4366.64046 4725.49749 8546.77981 5395.94076
41 82.00 6130.34089 8853.15249 5042.46519 8916.38609
42 84.00 8123.56155 4731.54271 2152.18385 8845.65479
43 86.00 5649.71820 8313.46431 6030.21159 6036.73010
44 88.00 434.01168 4499.22226 1119.22135 6005.14182
45 90.00 1480.38223 4416.04364 5994.54360 5673.59274
46 92.00 7875.12342 3150.58235 6679.57536 875.34129
47 94.00 2878.23407 1807.59721 7897.70676 895.72247
48 96.00 9404.12497 1869.73087 1772.75330 8332.33281
49 98.00 7061.98159 8563.74924 7216.44541 3252.02566
50 100.00 888.42564 38.55278 2761.06133 2514.28844
51 102.00 3938.74036 8765.52338 3922.95981 2901.01396
52 104.00 2102.65300 1603.68083 7781.37241 8083.63898
53 106.00 4184.03079 929.04711 1473.54179 6900.18138
54 108.00 9805.79405 7075.43574 6315.40597 4633.88545
55 110.00 1502.46085 9198.48389 9576.40495 3979.73461
56 112.00 5002.25881 3191.40115 4618.15577 469.57320
57 114.00 6271.99877 9024.59188 9200.84413 9217.40715
58 116.00 3196.07658 4824.03771 563.78213 9160.01783
59 118.00 1883.55018 7506.09848 2180.47336 142.64733
60 120.00 5880.01579 8995.12388 6656.01488 2117.06397
61 122.00 9754.69598 3421.06488 7308.84283 4241.28574
62 124.00 9573.40095 9318.27228 8847.08794 2836.86291
63 126.00 3696.76125 4131.87877 4794.34201 5527.39983
64 128.00 3090.66191 4625.21133 278.09972 2892.94915
65 130.00 8034.25352 6377.22367 2202.19323 7117.37866
66 132.00 8200.45392 3537.07058 7889.52492 7607.16585
67 134.00 4131.09152 8638.63226 2850.45690 8223.13203
68 136.00 650.57951 2966.86312 4108.18552 2006.96016
69 138.00 1210.87443 3126.08656 2040.12992 9728.67437
70 140.00 7562.97552 8176.25761 5146.73526 1082.25284
71 142.00 7290.88596 9923.93989 3958.83304 6746.19238
72 144.00 3589.75408 8170.12799 3609.30695 5799.15825
73 146.00 3272.08905 4118.41057 417.75024 9286.09912
74 148.00 9215.47888 9183.77429 2286.66125 2189.27908
75 150.00 7439.55428 1534.46214 5693.68898 3951.61537
76 152.00 2720.47352 2562.87095 1396.71758 87.04734
77 154.00 1597.55857 9707.61946 1278.82029 925.81196
78 156.00 2655.65227 3531.26552 9178.09066 6338.97575
79 158.00 8391.79059 1979.60112 6411.74034 2298.52196
80 160.00 3964.98840 450.73854 700.86697 1439.21822
81 162.00 4296.43715 2140.03772 1848.85484 8462.54017
82 164.00 462.38471 774.78410 7900.75216 1552.55557
83 166.00 5903.37482 1427.43529 161.40980 7791.63221
84 168.00 3617.03639 7572.09339 3113.97209 9789.40216
85 170.00 1901.92384 1528.29030 6073.55547 3692.80666
86 172.00 869.49220 9892.48095 6670.47970 9352.86763
87 174.00 5677.65813 8977.69922 5569.91922 255.77191
88 176.00 8052.60848 6768.71066 6676.14748 8099.89082
89 178.00 1981.36543 544.35215 5457.69986 5384.97000
90 180.00 2124.17660 9987.21366 2940.57986 4988.27319
91 182.00 4579.07324 6237.02310 502.97439 9769.89943
92 184.00 5057.79864 3107.03861 3992.38590 9805.42082
93 186.00 3772.85798 3086.07680 5620.08219 4314.29602
94 188.00 6842.83866 48.73795 9677.55091 6337.82575
95 190.00 2103.61611 4084.74688 1587.69115 6822.76485
96 192.00 3559.80999 7287.76530 5293.77515 3353.90267
97 194.00 1807.67531 7871.29675 4271.73646 5708.64092
98 196.00 7927.56909 3770.03598 5655.65435 8502.76963
99 198.00 2107.15136 9131.03475 1427.53440 4479.25901
