3
50.0
30.0
1000.0
2574.75
0.6
100
0 0.00 8818.35881 4998.11453 3390.00928 2546.91051
1 2.00 4363.34192 769.74441 7044.63704 276.21249
2 4.00 8311.73567 5269.68742 1471.62578 1809.27675
3 6.00 2100.57891 4024.41202 8372.93350 4554.41667
4 8.00 2062.42049 596.36300 1760.63718 9436.92942
5 10.00 1472.25041 1032.87444 7615.76728 8359.16612
6 12.00 8301.32293 6512.48827 4900.95753 6067.47285
7 14.00 9687.12006 1066.07954 1643.81676 7794.37812
8 16.00 1576.14623 8830.40879 3719.48914 2889.50117
9 18.00 8371.49714 4041.48315 5534.58961 323.81940
10 20.00 1757.21421 1035.65356 4248.31234 5785.84842
11 22.00 2073.30343 8564.77892 1791.71191 295.87976
12 24.00 1801.82843 4132.08671 9610.81102 5686.38897
13 26.00 5495.93046 956.55359 9792.98323 2661.41073
14 28.00 6786.08264 2686.37624 8288.25258 605.50022
15 30.00 5463.67184 8683.51535 4505.76950 8835.38074
16 32.00 7594.73212 9215.91149 8062.23430 803.85070
17 34.00 9238.50903 4456.48222 7785.32379 8881.72257
18 36.00 6852.50886 9413.62299 2912.05299 1982.84508
19 38.00 1847.49651 8351.30732 1835.39810 9168.20342
20 40.00 3767.35118 2238.76758 1131.32461 8083.39912
21 42.00 1599.09685 2786.37057 4436.01261 9788.87917
22 44.00 9158.79790 53.29375 2222.92401 5628.21642
23 46.00 7414.32938 7562.32082 3250.96393 608.65575
24 48.00 8809.76404 6157.82229 6127.48167 9866.40681
25 50.00 3250.49990 6988.80819 2189.83827 6047.11273
26 52.00 1272.20560 7007.14336 9913.06482 4932.56287
27 54.00 5409.18141 870.06637 8948.07678 1178.72945
28 56.00 3876.16696 3480.61678 477.58000 9749.40209
29 58.00 5632.12244 4292.37962 1254.38644 4304.47085
30 60.00 4197.81301 3951.32852 3311.27687 1716.45473
31 62.00 8630.12635 5529.64767 3037.22399 9772.30491
32 64.00 5881.12105 2647.74990 7489.18568 5863.84128
33 66.00 233.94923 7227.85957 5056.65495 5461.31577
34 68.00 3013.52626 27.89217 7481.83686 9937.17308
35 70.00 7535.37352 8464.87529 217.00398 445.94851
36 72.00 102.29563 7148.68411 1032.82739 9598.30529
37 74.00 8444.42391 5950.21859 1659.03950 7716.47230
38 76.00 9041.18354 7766.29506 9444.96477 8821.16711
39 78.00 2381.96609 325.74432 2590.48064 5724.22318
40 80.00 345.94786 2251.70554 8987.52258 3484.95908
41 82.00 1924.28509 2062.89971 65.60541 1677.72712
42 84.00 3575.20886 407.37004 8095.87496 9058.68200
43 86.00 8053.60655 3440.52463 9734.25441 1135.22102
44 88.00 8847.36238 2262.42088 3376.44624 3285.60798
45 90.00 7179.13514 8974.62115 2260.36324 4048.20126
46 92.00 5042.93642 5543.83999 5602.62138 6951.42603
47 94.00 2081.51248 1936.41042 7757.64840 1927.48106
48 96.00 1622.01206 8498.01885 3941.14248 1632.11380
49 98.00 4267.54736 72.42462 5374.03636 3468.19621
50 100.00 7466.21070 5383.65819 6451.09476 1224.48848
51 102.00 8316.53289 7886.60141 7526.58585 904.65867
52 104.00 8797.03824 575.32209 7800.75746 7513.56845
53 106.00 3928.21799 9076.73522 6117.28531 6147.88071
54 108.00 9513.78845 1179.04396 2427.26862 4964.12973
55 110.00 1980.87916 4811.22117 3089.90006 3716.95260
56 112.00 1600.53112 9064.14442 3839.30781 5952.97558
57 114.00 8669.64223 6409.17235 5663.57212 9016.87044
58 116.00 3418.97828 9859.83676 977.88912 1324.39086
59 118.00 3955.23216 760.13526 2290.80007 4816.17580
60 120.00 2321.19133 4007.82273 9441.54117 8549.70902
61 122.00 2740.69477 3185.01921 6677.79795 5086.95942
62 124.00 9178.09542 2518.74517 1028.85618 9057.06243
63 126.00 7012.19522 8903.56232 4257.23442 4485.68872
64 128.00 7664.52545 264.49703 5710.81896 1583.39192
65 130.00 7418.26697 5330.46103 2685.79694 8745.59925
66 132.00 2704.82116 1910.51864 7051.50538 627.94599
67 134.00 6910.83239 8600.59845 3546.25732 3177.95054
68 136.00 2709.05779 7197.95345 1395.74014 5818.86691
69 138.00 1050.67464 2377.62784 8413.16216 5174.24724
70 140.00 4416.16598 9173.25397 4609.95485 1396.57559
71 142.00 4661.37764 9738.24755 3743.61736 7412.48997
72 144.00 8599.69542 1533.25423 934.24317 5452.56192
73 146.00 7081.95983 2543.72341 7978.95012 3213.36081
74 148.00 9317.70865 7912.16926 5907.00762 7359.53770
75 150.00 9691.27171 3025.11117 5427.31542 4926.38171
76 152.00 4314.22058 6340.47355 8295.14813 1982.74269
77 154.00 2089.69600 2344.78159 1701.55530 5895.67780
78 156.00 5581.90021 3542.90151 3579.68441 6175.11220
79 158.00 571.59798 3402.93307 7164.11647 6655.12169
80 160.00 9600.35007 2749.37116 8834.20412 3335.43536
81 162.00 5034.56181 7843.87971 7352.40888 5304.04808
82 164.00 8295.42329 5414.85870 9726.60525 3206.39012
83 166.00 4372.43117 7937.34710 1349.75682 7885.36110
84 168.00 179.89462 5079.15380 3978.98581 1253.29291
85 170.00 5845.01064 1682.81752 3051.43564 2167.06469
86 172.00 7801.39458 8748.95903 7371.13821 801.53099
87 174.00 5856.02234 1687.73007 1590.23979 1835.66905
88 176.00 3503.63061 7549.81988 5332.83637 3526.68753
89 178.00 7958.14415 9338.26213 4057.35002 7569.32958
90 180.00 9888.57070 4472.22130 5524.70635 1887.02945
91 182.00 7604.79042 8808.11886 6461.19081 906.39672
92 184.00 9457.63999 7929.18922 2456.83878 2735.26967
93 186.00 2874.73511 5733.97675 5940.21648 7880.61008
94 188.00 6054.84536 6551.24258 3944.18993 8314.75278
95 190.00 4433.84022 1343.78876 3985.01918 2622.76202
96 192.00 8310.44152 3426.91145 8391.43463 9628.73053
97 194.00 3613.06507 1942.05308 667.53309 8359.53871
98 196.00 6470.15907 187.63056 2315.99321 748.71175
99 198.00 7373.23834 844.02193 2196.06021 3707.35539
