3
50.0
30.0
1000.0
2030.30
0.6
100
0 0.00 5109.28168 7755.18036 6697.84231 4535.73282
1 2.00 8996.51458 5537.99765 7295.56256 3924.95566
2 4.00 5493.74080 1816.52507 4395.36519 1209.29768
3 6.00 4687.72480 633.21937 6874.82843 1983.21189
4 8.00 7872.11654 7283.03456 9257.94978 6553.96086
5 10.00 9666.20223 9566.91003 9260.87134 3258.22608
6 12.00 1725.43862 5766.48071 5668.74615 6148.09202
7 14.00 7409.94576 8815.58710 9553.41973 7328.05129
8 16.00 7994.02962 6572.47103 5851.76737 6403.57512
9 18.00 2362.72064 5506.58927 2364.54724 1665.63826
10 20.00 6533.19667 7024.70250 2445.21177 5776.05157
11 22.00 8945.21650 2031.86507 5559.44137 3080.61415
12 24.00 4178.75395 4891.03226 6446.06489 7371.14934
13 26.00 8825.06344 2188.66022 8082.41832 2898.42794
14 28.00 9418.98346 5710.43717 2610.37930 2538.96248
15 30.00 8107.63463 7749.30958 6112.12840 7250.29775
16 32.00 1804.60467 4468.26723 8248.69043 8606.14237
17 34.00 4387.95999 1867.94725 1743.30566 698.82476
18 36.00 554.37523 2464.89351 9010.72596 4685.11013
19 38.00 5270.00069 4977.00913 1125.13089 4903.27498
20 40.00 8953.82723 3268.76768 5795.78556 5583.12252
21 42.00 9149.80766 2430.27196 1492.39578 8123.20766
22 44.00 7527.48981 985.56408 7932.33628 3971.31687
23 46.00 7905.85747 8629.78161 5479.79475 1732.66329
24 48.00 8833.71480 2653.11567 5542.10018 6065.79965
25 50.00 9397.26887 8848.25419 5186.23997 5059.15395
26 52.00 5689.21309 3493.12921 2105.85733 7399.81120
27 54.00 7049.52895 3721.92887 5143.34555 1846.56205
28 56.00 6374.27133 3943.45767 608.81010 8378.54452
29 58.00 7506.06841 9975.45681 7685.68687 2019.95194
30 60.00 2781.30188 3021.03529 9225.44661 6454.06843
31 62.00 8146.72728 8551.85626 5738.52318 1094.80839
32 64.00 664.08436 8351.84081 1630.04748 2100.51416
33 66.00 7279.57782 8985.39736 8675.92484 228.40580
34 68.00 1492.15375 5771.88441 7792.20513 7297.66845
35 70.00 5868.79512 3482.47548 240.29949 3027.90658
36 72.00 4779.68740 6537.54703 7349.22122 1928.51276
37 74.00 6120.80178 1963.32618 49.12478 4155.84408
38 76.00 4700.96611 2104.17104 5934.84964 929.29226
39 78.00 9674.14603 1451.84050 484.16463 1509.31721
40 80.00 1517.87386 2072.45619 1180.79214 6867.85951
41 82.00 7004.01999 4603.44757 4665.52814 6601.82812
42 84.00 535.03462 6058.37314 7460.21075 892.36588
43 86.00 1127.09585 4026.96290 1295.02482 1807.06978
44 88.00 1209.56791 7216.70687 4464.91004 7229.99359
45 90.00 6617.17674 9255.30654 7599.51990 9324.02411
46 92.00 1979.51331 6229.74014 7296.80935 370.23025
47 94.00 5718.83844 4314.48552 3373.13184 5361.48459
48 96.00 6603.37218 4553.43251 8768.72515 8112.59220
49 98.00 7766.48756 1036.29568 7643.60076 2820.44986
50 100.00 1004.58675 2844.50434 7898.36999 6830.41717
51 102.00 6253.48393 1406.11216 3371.55624 87.42158
52 104.00 6649.23484 9819.83841 1501.28078 2867.12962
53 106.00 1288.07411 8399.91382 5914.01213 7006.25694
54 108.00 3667.27196 9676.76337 7215.74205 8396.46062
55 110.00 660.17574 7421.12053 6551.56389 8053.62157
56 112.00 2146.18167 6669.50558 5962.02749 1282.03331
57 114.00 6945.60584 4965.58061 170.88538 971.68060
58 116.00 9688.85507 1186.50333 2754.61936 4238.62122
59 118.00 3590.16072 3266.38941 3666.90609 3069.45158
60 120.00 9240.20045 2120.12610 270.42152 9415.12660
61 122.00 8881.02299 7785.21062 256.45548 9901.00000
62 124.00 9301.85229 4224.59790 3618.22580 1619.53863
63 126.00 2308.06794 4948.57090 603.08964 5990.66806
64 128.00 615.18561 7188.40984 9639.94019 4312.21891
65 130.00 8619.64290 223.80392 2282.01249 1264.82776
66 132.00 2813.98785 6500.94270 9011.20000 3423.90324
67 134.00 2610.61854 8640.55173 8277.67639 6844.48694
68 136.00 6420.40983 2218.36907 7103.31722 2854.55793
69 138.00 2496.97440 1246.94683 6161.37202 9079.80508
70 140.00 4055.40004 4963.87031 9142.06555 6398.38684
71 142.00 3685.66099 8930.42533 3082.59328 648.82386
72 144.00 4428.12268 6770.68470 9980.39539 3719.69799
73 146.00 4251.70108 1724.82505 2460.97537 4795.71498
74 148.00 1064.25026 8367.70205 2510.99553 4341.84872
75 150.00 1105.60231 5549.41401 7691.56874 7972.59053
76 152.00 5141.83023 387.30392 266.45413 9114.67885
77 154.00 7925.29921 5538.43351 1003.77190 3986.38340
78 156.00 7634.44244 899.80688 1618.74357 5162.79914
79 158.00 5443.72633 5168.51925 8123.36167 6701.94472
80 160.00 4477.61209 1481.32142 304.82053 7197.92613
81 162.00 9742.01168 7043.03772 4634.55335 1954.85752
82 164.00 424.50625 4529.63129 2465.03003 4619.46165
83 166.00 2291.89003 797.07578 477.98386 8702.29172
84 168.00 3611.21133 5306.94134 2755.47791 3002.36569
85 170.00 8010.26645 1749.80626 7040.64743 247.90146
86 172.00 5651.31213 1817.25862 5316.91692 5281.22326
87 174.00 3553.33518 4259.08392 4294.84916 2537.60654
88 176.00 296.84046 1204.96374 54.66680 1989.64797
89 178.00 6710.50771 8721.68100 2003.65615 4025.79853
90 180.00 8225.85447 9194.56213 4394.76236 2542.21133
91 182.00 4374.74876 3936.24071 8231.93074 789.33413
92 184.00 5851.47188 5246.15915 8306.93037 6994.77254
93 186.00 4750.03392 320.84629 9798.22816 4029.84339
94 188.00 4255.63545 3106.01286 3303.31747 5893.14193
95 190.00 7550.96049 7951.03394 505.77554 5885.14287
96 192.00 6665.36528 1243.23420 2523.16624 196.47857
97 194.00 6551.03194 5855.64600 5438.77987 9414.76602
98 196.00 679.44704 7149.02763 7572.87232 8579.20317
99 198.00 6310.74575 2695.56258 30.26890 2492.90523
