3
50.0
30.0
1000.0
1089.90
0.6
100
0 0.00 2593.51916 9022.73289 4087.92402 6268.37380
1 2.00 6244.21456 8683.61992 1661.26133 2931.25585
2 4.00 3777.28538 2767.62203 3421.51918 5856.46400
3 6.00 4778.97119 6728.04592 1008.09142 610.56467
4 8.00 7517.98696 72.26658 5824.45449 9876.18834
5 10.00 968.41851 5223.34544 72.61957 6029.84872
6 12.00 9868.96842 7613.63970 9321.28381 4732.31783
7 14.00 3370.29968 4294.53621 3707.85122 8901.52196
8 16.00 9994.45135 8168.47192 9409.91047 6650.78285
9 18.00 3784.35698 572.41544 3560.29234 3302.55254
10 20.00 1001.77363 4569.19259 6983.08270 7252.20187
11 22.00 8879.70551 1388.63027 6019.09176 8690.05282
12 24.00 2794.67530 6992.64621 8150.51759 3684.29895
13 26.00 6183.51696 6588.76105 4751.99428 4131.26593
14 28.00 1879.34935 9861.81405 9575.47143 8126.19048
15 30.00 166.30304 3602.05612 457.54283 8075.57812
16 32.00 3255.25199 4443.06159 6067.63016 4001.65191
17 34.00 6125.92345 813.69231 4279.16280 9314.83469
18 36.00 9308.44504 9868.71463 8571.00000 9052.02762
19 38.00 7342.77743 2938.62973 1950.76955 1431.61445
20 40.00 5200.54429 5718.92625 8568.02610 5046.36616
21 42.00 1278.61354 7968.20760 3013.48305 6730.62161
22 44.00 5487.46660 8747.85777 1680.52851 4462.86700
23 46.00 1156.78642 6626.42110 2409.01614 2116.40821
24 48.00 7532.52521 6597.45102 894.31816 4348.93407
25 50.00 7157.65156 1602.35278 9289.67359 9026.48519
26 52.00 7663.08824 2203.76035 2576.28543 4763.02318
27 54.00 8975.10884 1230.98110 1357.56432 5345.43303
28 56.00 7254.14406 904.41754 6917.84548 8719.40607
29 58.00 9317.79955 7663.37387 6006.79420 6439.86541
30 60.00 3770.10322 7174.42734 7360.02488 3816.50505
31 62.00 6421.02203 5618.99945 8561.41012 8084.47482
32 64.00 2235.50836 1156.89965 876.80341 891.39427
33 66.00 7405.81219 9372.10651 7446.17752 1161.06224
34 68.00 3677.37026 8533.30309 9540.68619 5769.16842
35 70.00 16.78491 618.84937 5356.03040 8471.18597
36 72.00 9798.49498 3196.42989 3650.23842 6793.02170
37 74.00 7965.65303 5197.51382 6016.17639 2221.41557
38 76.00 3953.12384 5382.92943 4606.02770 1447.00787
39 78.00 9428.89909 8372.16655 4998.32665 4557.84531
40 80.00 6014.65414 1458.70699 6653.50704 8012.91755
41 82.00 7029.66810 5988.80308 3088.91427 9903.35112
42 84.00 1234.64013 9968.48604 7065.22268 4782.82747
43 86.00 8286.87304 4950.25525 7041.40477 3767.08627
44 88.00 9811.42795 3331.44547 8278.84694 2106.13086
45 90.00 7326.58103 8104.18652 7004.07414 525.66304
46 92.00 8654.31896 1790.20232 4875.04652 3918.07864
47 94.00 9843.89542 6592.50311 8485.18246 9910.63215
48 96.00 5479.42910 3374.10148 6778.98686 9903.14300
49 98.00 7577.14185 3910.63095 5278.44434 2830.39870
50 100.00 6963.76316 1950.92177 8562.52220 3937.72454
51 102.00 1309.00683 7522.66480 5803.83680 8050.71786
52 104.00 8498.09721 7095.87532 4575.32500 1636.94468
53 106.00 1375.60959 6959.55526 2910.81569 1448.22882
54 108.00 2181.36473 7483.82518 7353.18897 91.32515
55 110.00 7259.57512 5756.82097 6783.17806 9884.84188
56 112.00 1476.05459 9503.98154 4271.11064 8416.60091
57 114.00 9259.85337 960.47732 9741.58760 1796.32879
58 116.00 524.72115 9802.76760 6500.97805 5933.92390
59 118.00 9697.26973 6269.72547 4039.93996 339.92828
60 120.00 2408.55421 4886.25894 6879.84106 9545.55364
61 122.00 6527.96967 3753.71641 6917.94850 7953.25210
62 124.00 6585.18851 7777.30811 8648.95789 6503.10936
63 126.00 2752.16040 6531.95474 3673.23056 1200.00386
64 128.00 826.36991 4892.18441 6687.92210 5097.48498
65 130.00 230.26761 5729.81909 5726.30565 2737.24807
66 132.00 7453.59295 7943.43714 1810.96594 4841.91477
67 134.00 6445.96649 4336.56479 5714.23099 994.41255
68 136.00 634.98301 9088.80523 7952.24827 1848.89849
69 138.00 8128.67937 197.46388 5560.60164 5364.16790
70 140.00 8121.96259 4885.63262 5189.01116 5847.21539
71 142.00 7137.49124 7900.67692 1240.89329 7529.88191
72 144.00 9656.81044 8976.02298 1806.64173 5991.02607
73 146.00 1799.37556 5547.21769 8005.12972 1230.45303
74 148.00 1288.15991 2062.29900 1612.10262 5624.96210
75 150.00 8514.50106 350.05280 9799.28435 5061.48311
76 152.00 3635.59641 5444.27150 4230.51327 9452.28485
77 154.00 0.85564 3005.99978 9462.14616 5194.43072
78 156.00 7828.01824 6591.57578 4449.20288 5770.71469
79 158.00 6951.01494 5226.66260 9860.19522 3521.17126
80 160.00 5382.09487 2098.39506 990.09131 8197.63296
81 162.00 2371.00356 1880.73651 2997.09230 8326.27805
82 164.00 9574.22928 6021.44387 2160.39967 3590.65162
83 166.00 1284.92115 6223.12743 743.59659 2549.67371
84 168.00 3817.82313 9036.59934 4000.59376 832.54076
85 170.00 2541.79393 4253.43364 6945.15371 5359.04320
86 172.00 705.58046 7326.74899 9953.59269 6968.02934
87 174.00 1926.27420 3721.42260 6573.18053 8205.08208
88 176.00 6049.44692 4196.86473 1534.91410 9924.48991
89 178.00 4336.27131 259.09863 6036.07247 775.24597
90 180.00 1246.21224 1099.90132 5483.68785 659.59359
91 182.00 6401.77489 3628.19485 3335.17349 2732.53002
92 184.00 8688.55371 2257.65469 98.63333 3771.55982
93 186.00 9687.73486 3786.32351 1050.02729 9256.35860
94 188.00 1757.31372 7283.27415 3065.49553 8213.43249
95 190.00 4896.18600 5289.60119 7004.55536 8653.98349
96 192.00 5515.42232 6074.66944 8965.70243 1707.47417
97 194.00 9465.10306 3895.63331 3451.72888 7412.97138
98 196.00 9680.00284 5316.82138 5946.16978 8496.30016
99 198.00 4768.61869 1275.72203 94.97469 5135.65419
