3
50.0
30.0
1000.0
1238.38
0.6
100
0 0.00 5948.91810 5427.62879 3815.63323 8450.91609
1 2.00 6885.50656 4374.93672 2832.48363 6203.76490
2 4.00 9251.35597 8569.97267 9953.63221 8059.39763
3 6.00 1038.12040 6496.24586 6162.60372 4112.79664
4 8.00 4964.04929 7517.26759 9272.28909 997.02072
5 10.00 4441.03356 5812.33582 326.35537 2899.04459
6 12.00 4206.40858 2228.79371 4546.29880 3810.79831
7 14.00 1955.60238 4695.74242 1244.40561 9676.16102
8 16.00 9140.29319 4129.34742 8204.17975 7038.34957
9 18.00 7411.53057 76.05135 3746.43801 2239.36599
10 20.00 2836.04423 8796.07161 2644.99071 8384.84175
11 22.00 7951.38209 4147.16524 2415.54439 9001.87253
12 24.00 4145.56660 155.30065 1533.75348 3744.05741
13 26.00 8167.07011 8200.34390 5999.45674 3350.89938
14 28.00 9591.60593 9928.29125 2418.31113 9734.90323
15 30.00 1926.60403 6444.34358 8285.49900 8013.31646
16 32.00 5778.53616 1288.70464 6362.73491 9773.55635
17 34.00 1737.17271 9041.71372 5172.77078 4374.01587
18 36.00 995.77924 8011.71974 5042.57047 6314.41068
19 38.00 7842.81294 8430.30727 6273.18382 2602.30123
20 40.00 5529.05509 9487.00304 2037.62577 932.65407
21 42.00 4374.21039 6288.94126 5932.88192 278.18334
22 44.00 7075.75914 9205.94394 787.72504 3824.04849
23 46.00 7423.39624 1305.48015 4537.06262 6315.01792
24 48.00 3581.21352 2397.21884 8979.09241 2969.22506
25 50.00 5354.17220 2452.54418 7800.28953 7860.48199
26 52.00 7703.91585 6592.57695 2749.64825 9349.75893
27 54.00 6274.38009 6383.86570 5793.54576 1034.19230
28 56.00 4591.27724 5958.94442 1070.76653 2824.63038
29 58.00 8946.04789 927.77141 4942.45051 3613.97318
30 60.00 8383.15883 3908.00209 4910.36957 219.56968
31 62.00 735.75970 9592.17173 763.12685 6873.36411
32 64.00 3752.54369 3135.84936 9083.02400 8085.49055
33 66.00 1798.06436 101.40292 1786.77072 5672.93850
34 68.00 6066.54859 314.50474 9759.15874 9937.39578
35 70.00 4839.10993 6140.04996 5464.82772 1583.88268
36 72.00 7416.96829 9265.83179 1928.45260 295.55243
37 74.00 230.38175 5117.44721 1523.46017 8668.74258
38 76.00 1147.88457 2169.57785 3275.39728 2197.61111
39 78.00 7277.43899 9398.48104 2675.90532 4815.74872
40 80.00 9532.29361 3485.53380 5514.97114 2943.20877
41 82.00 7451.94456 4958.01705 5126.56547 3999.42152
42 84.00 1930.54238 1729.59515 6870.57457 8873.14891
43 86.00 2810.82764 3928.25925 5836.48255 7664.48867
44 88.00 3115.85130 7940.99526 9537.62075 4878.31790
45 90.00 8828.57333 4237.37322 7470.79270 8158.92200
46 92.00 6229.10962 6072.95650 4293.12976 5671.42035
47 94.00 3739.60487 6326.98468 642.66253 1672.49053
48 96.00 337.60011 5113.56810 5868.69243 2934.73546
49 98.00 8266.86419 6450.97971 9651.45249 3522.53336
50 100.00 299.39950 1799.04236 3226.81162 7908.96372
51 102.00 3577.44517 726.40331 6569.54612 3719.64284
52 104.00 7795.14554 1223.03605 3185.89141 109.01024
53 106.00 3288.69389 4653.76627 7952.39421 8987.43974
54 108.00 5616.40583 3855.90883 6018.01911 5272.62361
55 110.00 1029.20194 2780.48469 6079.04374 8833.60124
56 112.00 8599.12639 748.24196 8926.64020 4217.50141
57 114.00 7562.01203 3177.83295 3201.21409 1971.23252
58 116.00 8027.25192 4986.50968 9902.59716 4212.37246
59 118.00 1240.92679 1711.39729 3268.74760 3828.57518
60 120.00 5764.13818 2850.36914 6436.66609 8561.03067
61 122.00 9879.54766 9116.43143 2843.65819 8416.42864
62 124.00 4028.10790 8958.29525 9180.34483 391.20245
63 126.00 6447.75666 694.54115 951.19818 8025.13282
64 128.00 7232.53670 2746.73546 7536.92279 4003.44343
65 130.00 5564.50201 3131.74661 6123.20647 3933.27492
66 132.00 6964.56939 4545.81741 8486.72313 9671.52528
67 134.00 1214.12947 3739.06083 6179.77002 292.88182
68 136.00 478.34239 103.96027 1051.35694 3228.59040
69 138.00 6875.98912 4356.82462 1701.91453 1911.59693
70 140.00 9022.76485 3688.79533 9028.80583 9895.65030
71 142.00 9341.10356 8680.14872 2596.87691 7849.44035
72 144.00 1108.03597 9471.44861 750.42175 3293.28974
73 146.00 6127.50633 8124.85526 2699.12054 1703.38630
74 148.00 1377.63326 4606.93763 1262.88707 8618.94899
75 150.00 7530.34827 8877.98413 9658.36263 4132.93918
76 152.00 4467.79740 1223.73309 5275.88928 5778.84722
77 154.00 6612.68976 9763.49453 3219.11363 7308.64581
78 156.00 2258.30518 2638.12034 2962.34188 827.94274
79 158.00 5585.15235 8728.72332 6594.80778 7352.68279
80 160.00 2058.91234 780.16729 9717.65209 602.66928
81 162.00 131.28107 2161.35468 8185.11444 1879.17430
82 164.00 1045.34718 2086.61458 5905.23100 5276.44638
83 166.00 8584.58834 7604.87958 3118.25430 4540.21965
84 168.00 1539.98925 5045.11409 9141.25265 2187.84831
85 170.00 3636.43783 9750.64683 8678.58787 5134.64043
86 172.00 7800.21060 1879.53473 2778.38434 1641.96325
87 174.00 3071.46780 8698.31380 6483.82963 1472.89734
88 176.00 8761.96236 7450.25993 2405.62461 8940.98054
89 178.00 1870.29766 285.86250 6618.85504 4526.40916
90 180.00 2655.78725 9269.27720 840.66766 4314.73637
91 182.00 1506.20046 5021.90392 5079.26824 531.57072
92 184.00 2725.88867 978.12698 6486.21748 7320.01610
93 186.00 4225.88372 2940.05895 4026.92103 5940.49165
94 188.00 5295.62753 4936.16227 4335.65342 6811.60525
95 190.00 6463.44857 9589.71717 2195.79765 531.37771
96 192.00 356.87958 2661.78245 658.47386 1010.31991
97 194.00 2264.65016 6202.20741 7158.23318 3919.08090
98 196.00 1013.04272 7339.24373 8795.27671 2682.66950
99 198.00 2057.05376 7857.27651 3476.33113 2879.92550
