3
50.0
30.0
1000.0
4653.54
0.6
100
0 0.00 2980.38904 9769.83605 2318.45866 4358.37115
1 2.00 2049.85832 4412.20340 5287.19571 3500.74750
2 4.00 4504.00589 2994.38845 7475.07971 6830.20135
3 6.00 3463.55236 6545.79408 3622.06969 1164.68484
4 8.00 1132.31486 6317.48070 5352.20029 9591.89745
5 10.00 2639.46049 7926.45922 6009.26861 3903.03083
6 12.00 9188.18984 2431.58332 5644.86998 1810.90395
7 14.00 4788.92008 4774.71646 4833.72564 2370.03196
8 16.00 6402.10019 793.58877 2222.60099 2741.64971
9 18.00 4551.02149 3691.90621 9024.64724 727.07875
10 20.00 8571.99534 6208.43053 9277.72958 7559.53860
11 22.00 8326.06394 4690.74937 3733.12820 5926.27398
12 24.00 6688.13657 8483.43760 2209.41716 7304.71396
13 26.00 8139.75726 404.90446 7789.71881 9181.44726
14 28.00 3236.87349 122.95278 2866.52575 7394.38766
15 30.00 4381.50154 3797.84043 5505.29162 2843.82470
16 32.00 3225.19710 5672.75070 5716.52593 2772.49070
17 34.00 9255.58323 2904.49868 1256.85043 6577.07935
18 36.00 8697.29396 1031.48796 1347.31086 6100.67712
19 38.00 2469.62860 8833.45819 553.24627 9790.05305
20 40.00 4064.19876 2367.45471 3718.59289 7914.34148
21 42.00 8767.82378 3684.27423 9448.89147 3137.68491
22 44.00 9068.46015 5853.18690 5417.02233 5703.21704
23 46.00 9975.32247 1564.30524 1859.04493 7039.25953
24 48.00 5944.11212 9162.26894 5253.47274 5601.40248
25 50.00 7639.07132 3252.16522 4706.89435 6516.40645
26 52.00 5520.30542 7782.67508 7867.69043 9842.31749
27 54.00 4650.69487 9394.49232 2475.50950 5879.89680
28 56.00 4688.62820 2194.92425 6412.26208 5154.71456
29 58.00 2472.59124 4373.44736 3848.20673 272.25290
30 60.00 4995.18392 5693.82772 4985.90309 8104.13579
31 62.00 9299.32947 9760.82139 7909.63224 7540.80326
32 64.00 6861.17959 2923.36391 9959.53421 6617.59667
33 66.00 4436.90395 1404.96229 3997.29849 9451.54530
34 68.00 8947.15488 7293.33736 9707.78627 7404.16721
35 70.00 6862.68666 172.17732 4414.43232 2313.22823
36 72.00 1819.66317 9495.72296 4047.61451 1477.16369
37 74.00 5167.93699 3456.31721 3858.11085 156.99672
38 76.00 6211.52031 6707.11168 7378.36080 4253.55043
39 78.00 1210.66995 4588.12814 3194.87759 5840.53684
40 80.00 8401.66254 9572.41302 9456.04204 4423.01148
41 82.00 2779.60783 6375.09296 5536.15779 7166.77799
42 84.00 5903.10341 8463.27438 5530.67852 6705.96116
43 86.00 9822.19126 6712.56360 3041.58315 4948.44163
44 88.00 7118.40021 7648.14229 6906.82587 8064.13896
45 90.00 3645.66305 7416.54257 3387.31659 6266.55903
46 92.00 1419.35180 5215.73724 8704.27762 9455.56472
47 94.00 332.36822 4534.38764 6982.14628 240.35427
48 96.00 820.71236 1898.81920 454.41899 6060.09859
49 98.00 4484.34302 648.25861 1284.91726 1067.57226
50 100.00 3881.26631 2423.32008 4499.02339 280.93598
51 102.00 9312.34145 4835.05136 9443.40114 9368.69773
52 104.00 2243.94563 5691.62360 8142.22042 7709.07083
53 106.00 1116.39092 9785.23813 7250.45365 1706.49084
54 108.00 844.71131 4731.33826 4794.42978 25.22363
55 110.00 8863.65067 6884.89863 5663.58522 8288.77039
56 112.00 5291.82124 5306.94889 333.39123 5592.67292
57 114.00 6834.68229 5018.59838 9777.77540 4250.51792
58 116.00 9334.08579 5158.90508 1236.22428 4430.45439
59 118.00 1989.51382 3946.65788 3359.72143 4137.63441
60 120.00 9343.07399 4748.03340 3713.93442 9340.34194
61 122.00 5641.21838 4489.02382 2435.13709 9140.13615
62 124.00 7907.53509 2906.10664 8108.83865 3184.51419
63 126.00 7450.50071 6388.04038 8883.36930 4813.90833
64 128.00 6589.39787 3537.91594 119.38306 390.99218
65 130.00 3282.09525 8250.80408 7487.60838 6509.86408
66 132.00 7373.88406 5481.22555 257.90957 5405.79542
67 134.00 3201.56781 3253.33405 4475.54075 2112.30221
68 136.00 4844.30838 2919.61072 3597.88908 4726.30871
69 138.00 1489.78830 5263.94896 1529.16001 9411.99602
70 140.00 164.16161 2862.58341 3698.48565 7892.09518
71 142.00 7351.42372 9363.19446 3029.75115 2446.95173
72 144.00 4060.67262 137.77290 6711.17009 4281.22236
73 146.00 6805.31553 1145.80550 3432.76386 3667.24049
74 148.00 3824.06704 4367.25848 2309.57856 2845.32741
75 150.00 7046.28052 4404.50643 6544.04822 450.38797
76 152.00 414.31255 8292.59815 3357.15156 3008.69048
77 154.00 9489.63088 5537.30827 1377.78991 6261.93266
78 156.00 231.03762 8741.40381 5706.79297 6817.71033
79 158.00 9268.52820 3844.26984 6069.82058 3077.50535
80 160.00 2419.96127 4370.94768 3482.84198 6960.11863
81 162.00 8956.33896 8243.93038 9454.33639 9203.14324
82 164.00 2252.64287 6554.15471 2111.65745 2175.34478
83 166.00 2928.81284 1401.04680 1647.42904 3628.19965
84 168.00 7712.15443 9163.04437 972.78710 383.81484
85 170.00 7295.49618 2357.12479 646.21462 7631.77289
86 172.00 2967.86941 6428.22353 1839.77770 2721.46945
87 174.00 6360.51512 7834.27928 6306.72103 7101.93548
88 176.00 4013.77609 2477.84709 6074.68561 7704.14174
89 178.00 7296.31193 2598.49894 2117.18854 9071.81635
90 180.00 7100.55102 181.78219 7014.75799 8729.83500
91 182.00 7242.72918 8677.79976 5437.32843 7366.42923
92 184.00 4958.15207 1657.16781 3161.77615 3015.91121
93 186.00 6874.24753 3764.79671 7387.40403 509.29677
94 188.00 5795.49592 9452.20973 2107.56757 4978.16397
95 190.00 139.11627 5899.86179 9686.05512 8875.39904
96 192.00 9696.33165 9592.47027 9110.30498 1026.47284
97 194.00 8933.17782 2298.22754 6267.06738 2940.57491
98 196.00 6027.38188 6793.63699 5495.15896 3648.34398
99 198.00 1011.47900 2523.82348 2611.09046 4088.53824
