3
50.0
30.0
1000.0
2475.76
0.6
100
0 0.00 9584.36180 5833.92389 99.76397 4648.46339
1 2.00 6049.15197 300.25065 957.79691 2433.95009
2 4.00 3335.38353 7979.41331 9656.96849 259.96862
3 6.00 4613.94870 6153.35937 894.75238 7526.35239
4 8.00 346.07289 4514.71002 1602.47707 1091.57079
5 10.00 5405.35866 3806.74746 412.56448 5093.16090
6 12.00 8845.99500 6550.85976 4956.14261 1856.37870
7 14.00 249.51725 8236.27422 3162.13354 9220.49327
8 16.00 7734.73980 7434.81512 7923.47179 9987.93613
9 18.00 1109.59340 1671.83873 8077.43080 9644.13040
10 20.00 4739.60994 62.88666 2568.35321 2448.78407
11 22.00 537.93579 9783.70772 8250.52561 7595.76271
12 24.00 2931.35761 7865.18476 9023.91472 1836.67126
13 26.00 1442.24689 6479.45794 153.96753 3423.21218
14 28.00 2146.73831 5877.13154 7553.28812 1419.16074
15 30.00 7325.68383 9365.19218 7304.25365 5833.41042
16 32.00 3050.90910 8232.92840 7978.36303 4744.60348
17 34.00 1802.94524 6170.24072 2082.44128 1826.31555
18 36.00 6415.52796 3531.22244 943.73377 9229.49255
19 38.00 4703.24758 789.02808 4656.18689 8183.41183
20 40.00 7202.00096 241.06443 9706.74587 1339.36526
21 42.00 9480.18598 8271.61243 3590.90295 5400.49898
22 44.00 1119.46757 370.55382 1057.68696 5749.72463
23 46.00 1104.40108 9550.82625 5370.24070 9221.87350
24 48.00 909.18796 8054.23196 5404.92601 4046.03414
25 50.00 7574.48060 2855.35773 6066.50306 5358.60627
26 52.00 4136.23879 4789.69496 4279.59880 8788.08177
27 54.00 9806.64749 6744.64512 1269.01710 4636.08968
28 56.00 9991.27269 9078.54602 5001.99888 2692.34280
29 58.00 4561.86513 236.35607 7492.01434 4383.21999
30 60.00 6573.49196 9764.21625 9767.20687 1095.35460
31 62.00 325.29000 2915.75921 8463.70776 1306.29495
32 64.00 4371.83218 436.12093 4036.63923 7369.77054
33 66.00 7640.91294 9332.89966 7685.34935 9423.87655
34 68.00 2016.00011 6079.29453 7303.62256 1278.57550
35 70.00 1973.80496 3260.35358 2304.61227 5403.32439
36 72.00 5098.61510 2704.19020 9445.48912 390.72696
37 74.00 1577.20336 2240.01442 9654.64201 4102.18427
38 76.00 2743.21053 1874.91656 7144.15899 97.28344
39 78.00 659.18066 1664.99706 7434.80315 4916.67976
40 80.00 9388.00422 1483.84399 145.44818 9026.62377
41 82.00 14.90093 2081.37324 2178.04007 609.59503
42 84.00 181.73706 5189.97150 2486.66821 2916.90810
43 86.00 7143.17262 4033.06123 2392.72696 1112.29894
44 88.00 48.29250 5161.57974 5717.37288 7781.44923
45 90.00 9992.72325 1213.18081 1191.10952 7983.21217
46 92.00 231.42655 9549.44975 8503.94726 3844.83096
47 94.00 7529.68570 6277.75596 8203.99979 1388.63718
48 96.00 4944.72118 9338.18806 7421.64558 5819.72269
49 98.00 5319.32540 7733.34373 7267.55690 7400.12636
50 100.00 6177.75917 3882.04582 5417.77021 7330.55259
51 102.00 3002.01569 9889.91975 9509.54877 9428.02748
52 104.00 8666.00781 5476.13169 4800.28905 2580.13222
53 106.00 2449.43850 506.62197 9213.59357 8159.35648
54 108.00 9724.40836 5150.49989 6842.96923 2490.41173
55 110.00 1187.40699 967.81073 8350.32644 9530.92258
56 112.00 824.81935 961.21293 8823.80471 3183.40764
57 114.00 6621.52801 5552.95964 3693.80025 2591.37901
58 116.00 5012.48502 7592.29582 9628.52752 3090.45919
59 118.00 9727.78402 1891.12571 2597.74236 8478.64424
60 120.00 120.38291 3630.18835 3239.41937 2391.73511
61 122.00 4128.72943 299.71327 3216.51640 9434.49643
62 124.00 6072.09560 2503.82858 5820.04666 7040.53635
63 126.00 8632.30187 4319.42436 1482.69845 536.68515
64 128.00 585.60189 1379.48180 8812.34576 7210.17733
65 130.00 8101.13312 7063.39969 5390.74867 916.02159
66 132.00 5069.95627 9206.50513 6526.18261 5133.38927
67 134.00 5964.63508 7670.57913 9681.45981 1492.91813
68 136.00 8906.82916 1407.38413 5308.78450 5007.97114
69 138.00 700.27795 2620.79952 3247.61673 1359.43178
70 140.00 2274.01516 9127.42707 6371.73481 1926.53391
71 142.00 3115.73037 9510.34970 2222.69180 9957.45774
72 144.00 173.96845 2946.59243 1594.70362 947.01245
73 146.00 7715.89529 9504.17766 5516.60468 3320.15560
74 148.00 5489.52051 6866.18637 9382.68111 6283.41788
75 150.00 7863.01781 9745.52835 3459.51569 178.98919
76 152.00 6655.58628 8922.54259 1144.22261 317.07146
77 154.00 4646.48266 1728.93042 553.81397 4264.70544
78 156.00 235.31631 852.53046 5615.57600 5223.71591
79 158.00 4582.81235 296.24716 7234.06284 7456.37610
80 160.00 1757.81035 9836.09191 1271.52268 7350.08098
81 162.00 9252.30254 4272.15696 3508.47483 1250.93445
82 164.00 6548.63960 2644.91960 5323.51603 3742.61260
83 166.00 4977.58491 4293.83222 7514.30097 2243.88361
84 168.00 8148.96731 8912.05488 9134.46404 7539.19402
85 170.00 3120.56559 7254.06096 9706.45047 3054.61501
86 172.00 1777.04356 1443.26567 4398.06003 9875.75749
87 174.00 8521.30232 2998.45758 8252.17426 251.53213
88 176.00 6220.39229 3328.96294 68.43577 4992.20585
89 178.00 7435.21689 6259.21525 2049.57820 7318.88997
90 180.00 4918.18092 1489.00764 2348.78446 5583.34268
91 182.00 4218.55748 4911.69035 4098.32310 1690.76928
92 184.00 9402.01255 7568.62298 7494.53252 1262.17602
93 186.00 4588.47304 9527.14057 3942.41091 9868.65632
94 188.00 5093.87943 8473.04012 7035.92373 3874.26853
95 190.00 3510.82392 6987.89975 4001.89362 1526.42756
96 192.00 1300.22014 9835.65078 9563.92668 6214.01160
97 194.00 4419.29794 9977.89788 8523.01237 4419.97837
98 196.00 8562.59255 2695.62496 6235.45314 4733.04983
99 198.00 8298.69331 6623.91463 5781.81096 6391.11945
