3
50.0
30.0
1000.0
1683.84
0.6
100
0 0.00 9897.62134 6321.93037 3994.18252 139.50165
1 2.00 7913.75107 6617.72072 1727.79949 5929.37164
2 4.00 1839.09619 948.46204 3912.91644 1498.99827
3 6.00 3373.15218 216.80672 3922.31898 3035.22131
4 8.00 9551.95761 5493.28635 2277.39291 4865.34771
5 10.00 7237.29204 4328.56243 9473.30891 1598.20650
6 12.00 9690.99914 597.60417 9614.39417 669.06079
7 14.00 3232.82500 4767.00251 2893.21856 2351.52420
8 16.00 9433.37988 8036.22046 4163.45414 129.67594
9 18.00 3080.07677 1586.02397 6304.59035 6840.57568
10 20.00 4289.97432 1218.47388 1294.28078 2818.97123
11 22.00 7247.56750 8071.24285 8640.97537 3695.67540
12 24.00 9704.30705 631.24992 4470.78208 4170.00579
13 26.00 2094.55989 3262.00617 2334.38350 8718.73780
14 28.00 3125.37042 9157.37911 9725.27873 7868.06138
15 30.00 5549.95748 5772.19798 3310.60720 1943.77772
16 32.00 1271.32848 3218.32752 6326.81732 9711.35683
17 34.00 2289.26701 5928.34783 2370.17876 8196.56985
18 36.00 4885.87920 4697.52542 193.97291 5109.60466
19 38.00 955.82659 7501.92323 6236.06997 813.07668
20 40.00 4909.40477 6025.99777 8909.10573 9582.72746
21 42.00 2660.07320 4494.84925 7774.33218 7912.81579
22 44.00 2762.10366 1430.83359 8477.72783 590.21253
23 46.00 2465.85617 6330.69821 3272.14378 8248.36780
24 48.00 4825.53121 1461.20196 2727.57567 3200.35670
25 50.00 9852.84569 6047.71025 5363.10168 8241.36442
26 52.00 6458.41578 9577.25696 5975.87188 1203.62418
27 54.00 7334.19918 7354.94881 1949.43082 7988.48499
28 56.00 2824.56258 7907.09305 4229.91326 8185.86535
29 58.00 109.14015 2609.87879 1440.59601 252.83694
30 60.00 6516.34966 7623.73629 787.09672 4649.39481
31 62.00 9098.06624 1476.14743 6258.89870 5552.64362
32 64.00 5938.45065 7584.61567 1077.44872 2735.52056
33 66.00 2759.49450 7062.96732 4533.33484 1629.01093
34 68.00 1285.35683 9561.05560 1239.14943 8677.37698
35 70.00 5525.75122 3688.21995 3152.68731 7205.01247
36 72.00 5501.27119 6288.90339 6463.28318 3955.37698
37 74.00 3266.10465 8360.73322 345.33990 2829.08919
38 76.00 5656.16889 5685.29629 8832.59613 558.59184
39 78.00 7172.70231 1318.66757 638.77902 678.94654
40 80.00 1515.69926 5227.80584 9401.22789 2350.13597
41 82.00 7546.59566 9723.19434 3381.58049 4126.41789
42 84.00 7508.50693 4924.55702 5451.11381 5246.79344
43 86.00 6418.18708 3959.90168 1549.84009 8228.45951
44 88.00 8143.64152 4484.98146 1152.49148 9114.24375
45 90.00 2607.54691 2392.65375 6447.58580 5576.84578
46 92.00 524.83102 8428.93181 2255.19869 423.94832
47 94.00 2190.00904 2326.65650 1526.30746 8704.83139
48 96.00 5005.83875 3229.50254 7559.63077 6702.63003
49 98.00 192.55731 7655.36676 4922.27264 6696.42074
50 100.00 6971.24745 5500.31081 401.30021 5896.68662
51 102.00 2088.36609 5827.39185 71.52374 7018.24211
52 104.00 5815.83216 3681.18230 8985.78970 1641.79179
53 106.00 2127.78331 5362.29983 9152.00663 7442.53893
54 108.00 2814.17148 5562.62719 5108.79624 1598.63322
55 110.00 2015.85917 6076.18513 3344.85741 3270.58084
56 112.00 2603.41848 1191.67661 2853.81730 288.17478
57 114.00 6033.67857 6514.08618 5118.05108 4056.90821
58 116.00 1848.32037 416.60088 8046.35816 7428.13408
59 118.00 8742.34320 2001.42635 5702.06975 7472.73038
60 120.00 8329.29698 6742.06333 8866.52154 8178.60293
61 122.00 3609.38322 543.67555 6261.17634 5668.46593
62 124.00 8843.80429 2523.32577 5110.99383 3099.01565
63 126.00 2164.23555 1809.19147 3339.32014 4995.92714
64 128.00 7199.42103 7199.69275 4578.84334 3907.54391
65 130.00 7538.58642 9208.18951 4801.75574 5967.40375
66 132.00 7950.03176 6670.24313 9378.25175 776.74125
67 134.00 1072.61590 2.70738 311.99937 500.28040
68 136.00 112.11909 2742.31322 0.09479 4450.60614
69 138.00 7287.48229 9612.08397 972.32670 3680.49765
70 140.00 6457.72116 9709.40198 7418.46486 3728.20967
71 142.00 2799.78681 6536.25973 2974.69927 349.92754
72 144.00 1200.76517 1418.38083 4569.27649 9322.45641
73 146.00 9832.83064 9145.66064 1203.25021 6367.09785
74 148.00 9524.24993 7927.62526 8802.90567 9320.43176
75 150.00 1745.81289 1125.86767 7248.09030 4552.44577
76 152.00 8864.40006 6949.18577 2731.34554 225.58948
77 154.00 5632.30652 632.83844 6918.01519 2154.75575
78 156.00 3975.38935 3774.25023 371.61168 4324.87524
79 158.00 4657.01583 1750.22892 132.69064 8974.08113
80 160.00 6566.10027 9594.28882 8763.75826 7099.01745
81 162.00 7188.70837 2026.98632 2672.84438 6712.42559
82 164.00 9631.89608 1880.69815 6896.75200 8103.53927
83 166.00 9958.37455 441.23105 5632.11969 8569.98216
84 168.00 5589.44396 7029.46935 7919.63773 7155.69324
85 170.00 7425.25965 2865.17109 884.16000 3672.97154
86 172.00 8207.14202 5445.90743 3732.67462 9018.20893
87 174.00 7261.98603 5407.67015 3207.11238 6393.14185
88 176.00 4070.01646 5802.11791 3721.09916 9835.12792
89 178.00 7673.13289 1476.33186 6726.57942 8894.29081
90 180.00 6757.10697 4078.25778 9613.86416 864.45560
91 182.00 2532.00307 1376.41492 9247.19076 6454.64141
92 184.00 4507.68745 5392.11794 6803.37669 8897.40907
93 186.00 3434.53761 9182.98683 9827.14091 1450.50493
94 188.00 3416.49879 6326.97447 7447.93893 8510.97858
95 190.00 5736.92591 9772.31978 7922.77800 8246.85504
96 192.00 3963.50176 8234.43371 8807.23015 9905.03933
97 194.00 5439.96737 5195.68846 5754.64591 2547.17163
98 196.00 5504.48564 9422.89860 7397.11264 6840.10690
99 198.00 7877.24244 4891.79992 3254.87299 8364.68784
