3
50.0
30.0
1000.0
2673.74
0.6
100
0 0.00 4562.89478 6356.02629 8044.64662 9942.65399
1 2.00 4212.79231 6725.17835 8823.63157 2806.11033
2 4.00 2183.42031 8030.68620 3814.85191 6509.60737
3 6.00 6419.25024 3340.07882 5219.20671 8213.20257
4 8.00 4845.52971 58.69680 1786.42705 7357.84700
5 10.00 2952.35096 6619.23944 6577.49684 2982.56592
6 12.00 6576.29444 3739.34993 4078.21853 185.67358
7 14.00 900.24776 9260.33558 9568.24416 4585.29348
8 16.00 2486.44017 1826.39610 9094.72684 5698.76212
9 18.00 4050.69052 8163.62395 7042.15959 2499.25588
10 20.00 3767.22527 7610.45064 7.69162 9182.90807
11 22.00 2936.43976 3754.32628 1329.57614 7648.55116
12 24.00 6897.05791 420.28638 3548.59808 6984.01203
13 26.00 4249.14273 5012.32160 791.59191 5327.88469
14 28.00 4396.15427 3672.16734 9416.30418 6796.69671
15 30.00 9708.97296 8737.03960 8270.69049 2719.77267
16 32.00 8771.81097 5100.20797 1468.70197 3522.78172
17 34.00 7168.49614 4517.69441 4984.12969 5177.70763
18 36.00 2764.45232 7123.00192 4111.13874 9990.62733
19 38.00 9607.30211 2308.21084 384.40372 4032.32156
20 40.00 4635.92713 7754.62833 9701.56003 4077.52628
21 42.00 5853.07174 1293.47767 5814.76825 5669.47615
22 44.00 4846.01870 9113.71029 8874.65325 9050.79463
23 46.00 1348.88446 504.97718 2565.72293 6048.32199
24 48.00 3869.51589 1657.85566 4107.28965 6198.82599
25 50.00 110.79635 4169.52881 726.71458 4537.04901
26 52.00 9314.16218 5834.06884 1769.20713 8925.40323
27 54.00 3769.55342 9852.66727 9086.81139 9479.83031
28 56.00 6573.04286 1543.19931 9148.13151 6032.02476
29 58.00 9513.49234 5481.61598 2153.36243 7514.95641
30 60.00 7348.03852 8651.61314 3998.17247 5147.67881
31 62.00 7101.15563 4509.39809 1872.91059 9163.64534
32 64.00 4338.28339 3011.07877 2470.59057 5251.91867
33 66.00 488.55733 9475.27117 8074.79413 8952.12804
34 68.00 8130.98470 956.45646 2001.42068 5278.80197
35 70.00 1895.99395 7644.35817 846.37792 9910.42123
36 72.00 4024.50934 293.30961 8968.04818 2895.92864
37 74.00 496.70343 9788.88733 6983.95151 9299.46247
38 76.00 1467.94102 6169.39699 7469.92960 673.38779
39 78.00 7924.09445 7411.91236 6613.34978 8529.07069
40 80.00 8707.15196 7310.89189 5640.22996 2177.27157
41 82.00 1182.08774 2041.25244 8115.27398 4957.06143
42 84.00 1523.05744 6355.67783 5435.64047 1323.95260
43 86.00 5914.36726 5401.46190 6444.27376 8328.23252
44 88.00 3837.44436 1597.68900 7859.04308 9398.21651
45 90.00 1354.32320 9085.90712 3295.06521 9696.20993
46 92.00 6489.64518 556.11204 1826.51454 3368.33617
47 94.00 2321.27503 5702.27704 4844.79263 4266.26149
48 96.00 6086.31208 8003.99610 6223.85256 2610.18780
49 98.00 9057.44073 4006.78770 9153.73697 5683.85034
50 100.00 9767.64998 7767.87926 9212.16987 9789.96953
51 102.00 339.55229 9877.37371 3700.21570 5339.48110
52 104.00 8793.46751 851.75063 6588.81756 2460.04899
53 106.00 9352.42675 4485.69906 4084.91182 1005.04040
54 108.00 5261.92273 5718.70948 9781.70749 1529.35198
55 110.00 7644.81281 9153.51925 6419.55286 7712.44021
56 112.00 8495.74110 67.27564 2479.08814 9393.76513
57 114.00 4907.52520 1205.15978 1633.66797 2255.38321
58 116.00 725.42605 1941.71164 6604.76153 3157.48541
59 118.00 4047.04192 127.32730 4962.00640 4958.68081
60 120.00 6423.63587 732.74586 9905.79344 3496.11857
61 122.00 2257.55747 861.60993 5755.98737 6632.40903
62 124.00 9659.98181 1466.12754 3335.25940 6220.13738
63 126.00 8358.25105 5976.20232 709.82654 1982.75957
64 128.00 4842.79247 2099.67199 403.14780 2982.69985
65 130.00 1838.48491 2939.23213 9963.06481 2750.61673
66 132.00 4485.53952 5499.50180 0.85427 2709.33609
67 134.00 4312.51914 4439.31459 9587.68998 4159.82804
68 136.00 1286.70795 2254.92659 9864.45077 9230.04985
69 138.00 8848.54987 6918.28220 4704.36032 3213.52766
70 140.00 7773.92162 6083.00813 7864.27598 6298.74937
71 142.00 9774.57046 6880.61160 8533.32108 9749.88240
72 144.00 898.28420 6950.76520 9610.13613 1664.58703
73 146.00 5382.12900 3471.13282 2679.84542 3835.26662
74 148.00 9716.00534 370.39404 8139.43051 5583.44392
75 150.00 3540.17738 14.55622 3463.16729 7419.87616
76 152.00 7289.19757 8077.60500 3209.60946 8351.67814
77 154.00 2605.72033 7183.13231 6191.54553 6690.76885
78 156.00 2488.76360 6664.05455 9218.25501 468.91009
79 158.00 4918.96933 4727.94883 505.78425 113.07914
80 160.00 2458.29954 8288.74609 126.01463 3114.82380
81 162.00 8927.88450 1172.29667 2762.91430 183.74987
82 164.00 7611.39506 6042.06986 7884.62108 5459.31698
83 166.00 1782.11071 8042.71903 241.33643 2090.06113
84 168.00 3826.18959 7689.45442 7671.80174 7384.15619
85 170.00 399.05580 5137.41518 9153.38552 5439.88165
86 172.00 3993.40195 9485.19649 6283.42032 6933.73164
87 174.00 210.41756 4448.16042 5404.84898 1515.51764
88 176.00 3216.95947 6080.80497 3379.46140 9708.26141
89 178.00 3821.36533 6920.49186 7092.93981 2066.46598
90 180.00 2037.23682 2367.29990 7208.32962 1321.51151
91 182.00 554.93772 1898.73469 9854.53631 2999.81052
92 184.00 8500.04204 5031.37551 5072.28776 534.21764
93 186.00 7686.21913 4320.02548 425.71496 7198.34253
94 188.00 6051.19113 4829.67928 9688.21243 5965.80864
95 190.00 410.26272 6794.98879 1174.84470 6992.91517
96 192.00 926.56423 8390.95680 8223.24736 6292.01478
97 194.00 9790.81543 8656.52719 788.60768 1996.92158
98 196.00 8561.58859 1452.59439 3897.97623 1002.59975
99 198.00 3352.85764 2756.77052 3385.03357 470.45695
