3
50.0
30.0
1000.0
248.48
0.6
100
0 0.00 8444.84360 2433.16475 5888.71288 5239.62543
1 2.00 3957.66697 3102.74562 3395.13281 3330.68622
2 4.00 1681.32708 5104.83285 1140.26640 5099.52062
3 6.00 9059.22732 3493.75265 7273.79106 8189.48602
4 8.00 8150.37006 2362.68849 1464.44218 1972.71803
5 10.00 6023.98985 7602.15296 6555.09011 1771.46129
6 12.00 7728.48089 4941.17025 7544.45825 7598.77150
7 14.00 4489.05257 9241.54258 5644.91783 6352.98319
8 16.00 6245.21779 8642.46875 6272.17407 1509.57401
9 18.00 682.86258 4422.08064 3028.20435 2746.73667
10 20.00 561.72120 5073.36885 3104.07851 4519.13864
11 22.00 568.90051 8316.96632 767.31001 8642.50034
12 24.00 8552.93371 6150.08388 5070.67817 4627.11659
13 26.00 5543.16371 7918.17797 8958.76766 4497.33704
14 28.00 8098.15918 6518.37455 3215.26763 4756.29028
15 30.00 1508.61077 618.73700 1035.01877 8991.26834
16 32.00 3434.37776 7143.15549 5045.49002 1725.58911
17 34.00 2477.43724 4377.58274 4394.21792 5227.48035
18 36.00 1587.46208 3728.51982 2828.93579 4087.69397
19 38.00 3383.67147 5978.85862 7892.26932 6473.05357
20 40.00 659.11854 945.05948 6783.79345 2841.46974
21 42.00 7237.33655 6565.64086 9063.42697 8732.79662
22 44.00 3333.62036 5827.39515 1414.28381 3498.20788
23 46.00 9676.96508 6984.79963 3919.57984 5950.41228
24 48.00 9380.02200 3095.81887 3766.79306 7916.61958
25 50.00 8131.84784 6701.16400 8289.58973 7387.74672
26 52.00 6854.14440 5263.93340 6460.24821 4234.06366
27 54.00 3618.28096 3625.97669 1802.62923 2141.92661
28 56.00 9476.68268 4862.70921 2265.43047 1375.65353
29 58.00 771.65084 8444.28389 1011.40764 7708.74720
30 60.00 8351.19827 8836.82165 377.47492 3367.64372
31 62.00 7663.07604 1310.49041 3767.19871 1622.47212
32 64.00 8313.45057 7710.97814 8090.43720 1655.39166
33 66.00 4376.73405 4108.58611 6763.62922 2375.30201
34 68.00 4441.98710 2849.27933 7485.36518 4489.27963
35 70.00 5340.11150 3094.67897 8086.23871 4690.15605
36 72.00 8351.13393 3678.40958 9471.30170 9844.39794
37 74.00 4616.79978 2817.71733 3818.72434 5274.59788
38 76.00 9662.68153 8168.91240 8012.59224 1383.98535
39 78.00 2500.03212 6411.79036 8741.16945 5545.40745
40 80.00 1025.89732 8458.92277 8511.66048 2850.63014
41 82.00 7631.16830 2727.91300 9053.06209 1473.48656
42 84.00 4374.72560 9464.13263 2220.38007 4511.27990
43 86.00 3495.85078 266.70191 532.56887 5020.07115
44 88.00 2357.78074 9945.25351 3749.12673 281.87546
45 90.00 9308.25905 8391.76288 6499.60684 7913.80637
46 92.00 1375.99588 2868.79397 8297.61583 6960.71989
47 94.00 1387.92692 7055.36175 4486.01474 52.51198
48 96.00 792.25771 2559.23928 8349.63099 5488.04245
49 98.00 7272.34785 5277.71506 1111.86860 2881.01578
50 100.00 3011.51195 477.49447 4198.25544 7938.99109
51 102.00 4571.13617 1108.57895 9051.46886 5967.39043
52 104.00 164.35352 5153.75730 2419.38134 1435.76840
53 106.00 4292.38893 6148.09583 2405.64239 4165.67595
54 108.00 6643.71302 856.13955 9746.54491 676.79323
55 110.00 5260.59445 5073.27697 9883.31486 5541.51952
56 112.00 3904.53733 4701.35078 6356.70791 9810.39423
57 114.00 2536.50261 162.42231 7885.20016 3448.02493
58 116.00 7329.41021 6282.56962 7715.01374 7351.86985
59 118.00 3325.18608 443.35688 5460.13745 8135.08866
60 120.00 1750.89127 7791.42593 4646.22900 6953.89252
61 122.00 6317.35848 8114.97682 631.00537 7761.90400
62 124.00 4576.79577 2934.42571 438.06276 1994.69834
63 126.00 419.05942 9333.70980 5153.83589 9891.22702
64 128.00 5430.30698 2533.13765 7532.90919 1911.03431
65 130.00 3569.74176 7808.41567 8657.98277 3319.24686
66 132.00 1244.75008 3680.19174 8894.86517 7433.07706
67 134.00 8946.37495 3866.44768 9737.23584 4962.03227
68 136.00 4975.23392 9243.10467 5192.75854 8011.48087
69 138.00 7270.81324 789.27006 6024.53299 8223.41280
70 140.00 5454.74397 3212.11428 800.68911 6609.19221
71 142.00 3064.95856 6026.21628 4261.16073 6897.64808
72 144.00 3515.46984 423.55163 8700.37175 3525.59310
73 146.00 9981.50598 2745.55360 9800.27279 9479.04379
74 148.00 750.41165 6375.12538 3633.11131 8010.95976
75 150.00 6794.10608 9527.89396 1427.79468 6075.72903
76 152.00 7813.11970 347.98966 672.33363 7785.15374
77 154.00 3663.28473 3828.54402 5672.44642 6050.94829
78 156.00 6790.62057 9488.23529 3720.13378 7630.84472
79 158.00 5739.21778 5294.59882 3980.34046 6495.60737
80 160.00 2496.11653 1134.48613 7356.74859 4990.43960
81 162.00 3869.87380 5616.72711 2617.76677 2602.89771
82 164.00 4462.73112 9963.65112 2855.76878 9164.78910
83 166.00 4912.00195 1226.37422 8528.26290 4520.42685
84 168.00 8986.79031 4451.11193 877.90741 6819.29260
85 170.00 8455.21219 3195.87772 3474.25295 649.39078
86 172.00 5421.71361 8913.31682 8513.62051 7118.09104
87 174.00 9273.24457 6377.00023 7936.96384 5087.55745
88 176.00 1213.62455 2009.80371 1388.76872 7903.73061
89 178.00 262.84027 5540.21437 3689.11166 8036.61726
90 180.00 5516.46934 6119.48363 862.15482 3092.90718
91 182.00 9995.95044 7188.69660 5256.95655 7691.64550
92 184.00 8233.39400 737.50713 9723.79732 6423.38589
93 186.00 4499.74496 6801.08991 3445.14781 8779.60152
94 188.00 7802.62929 6397.93929 1819.63137 9662.64614
95 190.00 4326.18286 9107.12271 554.12850 1241.61121
96 192.00 1530.15467 1646.57080 3226.60751 7093.32133
97 194.00 3460.23082 9409.04055 8949.25917 8459.33706
98 196.00 2506.05309 6350.57091 5508.41415 1251.70295
99 198.00 3028.24606 5334.78030 5025.73145 1686.35902
