3
50.0
30.0
1000.0
3168.69
0.6
100
0 0.00 164.01115 7007.96218 4575.76079 8533.52538
1 2.00 6424.77773 8721.82584 8665.36870 4332.30270
2 4.00 514.90255 8462.79332 6212.25480 9081.85006
3 6.00 807.93575 9633.73957 2148.92803 5235.99470
4 8.00 7961.17730 9510.91302 9323.42171 4480.30882
5 10.00 3367.22347 4804.34454 3584.96587 4321.35118
6 12.00 3257.92372 6526.19238 765.73585 7279.71327
7 14.00 4223.77497 200.02802 959.21922 4913.94786
8 16.00 2925.31172 5629.75123 7232.04506 1807.01987
9 18.00 2840.86598 2074.87173 9655.50969 6106.96263
10 20.00 6396.61245 4349.37332 5171.22912 186.46545
11 22.00 9764.04905 9263.51683 3242.05136 9093.31091
12 24.00 6457.13011 7815.39838 4085.28491 7074.09498
13 26.00 7909.87812 2293.26147 3431.55684 455.61143
14 28.00 8248.24011 7493.89953 2642.93506 1779.47676
15 30.00 5609.90076 721.00993 8314.38778 5370.59393
16 32.00 1678.18635 3311.33096 4457.02606 3006.62718
17 34.00 332.92523 1300.53068 556.97031 8622.04341
18 36.00 8592.65098 5389.17291 8712.93289 9989.91955
19 38.00 4278.32572 1724.29664 3763.92073 8309.21458
20 40.00 5141.62242 7895.85516 6291.85009 7605.91148
21 42.00 2493.68157 6468.25033 5729.70236 7587.40930
22 44.00 4072.03897 5592.87674 517.70670 3853.62612
23 46.00 3230.76274 3507.93959 189.45334 8398.98483
24 48.00 217.35666 794.66379 7641.27196 4392.74948
25 50.00 5781.05601 6010.82178 840.59164 8065.12509
26 52.00 6485.22148 15.33790 2939.45876 9206.60678
27 54.00 8596.54385 1474.29741 8682.26788 7081.13041
28 56.00 4596.66456 5241.80862 7589.86685 487.72655
29 58.00 2162.34888 3275.47903 1466.80989 9453.54478
30 60.00 7473.57923 2156.31949 3040.44587 2812.58912
31 62.00 6288.68026 2581.64975 5086.70038 5977.49393
32 64.00 7472.08429 7187.30824 2326.29151 5372.16962
33 66.00 6742.65235 1505.39213 2223.50317 4397.44425
34 68.00 4216.78931 4767.77790 8422.12183 9021.76358
35 70.00 4484.93204 2198.40846 1240.31878 4465.00602
36 72.00 2799.40433 3573.28046 4615.50816 4280.07641
37 74.00 6752.02045 8901.92189 3881.24177 9432.00956
38 76.00 4444.96189 3131.61721 411.40150 6142.53207
39 78.00 9094.89762 9148.30118 6054.53517 8137.17324
40 80.00 2649.66114 4957.95265 7733.83251 3743.33781
41 82.00 2726.14998 2868.54324 2394.27007 2852.59722
42 84.00 5024.35406 3342.82287 5874.33162 8484.41647
43 86.00 4461.25126 4596.95800 2537.49914 8258.27247
44 88.00 274.96367 7532.37425 2400.26135 3892.93398
45 90.00 4198.91570 4753.19797 250.22188 8721.19324
46 92.00 225.27389 8665.76385 4212.50429 3546.91484
47 94.00 3081.25381 4451.52159 1997.21249 882.66880
48 96.00 3170.90055 4711.84550 2076.97150 7769.55725
49 98.00 593.94975 5883.60556 7887.66355 6433.49727
50 100.00 465.11297 8511.05804 7384.74831 7963.08751
51 102.00 3726.00655 3570.68343 5062.40637 2421.68156
52 104.00 2905.04737 2633.91557 2441.66162 9831.90953
53 106.00 8004.90203 6546.94130 4226.66433 2460.01805
54 108.00 9538.31100 9137.88097 8649.19191 1301.33681
55 110.00 4116.17834 9838.53333 6312.97824 9154.21612
56 112.00 6711.06881 134.78762 9579.77906 2602.28399
57 114.00 289.03155 9995.39752 7368.62511 701.39580
58 116.00 7356.12282 8149.32751 5849.14312 7534.64324
59 118.00 3616.73115 4214.15233 786.64419 6894.34877
60 120.00 5978.54096 5676.96628 7355.98277 8335.48071
61 122.00 9936.18437 867.63639 1018.02317 8867.31463
62 124.00 5023.82422 7488.75767 4478.22010 9291.49019
63 126.00 4017.93021 765.00783 7301.66236 4703.83834
64 128.00 4250.50221 930.09409 6428.36204 6479.09778
65 130.00 5111.21731 6689.29577 2806.64136 4615.58273
66 132.00 5835.50374 3998.95286 6508.98508 7819.73413
67 134.00 3833.99908 8854.38138 7081.69793 158.22714
68 136.00 3728.63946 1331.67232 4041.16067 9779.50764
69 138.00 5861.66899 167.75865 6419.03867 677.99406
70 140.00 7183.29066 7013.83637 6916.55429 36.08895
71 142.00 1804.80656 7043.71685 4963.79595 9082.68141
72 144.00 8553.65403 3155.45740 8381.75904 6804.09105
73 146.00 6231.41732 4223.31029 9146.25773 670.85335
74 148.00 547.95149 672.32715 8756.70598 5319.34123
75 150.00 3760.96435 3083.26993 3075.28328 8676.14860
76 152.00 2132.14029 5907.80779 902.88678 4537.82951
77 154.00 7406.49533 3395.84195 2611.50155 2992.32281
78 156.00 3024.45567 1282.02274 1879.77600 6057.07632
79 158.00 2820.25986 166.87013 8971.91426 8737.61316
80 160.00 1664.83454 7220.07030 7830.91050 4808.50835
81 162.00 2256.60323 3573.48785 820.86724 9157.76683
82 164.00 6819.58599 7547.82191 4062.87256 3100.93797
83 166.00 8670.64080 4969.00577 3024.46336 2037.86977
84 168.00 9693.74517 9186.73250 763.54865 6743.16005
85 170.00 86.62679 3553.41498 3738.88047 2675.35745
86 172.00 9446.76392 4184.08109 3182.79710 8147.14760
87 174.00 3492.61785 9508.66264 9356.64993 7758.20200
88 176.00 3646.79908 1677.87535 1189.27378 5503.77344
89 178.00 3278.68352 8768.24354 8067.31162 578.85847
90 180.00 5773.36352 3035.88560 8861.92707 7936.53145
91 182.00 759.76230 1708.09135 9979.59111 9792.06118
92 184.00 3302.92079 8076.51069 8395.03213 9730.01285
93 186.00 1106.02084 4607.15542 7578.98395 1778.14522
94 188.00 5380.36937 9424.64045 971.00881 2203.39248
95 190.00 5324.93478 9545.93909 916.99858 8915.28604
96 192.00 7654.29370 7323.39591 9927.52531 9605.17336
97 194.00 650.30655 2582.00935 3851.79484 2591.15712
98 196.00 7035.77426 9820.29601 1730.49393 9147.27898
99 198.00 1027.96344 6082.66166 3699.75430 4633.10284
