3
50.0
30.0
1000.0
3663.64
0.6
100
0 0.00 81.61076 5536.88168 5943.43462 9548.11834
1 2.00 7817.28485 2039.46358 3026.04577 9632.32634
2 4.00 9773.94143 2619.86120 5023.39510 3668.89763
3 6.00 686.57355 2143.39074 7671.37115 6234.12746
4 8.00 6919.04539 8924.93780 4275.18968 4160.10738
5 10.00 1856.39489 2392.16628 8193.86565 1159.74536
6 12.00 1164.97250 259.19913 1654.24240 863.12397
7 14.00 6958.05503 2038.16298 835.83005 2237.88321
8 16.00 922.66934 5920.63024 3053.15380 343.69813
9 18.00 6180.69064 9507.87981 507.39292 5450.35725
10 20.00 5282.91804 702.35689 3798.46146 4121.68580
11 22.00 8095.69503 1577.83286 1170.17216 5722.79134
12 24.00 6761.00385 8688.59623 361.00347 1540.79788
13 26.00 6707.01148 1921.93272 3925.55088 5615.87883
14 28.00 8166.40695 2068.97133 4422.68662 1516.04468
15 30.00 7603.75339 8810.01531 6260.35306 4890.56103
16 32.00 9917.01210 9737.99236 7115.24821 6957.72596
17 34.00 692.04710 4842.53124 113.45184 6551.94634
18 36.00 6907.81687 9019.13044 922.41717 1151.51501
19 38.00 5061.77647 7627.28643 2905.62205 3210.59442
20 40.00 8668.07774 1120.14512 7221.76963 7817.21556
21 42.00 229.26254 8873.54202 2490.15393 9526.85392
22 44.00 2634.96627 3678.79841 278.15945 4930.92731
23 46.00 2561.01794 5192.38632 7699.46742 3449.42376
24 48.00 8263.76339 4959.31487 3467.52441 7033.55731
25 50.00 3581.05963 8596.63327 4592.30290 2260.93650
26 52.00 8255.09581 7559.02639 2089.67567 3943.73939
27 54.00 8352.48062 6621.37020 9596.81024 5038.28509
28 56.00 768.29322 6523.23045 8527.76428 7443.53182
29 58.00 7691.73086 3154.57245 8888.12830 7550.43130
30 60.00 9765.53744 9710.44451 9541.06355 7596.92154
31 62.00 5733.31115 3791.15700 7714.86135 604.26954
32 64.00 3989.37381 4616.56600 136.64271 5938.07977
33 66.00 2809.35410 9139.97371 8626.62433 9678.48065
34 68.00 3972.13114 6045.96050 8612.96823 1369.24818
35 70.00 7658.67928 2182.00041 4612.12524 292.78178
36 72.00 1080.94951 6811.87245 5229.14952 89.02526
37 74.00 264.28011 4954.77415 9130.71499 2743.48264
38 76.00 485.56168 4208.56194 2496.47172 2162.02641
39 78.00 2154.92575 306.20804 7526.36160 3376.45239
40 80.00 5345.16750 4909.20121 2853.14164 6958.44729
41 82.00 6934.89533 5520.59413 6230.51225 6510.90623
42 84.00 2434.05830 3350.53769 7322.08416 8407.29606
43 86.00 4928.87506 1421.40638 8509.18009 3250.22496
44 88.00 5417.39276 6924.52320 6858.96742 5504.09630
45 90.00 3376.65012 2743.47666 3163.64974 8702.66774
46 92.00 2115.72942 7692.95969 8941.65379 9548.15354
47 94.00 7817.23000 9638.55268 9193.37908 5193.80241
48 96.00 1650.93167 7509.91011 4283.65555 5426.60978
49 98.00 9088.75653 5478.04130 4890.39065 3963.79261
50 100.00 5625.92289 6349.05899 1453.70140 2405.20623
51 102.00 169.93962 2580.97617 2353.85667 2553.36161
52 104.00 3640.92227 3112.00935 4210.91630 7995.63268
53 106.00 5172.60659 7380.54272 9437.30151 2657.48949
54 108.00 3928.94829 4910.93783 883.36528 385.91127
55 110.00 2279.84951 4573.68436 3452.07191 1686.56957
56 112.00 4422.64970 3996.35852 1218.28275 3583.50251
57 114.00 3019.09655 5128.70998 1109.08141 7762.52838
58 116.00 2530.61308 794.71166 4394.12379 5440.50128
59 118.00 7067.33617 7113.39274 7030.47547 8916.32468
60 120.00 726.91660 5390.14938 1182.62746 3069.15733
61 122.00 9174.32919 8597.47657 8774.50640 761.28007
62 124.00 5163.97026 1663.85922 7485.15731 221.35278
63 126.00 3328.47546 3397.85179 6305.92557 3790.83842
64 128.00 3506.34157 2582.04372 7415.18493 5007.76231
65 130.00 2467.98585 5065.57180 2554.87970 8492.93552
66 132.00 7788.47821 8456.25743 2314.74105 4520.77024
67 134.00 9886.38634 8069.54779 1984.04597 8772.85010
68 136.00 6766.58543 6318.83343 3147.60896 9918.79935
69 138.00 8475.99593 3541.72317 4102.71427 4239.91353
70 140.00 88.66707 9924.76225 8512.26822 927.15834
71 142.00 9552.81052 6435.28841 1376.66815 4965.43033
72 144.00 1498.35817 2205.46491 5226.59342 7998.61808
73 146.00 4715.76601 2670.55666 1257.07661 989.84664
74 148.00 8572.40556 9659.05329 4450.20748 8722.86870
75 150.00 2076.59374 7978.42521 2317.54054 3676.50506
76 152.00 7861.03561 553.54796 5809.29803 8377.32097
77 154.00 6309.80897 214.76075 7899.93454 1936.78694
78 156.00 293.76662 7161.35968 5735.86733 4063.87535
79 158.00 9187.21653 3607.11336 5435.95792 696.33187
80 160.00 4118.63259 6931.73399 2596.21671 8915.89602
81 162.00 7736.44328 192.60520 2750.94530 5276.90162
82 164.00 2518.77580 2720.10186 8716.05096 9612.07915
83 166.00 8129.52008 339.26144 6910.27354 1727.20535
84 168.00 4870.14181 5704.12474 7125.28189 5764.01624
85 170.00 8762.72900 1241.13584 8113.01046 5939.17787
86 172.00 3553.99462 2850.83827 7488.46586 4277.46770
87 174.00 3293.03088 1381.88175 845.43519 7418.78754
88 176.00 6966.99258 8425.69438 6981.63785 3537.28383
89 178.00 4351.23229 4746.50661 1685.56068 77.52411
90 180.00 119.80832 4149.06025 9302.18412 8889.93628
91 182.00 8879.32598 7184.49919 668.36898 9928.25131
92 184.00 2046.93670 3060.32974 5799.58295 7831.55920
93 186.00 6971.17670 3189.24238 1841.24583 3130.44508
94 188.00 1175.43018 4092.99304 2128.58584 2279.52963
95 190.00 1623.06193 2784.97896 7322.82911 6060.39423
96 192.00 7184.31898 6868.51561 6835.16010 461.82894
97 194.00 904.97430 127.59220 5561.85692 9459.43088
98 196.00 1254.49946 7121.02805 2838.69845 6561.13173
99 198.00 4484.71601 9520.38780 7376.66948 2394.07644
