3
50.0
30.0
1000.0
2327.27
0.6
100
0 0.00 6511.25106 7107.55622 8971.86392 5690.80866
1 2.00 2805.79778 7532.63239 9592.63295 1529.90638
2 4.00 8047.17672 896.70581 6626.64175 4872.95549
3 6.00 8892.68572 644.11293 2634.95961 9935.46993
4 8.00 3020.98075 8414.72390 584.45350 2283.80893
5 10.00 7939.39216 8347.15183 9472.49182 1633.69523
6 12.00 8150.66737 6095.01950 2803.30922 3908.43446
7 14.00 1811.74028 7516.06452 7298.32715 7538.91698
8 16.00 7587.75973 1989.70327 1334.76567 9940.16283
9 18.00 6236.08483 2337.73120 1362.92175 1344.42049
10 20.00 4012.72666 9915.06510 2155.26240 8778.14718
11 22.00 2297.21822 2194.59587 2536.38889 4684.46027
12 24.00 677.20814 6922.58009 6703.27521 4277.76283
13 26.00 4562.94249 9328.14679 107.06167 8559.02779
14 28.00 1419.94452 4783.88120 6099.61155 7509.03761
15 30.00 3151.88700 8986.45004 566.65534 2779.94012
16 32.00 3701.95107 560.50040 9415.62130 1730.41559
17 34.00 2308.30347 5817.21206 7695.82475 8160.64734
18 36.00 1706.27320 290.43386 2708.53234 9178.99802
19 38.00 7924.03759 466.66713 5401.83762 4584.52665
20 40.00 9465.48015 7995.54919 8094.99426 7971.63270
21 42.00 9172.71329 163.85519 4542.18885 1630.44266
22 44.00 1634.06586 7970.68686 2926.74080 8810.80042
23 46.00 584.89691 8143.24207 7222.12340 9162.91824
24 48.00 2589.43503 8830.97824 4625.69950 7761.87911
25 50.00 1015.90289 9173.44276 6421.93114 6909.83821
26 52.00 3211.14926 2604.50105 1058.70848 7866.59739
27 54.00 6007.20211 8622.65521 9256.59308 500.46439
28 56.00 3597.60759 5416.23989 5368.22936 9204.98196
29 58.00 1540.86164 6776.38259 6289.22307 3394.78400
30 60.00 8722.09846 640.89009 1555.51838 5987.97202
31 62.00 8026.64451 5849.33279 6880.92592 3852.77386
32 64.00 7582.49451 2817.47421 2547.22460 5071.33236
33 66.00 7394.97596 9471.54315 4854.67786 6272.01052
34 68.00 4513.69513 7694.20974 763.09143 1863.06865
35 70.00 1299.90727 859.52677 471.46277 5309.15852
36 72.00 9660.10261 419.63631 6968.89075 9825.20213
37 74.00 5527.98915 8073.42417 7427.47282 499.96619
38 76.00 9163.30784 9759.97969 739.33910 8550.57747
39 78.00 8629.53863 4847.31259 6935.85955 7979.37748
40 80.00 9325.32402 5982.64233 3525.21778 5877.56954
41 82.00 6194.26359 2518.19154 3549.59646 5981.77622
42 84.00 7352.18651 8973.99886 1093.91969 1020.23662
43 86.00 1755.02890 9053.16036 9453.46448 7484.38293
44 88.00 2497.73340 5575.56312 1817.87902 214.64015
45 90.00 8571.55012 1496.53518 1129.86873 1761.47568
46 92.00 6791.27204 6850.99213 2606.73080 8790.70071
47 94.00 3825.00141 9581.14022 9087.71628 7400.37909
48 96.00 15.07727 5395.78466 1955.02014 9761.61974
49 98.00 2944.27643 4428.18618 9048.43568 185.21684
50 100.00 5022.03352 5185.64936 5085.74572 5801.10609
51 102.00 3305.93623 2709.62123 208.09560 1662.10108
52 104.00 8601.81401 6138.49667 3775.23160 5074.86840
53 106.00 3493.60869 6120.77436 8749.55969 1894.66490
54 108.00 6818.71000 4968.35196 6239.14046 9037.73749
55 110.00 3972.60952 6346.60837 2092.03073 9476.28646
56 112.00 5977.32661 3165.32406 2331.71458 1849.86528
57 114.00 9212.81900 4741.65300 7947.90403 1600.17974
58 116.00 3586.92725 1536.10960 4183.60860 8858.22254
59 118.00 3492.89682 837.14956 8095.21210 1338.21227
60 120.00 6541.19830 5727.04619 9274.46448 1509.09376
61 122.00 2858.37532 713.35869 9240.60552 9550.50244
62 124.00 7686.04930 2183.66303 1516.34765 3177.46113
63 126.00 7574.50839 7011.31423 4022.23194 4358.91645
64 128.00 4632.72353 7202.01551 1541.69326 4086.05547
65 130.00 8266.68140 7227.19865 6640.80305 9539.55354
66 132.00 427.45400 3769.83211 3352.24499 2592.08945
67 134.00 5143.72058 6463.07131 5512.24838 970.96042
68 136.00 2047.62718 1069.69150 6547.01282 7602.83119
69 138.00 404.47496 2726.11354 5344.32693 8509.91452
70 140.00 7043.72479 1570.33921 8189.22048 837.07960
71 142.00 8505.03729 943.61215 8288.35690 7821.10967
72 144.00 3721.13196 2960.72524 6627.46280 8834.35779
73 146.00 7112.28798 5383.26406 8697.30200 5434.39868
74 148.00 5357.85463 9914.33944 2979.54253 84.36099
75 150.00 7635.75916 1097.35277 3267.16619 5562.72019
76 152.00 584.87642 3093.03887 3055.94703 1335.65216
77 154.00 8368.20168 9.59993 7946.12463 1776.61364
78 156.00 9280.68649 9155.66280 4978.28017 6382.80947
79 158.00 4804.41542 8319.08303 5207.80976 7759.38382
80 160.00 9597.62725 6378.05882 2817.68977 8702.16283
81 162.00 7489.34331 7750.70792 1187.51955 4353.44411
82 164.00 1293.01177 2961.94298 1802.92600 6105.15007
83 166.00 7148.59016 4361.18713 1448.30571 751.03717
84 168.00 1830.21732 3056.38274 639.63846 2843.22107
85 170.00 6117.34236 5318.97539 7958.37685 1127.67900
86 172.00 7327.38923 9376.60907 9170.36577 5683.51960
87 174.00 8618.72321 8658.41099 900.47601 8627.00854
88 176.00 4465.13505 8253.82350 4062.51271 6094.10365
89 178.00 9767.64229 2776.85080 6906.54692 965.35077
90 180.00 1608.83647 6983.08969 1108.93665 5495.52746
91 182.00 570.13059 8751.83384 4222.48337 209.36770
92 184.00 6881.88894 1680.91504 21.30948 53.82645
93 186.00 9362.46195 7479.95743 5392.41369 1933.91789
94 188.00 3960.29667 8729.68175 38.48846 6318.08304
95 190.00 3266.37460 1794.60431 2442.71792 5294.60161
96 192.00 2349.43312 7097.84374 9353.17556 5531.50726
97 194.00 1618.38822 4179.29849 8103.16716 1709.16093
98 196.00 7783.53412 7673.06370 624.47764 4511.01865
99 198.00 5339.81872 4321.95545 8226.34954 7562.86513
