3
50.0
30.0
1000.0
792.93
0.6
100
0 0.00 156.30326 4869.67475 63.49579 1794.12856
1 2.00 891.41240 6517.55792 8869.15142 4162.22242
2 4.00 8074.11803 7725.62709 6923.58331 2061.60219
3 6.00 6398.25704 5230.86864 4120.31325 9380.89610
4 8.00 6105.37989 376.21212 1800.00467 4998.87635
5 10.00 9502.98064 6271.91654 7825.83030 3478.53567
6 12.00 45.70041 2356.39007 1175.07823 5301.99021
7 14.00 956.83855 3619.01305 7611.28239 5397.22826
8 16.00 2192.76134 7703.31283 6593.27158 2764.26584
9 18.00 1937.18993 7966.12972 6852.43754 9685.73838
10 20.00 4744.12840 1763.23817 6701.42635 431.15601
11 22.00 6448.60837 2850.64520 4346.71642 3342.94629
12 24.00 8051.53675 7584.08021 433.17483 7404.16885
13 26.00 9248.61346 1758.87608 7854.92018 4850.61396
14 28.00 1160.65085 8950.79175 7214.03081 5927.06662
15 30.00 3259.72314 1987.51396 6768.52546 3256.84959
16 32.00 7789.75279 3261.32225 980.64134 7377.47866
17 34.00 8698.86303 3755.32388 2206.62758 4709.90260
18 36.00 4844.07716 8904.88844 1449.41272 9278.87116
19 38.00 4549.90873 3873.30304 1364.04615 7198.21216
20 40.00 6320.21117 9755.55891 2022.10891 1272.11765
21 42.00 6922.10530 596.51720 1365.01499 8516.51367
22 44.00 4585.78925 1712.01317 3435.76008 8864.08972
23 46.00 6036.35983 7895.46965 6379.99214 6115.28090
24 48.00 1699.35484 9701.35842 8550.04022 864.74332
25 50.00 8569.73764 4892.13399 9956.64337 5915.80871
26 52.00 8369.89026 2791.70878 7300.17755 7361.78859
27 54.00 2466.54177 3272.95947 5794.67030 8918.22628
28 56.00 5917.71632 1489.69702 5737.00785 50.77581
29 58.00 9801.84041 400.58680 4706.52630 7686.06391
30 60.00 336.20554 5311.21726 4792.69339 7980.17514
31 62.00 8212.91321 4524.41368 2405.11493 5584.86966
32 64.00 124.22991 7317.86284 9499.33896 1327.12002
33 66.00 2957.90428 6476.40198 907.29505 4797.82951
34 68.00 3048.36602 7033.04488 8579.22111 7472.86697
35 70.00 244.13474 4548.40798 7718.35008 8741.99038
36 72.00 4053.60372 7898.58713 3704.20461 4642.95787
37 74.00 6334.02303 8603.82651 706.98592 8934.34440
38 76.00 3329.06138 327.14175 4259.02253 2697.89381
39 78.00 9460.95494 5424.35106 7944.78753 7876.91844
40 80.00 809.59042 8808.47248 7357.60785 548.11675
41 82.00 9453.22230 6746.52967 8879.77906 1109.66544
42 84.00 3655.90859 6191.33450 3655.71144 1752.67403
43 86.00 5587.90458 670.05914 7093.37136 2047.12593
44 88.00 9812.51622 2386.32705 1135.57679 4784.93465
45 90.00 9391.47932 5801.19385 9591.03731 2097.93976
46 92.00 7450.16715 2254.37226 3527.11669 2673.57852
47 94.00 6802.26739 2771.45334 633.69180 3452.26582
48 96.00 4862.26905 5266.82599 1227.09434 7098.25289
49 98.00 6783.08292 5328.55465 2922.64353 6209.51268
50 100.00 7999.03867 9453.65322 8087.95877 9408.75887
51 102.00 656.27591 8919.03213 4578.74120 801.70403
52 104.00 8979.45860 2883.72688 9566.26930 1093.64921
53 106.00 2759.42736 6970.82111 4963.28735 8749.93140
54 108.00 5206.87639 6272.76197 2931.69442 9695.74606
55 110.00 5414.34958 1320.27369 3467.00247 4438.60052
56 112.00 6446.84442 2915.16797 629.49509 8717.93701
57 114.00 2323.28064 9474.48712 6446.72031 4116.91730
58 116.00 3427.92479 6460.51226 3263.06414 5933.57255
59 118.00 6968.63581 8419.07870 4452.56304 3040.82338
60 120.00 1319.54252 7893.48262 1717.37125 2600.07458
61 122.00 4842.43113 9707.24048 7697.49737 473.18936
62 124.00 3531.20895 4559.26537 1663.63073 9241.31640
63 126.00 7118.12172 2852.46582 9732.06089 8393.31677
64 128.00 6928.59269 6663.55966 1534.84800 2379.05324
65 130.00 411.51456 3166.25838 1264.73512 2604.07197
66 132.00 1844.96583 5624.87242 346.89089 3169.43765
67 134.00 3438.47015 3729.14936 5398.66596 1625.97608
68 136.00 3015.59770 9204.33976 4045.62331 4994.16916
69 138.00 1453.83887 4580.40736 3202.17931 42.94306
70 140.00 7384.94981 9756.01036 3312.80646 7054.51357
71 142.00 4739.10674 2898.27183 9440.09526 9806.89779
72 144.00 5737.27583 1470.83475 5652.31515 9068.80788
73 146.00 4421.05534 6891.46981 7316.40521 9001.74469
74 148.00 1394.23293 5509.59990 3080.82201 4016.29922
75 150.00 8408.76916 4459.72691 924.81131 550.33636
76 152.00 6413.12653 5834.31442 2221.43857 9356.65077
77 154.00 2779.27169 225.48646 5384.12294 4454.58082
78 156.00 6715.57776 873.76937 5117.87522 1944.50039
79 158.00 3177.57812 6050.77822 9434.02164 9084.46950
80 160.00 3610.64869 1479.45938 8538.04070 3696.29967
81 162.00 3728.31151 2846.50366 3513.55033 9775.23628
82 164.00 8743.01736 875.98631 7278.53357 4442.20362
83 166.00 9925.97166 8036.85505 2886.34018 8056.72785
84 168.00 9703.60673 4238.32198 8964.28827 1395.67687
85 170.00 5871.80068 860.77974 2077.83791 4746.13130
86 172.00 8675.25820 9866.38347 661.15781 9600.95298
87 174.00 7561.14054 884.48279 4094.60639 9144.10496
88 176.00 4145.14014 5558.13845 7102.47007 7552.43748
89 178.00 1369.27040 1860.06418 3817.69533 5538.66927
90 180.00 422.32914 8262.48305 8345.85202 3039.14379
91 182.00 5592.81057 4634.51834 268.40015 24.46675
92 184.00 2626.77024 9560.26596 8342.43071 4725.41169
93 186.00 6538.12972 8926.86526 4171.56772 4918.86503
94 188.00 6878.43186 2447.50262 1193.54664 2772.17034
95 190.00 9943.32954 667.24826 7455.65574 5810.65770
96 192.00 5655.74590 8683.45918 6279.96047 4760.40713
97 194.00 6942.45099 1195.83684 5125.25869 5752.63687
98 196.00 8452.80068 1628.47233 585.10394 3196.81111
99 198.00 8783.17264 1354.97394 1633.08852 2726.70354
