3
50.0
30.0
1000.0
3515.15
0.6
100
0 0.00 3055.48742 2487.29238 8581.28056 2542.39152
1 2.00 2784.48171 2527.20960 9428.67376 3895.34780
2 4.00 4358.94105 2639.03197 4643.07770 306.27636
3 6.00 5465.95516 2901.49866 7343.80792 5523.19035
4 8.00 998.52378 7288.68184 949.83693 4072.16790
5 10.00 1427.01280 9453.70841 8301.35544 1699.56397
6 12.00 35.92935 1295.93926 958.92639 3586.64788
7 14.00 3178.51132 181.58426 6098.39506 8060.53649
8 16.00 6152.73852 9782.24886 4157.02336 7308.07891
9 18.00 7728.36336 1221.69043 8364.57261 7083.48284
10 20.00 3724.77860 6981.30893 6963.14135 1331.59121
11 22.00 7931.83327 5526.74479 479.94199 5032.14336
12 24.00 5482.48129 9841.06090 6479.21640 6359.61021
13 26.00 2350.11647 9212.33872 7401.70002 9546.46987
14 28.00 8508.33295 3060.62508 9950.58487 1743.56795
15 30.00 3398.62367 8703.66057 1984.77295 3641.32405
16 32.00 7715.88296 869.39619 9146.35445 7762.93495
17 34.00 8170.71351 3193.41298 6858.23161 8348.23990
18 36.00 4630.06842 7041.24336 5521.63285 1771.68290
19 38.00 403.76836 824.56030 4451.42204 5315.24216
20 40.00 186.81012 2379.59840 2547.27095 9638.40942
21 42.00 8023.41654 5336.46762 7975.30700 69.93068
22 44.00 7592.32309 4708.87848 8367.70039 4317.66429
23 46.00 7992.72678 8495.45656 3094.98272 9010.91450
24 48.00 1780.90875 9916.54261 2201.85297 9572.78339
25 50.00 3284.76779 6921.36465 2950.16629 7308.37400
26 52.00 5962.57268 1810.46673 3259.84983 7934.51632
27 54.00 5635.30880 4429.54669 4449.17332 5995.84368
28 56.00 9825.54427 882.63311 6806.19427 7852.54497
29 58.00 9894.39008 7974.80975 2234.99678 7086.41196
30 60.00 7585.96125 4677.35890 9715.65873 4421.51918
31 62.00 2501.14123 7670.54296 6828.28718 877.63146
32 64.00 3890.54619 5494.92274 9789.05990 8488.68239
33 66.00 9679.79823 5704.40139 9115.63709 389.75885
34 68.00 7565.12643 8781.94536 6592.97555 9642.60624
35 70.00 1815.34068 7765.87644 2014.17538 7093.19908
36 72.00 5951.12695 3759.61006 77.62402 5140.17881
37 74.00 2722.94599 4326.22959 7483.33335 1299.04707
38 76.00 5075.87303 5777.67103 5162.15053 6174.27645
39 78.00 2272.81280 6868.59116 9206.81726 2807.63271
40 80.00 9025.03856 7404.73577 7477.01080 7305.22624
41 82.00 5722.44962 7551.01358 4791.64374 8838.56862
42 84.00 8456.40790 1266.45822 1051.32547 9063.63002
43 86.00 3283.59803 3939.47280 486.38619 7831.45762
44 88.00 8489.66392 2112.43671 6767.58964 7481.68279
45 90.00 8819.28172 6766.26126 8825.14811 1455.33804
46 92.00 3654.95121 6427.08435 9433.84853 8607.80281
47 94.00 5121.01802 5125.29527 1049.13388 7729.68104
48 96.00 2582.02670 2348.52068 5753.80388 3959.25721
49 98.00 2427.12729 7117.64268 8965.45064 85.52914
50 100.00 40.72834 2372.11924 5873.85515 6154.76531
51 102.00 9802.17931 8496.53220 9426.39230 6534.73279
52 104.00 2971.88906 2766.93019 4625.54803 9006.55058
53 106.00 6594.47590 8695.48304 3097.06861 1103.19330
54 108.00 9630.10758 4518.99479 5815.30399 8283.38952
55 110.00 7438.17340 1354.37722 6402.49519 9262.51906
56 112.00 2848.09244 2322.59581 7685.92242 8303.44598
57 114.00 9935.14430 1091.25172 3909.99198 9366.82759
58 116.00 7336.25868 2494.85652 5797.39076 9196.03188
59 118.00 2092.97969 6112.23903 3293.89825 6266.74657
60 120.00 7106.38448 5676.91779 541.90177 8123.74961
61 122.00 7040.42768 5723.01678 4291.93298 5062.81561
62 124.00 3142.25744 5073.83144 2229.68332 6719.31092
63 126.00 3298.65667 6659.93154 7973.68210 720.43362
64 128.00 4769.51342 3094.30033 8238.11264 9909.82535
65 130.00 6771.90498 4888.05710 9552.45127 2105.15909
66 132.00 9960.78696 6521.54741 978.61683 6867.08300
67 134.00 4659.70877 9573.01553 939.19433 9212.05868
68 136.00 6368.20971 1933.05182 6575.88937 6419.18627
69 138.00 26.14047 5078.61067 2179.12006 5838.68214
70 140.00 1486.12225 1973.71257 7115.99354 3215.46840
71 142.00 136.54040 9041.89983 4088.00226 5878.68598
72 144.00 3400.67559 9539.35307 3330.30661 7658.27537
73 146.00 7280.45413 2242.08318 7649.79303 9620.05296
74 148.00 9296.96641 6833.76691 3925.87955 1955.67438
75 150.00 4586.00754 3135.61974 6709.71757 3310.14557
76 152.00 1188.81138 6230.68940 1558.75171 5942.35530
77 154.00 536.30100 1396.54100 1279.58918 2678.38318
78 156.00 4872.98862 2920.19192 7922.10643 3297.39227
79 158.00 333.79827 2430.25651 3569.34900 3681.44448
80 160.00 6948.60700 9866.94544 419.01647 9819.57340
81 162.00 367.47851 4110.73268 4702.63505 736.42904
82 164.00 4180.96661 3091.68117 9370.17820 7929.66912
83 166.00 5636.00803 7993.20679 7991.95419 1111.57073
84 168.00 1601.17441 5510.12319 2492.81540 6626.71958
85 170.00 932.43792 6348.67639 4776.09088 7324.19049
86 172.00 7856.95531 8427.38885 3249.27733 4375.99463
87 174.00 4052.21150 9061.26731 1688.59943 1494.27160
88 176.00 9784.24538 6491.07413 6562.15248 6323.20419
89 178.00 3646.77745 2960.39613 4192.46335 6949.74678
90 180.00 2483.32379 43.70957 2566.69897 3697.16826
91 182.00 8112.78514 3401.09368 3329.67073 1260.69240
92 184.00 4078.89927 7056.92793 4287.03904 4997.22395
93 186.00 4872.88570 5389.33572 8020.10072 3116.13440
94 188.00 7935.85518 2320.86812 1368.98462 4099.42529
95 190.00 9861.63960 5765.58357 6006.06025 2628.52949
96 192.00 8234.80572 353.65649 5195.48589 6942.80920
97 194.00 8248.09829 4003.07391 3770.29663 6606.89451
98 196.00 8196.17129 1421.17001 9598.90853 8897.91980
99 198.00 5628.05854 1837.41703 6856.51915 1496.66667
