3
50.0
30.0
1000.0
1337.37
0.6
100
0 0.00 9479.97597 9043.23866 7030.90830 7655.74223
1 2.00 353.62075 9810.56043 9499.07783 5981.47629
2 4.00 6124.32651 805.93488 5514.25252 9466.00677
3 6.00 2705.08406 417.40977 356.00085 5076.04265
4 8.00 6503.36969 4315.15563 3034.18352 8498.33502
5 10.00 9714.65649 214.43262 553.56547 7736.13243
6 12.00 8113.63170 5341.85861 8602.94472 6819.41216
7 14.00 7379.23570 5524.95960 521.40418 7656.81515
8 16.00 6954.40532 4297.18649 4268.33582 1377.70430
9 18.00 4379.52855 8971.46729 9825.34557 3677.08671
10 20.00 1936.45629 4365.24830 579.22507 2320.33425
11 22.00 5886.17474 2271.25886 7474.75689 8883.35338
12 24.00 7931.80842 5680.48612 9909.38737 148.98560
13 26.00 7198.26849 8126.21892 766.11676 1267.15894
14 28.00 1805.93478 437.19428 3496.67464 6552.08952
15 30.00 2442.44345 2924.12722 6061.23845 4787.01365
16 32.00 1223.76357 768.03834 2501.98856 5436.46196
17 34.00 4949.29252 7352.18628 3569.58314 9151.00864
18 36.00 2202.87289 7131.33859 9414.26988 7802.08405
19 38.00 2926.83414 6536.43871 5268.44188 2675.35249
20 40.00 6977.71687 5034.45403 539.97534 9004.25378
21 42.00 7055.01675 6218.71781 2797.83846 2035.54935
22 44.00 1371.31489 9759.38406 2305.35927 7419.08659
23 46.00 2107.69632 3723.89985 8163.79709 1419.61232
24 48.00 9779.09701 6983.41939 6499.08086 4537.62985
25 50.00 1142.38635 4989.07490 337.56184 2779.67331
26 52.00 3841.76659 8271.78851 844.93295 2790.92482
27 54.00 6097.47726 4953.57499 8627.72810 3846.63250
28 56.00 444.15550 2057.30121 1844.26797 4310.84965
29 58.00 522.59651 3051.48073 5415.49167 3478.04538
30 60.00 259.92102 6087.39292 8931.69361 9226.98683
31 62.00 9074.49583 8102.43687 5909.58627 7572.52217
32 64.00 3409.44385 8292.39455 4340.76010 4275.49189
33 66.00 7292.26134 7354.14488 571.18593 1092.10205
34 68.00 3881.10563 7212.97025 6779.69525 8585.14093
35 70.00 9379.76074 4635.02537 5726.02553 5683.03054
36 72.00 5189.12861 1625.48870 3812.91035 7456.33870
37 74.00 9246.61139 1318.72713 151.83414 7995.88924
38 76.00 9509.67232 855.36867 2499.32615 5428.04556
39 78.00 3375.32353 3946.01204 6155.47249 3616.94867
40 80.00 6592.29944 7824.26288 8102.59497 6079.99176
41 82.00 1243.06413 5684.41076 3209.89391 2645.17545
42 84.00 1787.84396 4627.24269 4399.09279 4664.39501
43 86.00 9658.85493 4802.07910 8443.25331 2178.42500
44 88.00 585.84836 9388.34258 2764.45671 6103.28522
45 90.00 3140.26534 640.43488 1798.03910 7659.76830
46 92.00 2761.44343 8690.55372 1272.22480 6303.38178
47 94.00 1469.01785 6179.49304 495.79674 1144.46563
48 96.00 385.01778 6844.41384 8605.70278 5798.90715
49 98.00 419.55587 7173.57697 608.12868 7145.49564
50 100.00 2590.54750 2574.45075 6783.87820 8574.90307
51 102.00 3533.35042 7183.19297 6005.78839 3497.29651
52 104.00 774.79143 4438.12684 5110.35517 2369.78711
53 106.00 3257.89046 3713.59362 8226.92943 4159.69670
54 108.00 6418.87027 8758.53138 1430.79482 3265.40542
55 110.00 7881.64462 3349.85785 4081.37552 6519.78212
56 112.00 4706.85035 9735.01200 6219.16369 1603.12819
57 114.00 446.10577 9303.08514 9118.72660 255.35286
58 116.00 6090.38146 8080.34214 5107.96142 7808.73751
59 118.00 5081.82271 5814.86499 3440.52746 2148.68720
60 120.00 8307.26769 325.99529 7262.59762 3810.89663
61 122.00 9978.20852 784.44972 773.11441 9355.17870
62 124.00 2245.81007 5034.95887 5744.39247 5482.33030
63 126.00 4180.80118 7330.45661 8475.95080 5277.56399
64 128.00 514.31504 4723.29160 5244.48071 4410.17414
65 130.00 2691.82721 8360.08940 2930.65309 2440.28995
66 132.00 2430.73343 7676.43414 3619.64958 4558.21174
67 134.00 7481.88279 1154.16919 2410.46477 7327.98330
68 136.00 8802.26779 3618.81160 3519.84609 5056.43443
69 138.00 9146.35512 6533.29927 6052.18584 4489.68021
70 140.00 4188.50230 5693.42254 8267.83918 1252.81259
71 142.00 5376.15897 7764.48271 4076.17440 5847.55336
72 144.00 1381.40154 2602.78954 2868.85190 3138.44339
73 146.00 815.05957 4210.22590 9832.47751 5760.11751
74 148.00 6326.29766 7726.44976 8998.72468 8764.05697
75 150.00 155.12252 1207.88846 2633.76122 5545.78779
76 152.00 9301.25166 7428.53992 1263.97951 340.75669
77 154.00 4314.19864 6900.46565 9899.33484 1323.77755
78 156.00 8668.79989 9186.23003 9042.60393 3543.67771
79 158.00 4023.17507 5569.40781 7119.83512 1190.29644
80 160.00 8974.26321 8983.53892 5914.78002 6166.29594
81 162.00 9941.34104 452.37698 7387.48423 3549.57632
82 164.00 4488.95342 4088.74725 4497.53715 8348.04672
83 166.00 2892.91142 4771.06047 1346.05540 1834.50779
84 168.00 7659.55713 9163.41847 9366.21446 837.89491
85 170.00 8955.99172 5935.53287 3698.73909 6494.04760
86 172.00 3793.74581 4385.87041 5086.67191 5880.80878
87 174.00 9447.68099 968.98602 2973.48533 3411.17211
88 176.00 5641.31338 8973.01626 5798.28207 8440.65427
89 178.00 4266.89530 3228.00073 3185.78301 1784.15812
90 180.00 1431.96561 8139.87180 7346.25748 9892.05373
91 182.00 2106.80689 5191.34971 5751.37823 6154.77497
92 184.00 994.66535 2847.90957 1185.51078 2738.48500
93 186.00 4389.16744 8853.49163 2884.78821 9176.93066
94 188.00 9888.05574 7534.68805 9245.15853 6664.33612
95 190.00 1410.03125 2068.43112 8387.89996 7548.64739
96 192.00 273.50125 9025.41302 9598.56703 5398.29750
97 194.00 7989.92002 66.65107 8325.04495 257.77305
98 196.00 2031.40939 9418.05958 5711.65163 7320.89419
99 198.00 5208.93895 8310.37815 2949.41581 1096.14877
