3
50.0
30.0
1000.0
1584.85
0.6
100
0 0.00 9037.89607 4218.29327 3937.45100 7443.09776
1 2.00 3473.04453 7881.36351 8522.33033 5733.44923
2 4.00 5227.65391 9401.97001 8131.60671 6281.18349
3 6.00 7776.30772 6690.68366 256.40571 5669.29997
4 8.00 241.44423 9459.49758 988.04200 9206.69693
5 10.00 8018.95246 7290.57368 8494.30083 2535.14225
6 12.00 8183.68433 3440.49725 9735.79563 2487.01083
7 14.00 4460.06989 477.99113 4582.04573 9909.75690
8 16.00 2631.73698 7936.41025 2093.81018 7708.08904
9 18.00 5472.77716 3218.81151 4013.20873 3485.39142
10 20.00 8154.69453 8447.19846 8566.46360 3337.63267
11 22.00 6164.02727 7398.59326 8362.35650 2275.70924
12 24.00 8286.83110 1012.98168 7219.40667 6394.51738
13 26.00 3129.24345 4971.92693 1861.92146 3826.96384
14 28.00 2646.80392 7073.96086 3505.93905 8058.97500
15 30.00 8957.80231 7547.70846 9593.08335 3227.59777
16 32.00 1114.80603 5818.46836 9088.30326 7002.28301
17 34.00 5604.85291 7567.70578 5382.54359 3979.71232
18 36.00 6956.36087 1986.19612 905.42217 5979.69382
19 38.00 8769.33051 4046.37090 2633.70046 7158.88100
20 40.00 5328.27752 3967.56739 9212.58326 1036.26027
21 42.00 9560.74959 8145.73086 8874.51103 2939.12259
22 44.00 5701.06782 822.11601 9994.38891 4425.36055
23 46.00 407.72842 5479.87216 6675.21328 2737.88296
24 48.00 4944.92927 8332.47965 9832.62295 2453.51738
25 50.00 2258.32652 6478.95052 2159.68096 124.18354
26 52.00 2436.80201 207.73954 6122.20514 8379.30720
27 54.00 4145.25841 5512.26154 5680.85702 4123.23566
28 56.00 8479.04775 5808.95613 6272.55109 8886.04141
29 58.00 9791.31083 7467.92780 7067.45929 9819.16192
30 60.00 8034.26085 2635.57340 3702.28502 9000.52860
31 62.00 9369.22172 3201.54723 3570.74172 9580.91093
32 64.00 1344.92802 8599.44700 9862.55793 2468.95356
33 66.00 5382.75425 1287.64675 9810.11025 7842.18609
34 68.00 5074.53834 4757.37710 3134.84781 8072.53568
35 70.00 6040.91586 7201.06247 7175.64536 6449.65961
36 72.00 5540.72826 9850.77085 4652.86436 5742.59153
37 74.00 532.01455 6188.05941 4971.32946 4361.84250
38 76.00 9531.64011 1713.41181 5599.58730 5589.96041
39 78.00 575.45765 3476.03101 8675.77148 1478.80123
40 80.00 6820.07010 654.12759 7188.68794 5697.53626
41 82.00 9473.51127 7277.60501 7136.12188 4908.09816
42 84.00 7042.17820 9427.48153 9862.06594 2152.04140
43 86.00 4521.11723 5383.95701 6746.67621 3305.33245
44 88.00 5698.57365 8759.68698 9462.67787 1442.33069
45 90.00 5396.12613 6813.21730 3144.58593 67.75342
46 92.00 6095.94435 7121.13714 3583.49514 1196.83383
47 94.00 9773.53849 6138.50460 5297.71979 7303.80343
48 96.00 7325.56337 2487.99533 6015.25469 7588.21003
49 98.00 1793.40816 1812.38093 6494.07014 4949.75051
50 100.00 1195.00096 891.05726 9461.47139 5740.02890
51 102.00 9490.29890 3874.51141 4075.74187 6964.15055
52 104.00 1385.09503 3432.95337 958.63300 3551.56952
53 106.00 7072.62951 8790.64532 4996.81824 1845.66381
54 108.00 4014.27755 2266.40205 9856.36023 6330.07326
55 110.00 3397.20171 7518.15387 5238.67274 204.00762
56 112.00 6061.59427 9820.10123 591.46201 3731.46982
57 114.00 1685.13112 9635.99756 5291.20967 46.61026
58 116.00 3847.53520 276.53559 9051.45046 5633.64702
59 118.00 8593.58624 9557.11701 1884.82096 6208.72397
60 120.00 1817.86705 2183.73857 3452.47962 8720.97095
61 122.00 9126.14630 5997.18305 5739.85012 8914.36766
62 124.00 7063.67566 8796.71944 1774.92011 1488.49754
63 126.00 8189.95449 303.41667 387.74281 5375.89847
64 128.00 9580.31370 9407.04011 8072.04835 3116.65348
65 130.00 2914.30944 3490.54021 1804.16760 5184.88848
66 132.00 9002.30602 4976.51049 6035.03370 9973.41906
67 134.00 9199.99140 9378.18262 9286.06470 5479.80434
68 136.00 3888.45844 4479.35581 1163.81628 5544.61845
69 138.00 3383.43943 3656.93511 2394.51356 8175.85502
70 140.00 1883.40186 4042.84694 3583.21406 9166.10502
71 142.00 9211.24648 8109.07363 9096.68063 7076.37435
72 144.00 8390.62203 987.80370 5198.43803 6635.12600
73 146.00 3205.53064 5273.37488 5750.86793 5319.25682
74 148.00 3941.84915 5463.81121 2009.32088 3203.16420
75 150.00 4479.04570 1980.41516 9442.47280 4263.19200
76 152.00 4351.38824 823.88889 238.34150 1043.18502
77 154.00 5612.52992 6096.63236 3058.97582 9922.87359
78 156.00 7707.40772 7708.42736 6989.01654 5275.50130
79 158.00 416.32542 9467.79855 3071.19831 5874.69859
80 160.00 9002.76345 5427.87032 6409.32428 7392.57053
81 162.00 5342.92132 472.07549 3029.45922 1882.39011
82 164.00 9641.87112 524.35255 8253.94256 8737.05204
83 166.00 7385.40087 5239.84439 1782.90118 3708.23925
84 168.00 6991.83114 9106.62101 986.50735 9499.64301
85 170.00 8923.56077 7124.10579 729.63482 2036.08233
86 172.00 2067.36941 6404.21142 155.92710 9220.86339
87 174.00 2060.29839 6893.89520 9243.12236 47.38785
88 176.00 2403.87385 8136.37748 8313.04039 9844.01965
89 178.00 9870.85494 8265.72211 3717.83777 8377.87311
90 180.00 447.56786 1416.69419 2461.73163 6685.32806
91 182.00 8819.44790 4228.40600 5705.39733 8637.43379
92 184.00 6261.90411 2048.76281 8786.81046 7366.33568
93 186.00 2726.14937 6902.81257 4158.87369 4136.39854
94 188.00 2780.86683 9010.75804 8167.24641 4882.16491
95 190.00 6001.29627 6265.37097 3954.68474 6960.01766
96 192.00 4491.28204 6629.63030 2229.74591 6375.97055
97 194.00 1152.78402 9022.17141 4885.36805 1833.58562
98 196.00 3273.78565 9435.03125 2564.99163 6809.05601
99 198.00 9306.19319 3982.04537 5362.60085 2847.04826
