3
50.0
30.0
1000.0
1881.82
0.6
100
0 0.00 6896.37778 5538.72387 5679.51063 14.60519
1 2.00 1934.19138 1084.66236 3063.38055 7641.62216
2 4.00 2511.67712 8045.93193 5861.92356 6288.47043
3 6.00 6698.36282 9606.53988 5652.15674 3568.87505
4 8.00 3799.21514 6246.19225 8902.57070 3247.15056
5 10.00 8577.96441 3568.80653 7589.26528 5324.85987
6 12.00 4931.50549 4308.23192 5624.35277 6897.29296
7 14.00 1031.92416 8959.25307 2313.04433 8665.51556
8 16.00 2049.59351 4123.59875 9959.56054 726.03964
9 18.00 6809.60752 9759.27268 4412.81175 1357.21246
10 20.00 7380.24475 2184.70457 968.56185 2564.56539
11 22.00 9182.03455 4091.38181 9913.15583 6430.19226
12 24.00 8898.01565 8931.02737 934.82959 9235.67163
13 26.00 6117.74036 935.10157 2503.16678 5983.23468
14 28.00 7464.17736 9382.71714 2412.09999 4760.12466
15 30.00 2770.81501 1670.37730 7573.26400 7286.64592
16 32.00 9262.28217 4895.49449 9922.56956 7957.22286
17 34.00 8874.68273 1000.93544 5037.00454 2293.29228
18 36.00 5756.74797 0.92912 6963.79083 9346.54827
19 38.00 7533.27388 5562.86862 1642.94355 7389.00699
20 40.00 9807.04901 5717.04224 6672.98595 1925.44625
21 42.00 8223.14025 2342.19557 452.04168 1793.91564
22 44.00 8272.77461 1976.44667 2949.99968 612.75159
23 46.00 4494.67012 6186.46213 314.90901 7257.43844
24 48.00 7240.61893 3666.42413 7565.89389 7610.92605
25 50.00 8347.46396 4318.22525 6879.17129 8336.19668
26 52.00 1590.68871 3780.86142 1713.75151 351.29506
27 54.00 1750.95742 8429.07711 4203.56654 848.27310
28 56.00 1575.34325 732.13027 4150.52839 4346.18460
29 58.00 6996.87539 1661.89181 7136.97013 7137.22308
30 60.00 8838.28638 5308.65803 9009.13856 5916.82918
31 62.00 9618.91107 5856.20470 3300.49290 4530.55159
32 64.00 8287.75540 5942.69593 6605.16624 2155.87586
33 66.00 4490.58573 1721.35015 8366.90029 4450.75790
34 68.00 3157.30201 6062.81312 9262.13113 7983.02112
35 70.00 8356.23704 1962.69649 2955.34219 7725.58067
36 72.00 4648.68389 910.24748 5814.02519 7966.01800
37 74.00 1267.78945 537.92195 7370.03578 5335.42893
38 76.00 8571.75798 5600.64848 3946.07052 6496.55279
39 78.00 7124.48975 8167.04349 528.31698 1797.92594
40 80.00 8757.99084 7989.42895 2404.82911 507.58172
41 82.00 8583.03157 5436.70512 741.72931 5390.02885
42 84.00 835.67883 5250.75872 935.36528 2611.40193
43 86.00 5489.07430 8281.10108 440.18562 4905.08354
44 88.00 8379.01430 1397.12429 7900.28134 6987.75520
45 90.00 893.83092 1478.22221 4423.47646 4221.22409
46 92.00 6338.54475 801.56883 7601.39594 4608.99205
47 94.00 6813.38938 9927.51888 3376.81487 331.06124
48 96.00 115.29615 273.21806 6648.82136 242.07211
49 98.00 8095.97483 303.47407 3224.96609 7575.58523
50 100.00 8079.72138 5858.40539 826.32606 1904.22017
51 102.00 9530.88655 982.60600 7836.49682 5390.31339
52 104.00 3715.39496 7874.65786 7484.71744 6048.70774
53 106.00 7192.25408 9884.02906 3128.44026 6721.78560
54 108.00 7946.89565 5040.20092 2898.61796 2921.37930
55 110.00 1592.74452 5457.75233 1479.43613 6681.43567
56 112.00 5400.13354 2871.83803 5222.22161 7679.87103
57 114.00 1505.77248 8243.57024 2889.77195 6216.54963
58 116.00 424.59833 3794.45258 403.83164 4346.89920
59 118.00 262.51354 5992.11648 27.95589 2612.85297
60 120.00 2456.12840 3453.52163 3414.89144 3614.66741
61 122.00 5158.90705 5300.35221 4051.83348 5630.01507
62 124.00 2358.01774 1492.73059 2694.09280 2278.44752
63 126.00 3216.40420 6613.23905 3662.10642 8215.78213
64 128.00 7851.39908 3753.25529 418.73154 7142.88108
65 130.00 6250.16909 530.36723 2079.16515 4101.83464
66 132.00 8560.25618 5582.62374 6180.91102 7865.23223
67 134.00 169.94363 6243.98140 6362.44975 9385.97022
68 136.00 9246.42358 1847.66428 645.14518 2678.10686
69 138.00 469.86602 1224.10460 3916.76562 8348.98215
70 140.00 1242.64456 5557.93441 5292.89631 49.71730
71 142.00 6255.78409 2586.61627 8569.45758 1774.45073
72 144.00 9484.45219 4984.47224 9308.99786 5156.63350
73 146.00 3780.87921 7638.52821 5283.21301 641.65923
74 148.00 2677.99439 1548.60934 655.30555 6966.44540
75 150.00 6190.74685 2951.51112 1708.71135 5714.20428
76 152.00 6694.95178 7305.51774 4076.41212 1585.92865
77 154.00 2427.16222 4197.99713 7169.91120 3682.56515
78 156.00 7252.28547 5283.21046 2138.74318 3095.85035
79 158.00 7782.94841 821.68277 8734.44192 8220.36917
80 160.00 2916.25321 9822.08391 3898.80852 3546.76082
81 162.00 7502.92967 7576.58007 8662.73454 423.19195
82 164.00 4032.79184 2290.79058 6757.50907 3399.30717
83 166.00 6831.83396 2938.33101 9592.18427 9114.32950
84 168.00 232.64100 846.06860 3772.71133 4111.91626
85 170.00 2797.87644 2906.00766 5757.09410 8147.21931
86 172.00 5052.16337 9180.51437 7720.36897 7307.80073
87 174.00 3683.71794 5560.90323 5009.69831 1784.54629
88 176.00 9822.99941 3315.51229 9724.76118 4656.82697
89 178.00 8317.53363 615.30081 6882.57302 375.40982
90 180.00 6868.27456 575.23429 8529.65387 2388.17105
91 182.00 9164.85907 2089.37175 7650.46431 3550.63462
92 184.00 8285.25577 2577.17092 3150.73810 7088.78056
93 186.00 3947.20001 2218.78825 1414.16079 1021.75661
94 188.00 945.74889 5998.55188 5262.11414 7212.51725
95 190.00 7873.73082 5443.77916 6064.56496 1986.18883
96 192.00 5933.17703 6308.73596 1979.90153 2167.82258
97 194.00 4049.94507 3230.20168 2257.17604 8823.82776
98 196.00 8548.13531 7233.60815 9562.10592 9181.30396
99 198.00 6118.75167 5048.86445 7583.98354 3274.41066
