3
50.0
30.0
1000.0
3564.65
0.6
100
0 0.00 5642.33776 3745.24742 3371.58700 233.63779
1 2.00 1041.83431 7732.58929 371.26217 6433.14987
2 4.00 9160.07962 237.56988 7213.02115 9561.85723
3 6.00 6782.15236 1726.43453 558.16935 5840.18617
4 8.00 2087.85111 3093.38716 331.64601 4364.23649
5 10.00 4756.23301 1635.89782 1145.05212 1823.21524
6 12.00 738.85706 6490.53426 6858.67080 7549.09193
7 14.00 8178.97582 5881.66198 6351.93101 8390.79567
8 16.00 7406.32613 1575.51300 9198.64799 7831.96633
9 18.00 6094.00259 1124.74903 8501.00855 2243.31320
10 20.00 4803.83941 1596.15414 9196.44269 421.23727
11 22.00 556.53303 5592.25605 8844.60555 5109.07853
12 24.00 6523.67767 4444.71439 2797.28272 4540.29998
13 26.00 541.41054 2860.71916 5596.59796 4909.95554
14 28.00 5414.73713 8891.38404 7892.85967 8906.64120
15 30.00 9335.32336 621.39507 1935.15682 1587.79425
16 32.00 6602.33800 8305.94791 7472.90662 257.92107
17 34.00 791.50282 9968.28937 4213.88447 5769.21467
18 36.00 530.15917 2911.36267 4159.57270 4190.86236
19 38.00 5032.69431 3240.43968 7406.51644 2707.51733
20 40.00 4083.51876 8446.42509 4169.55969 6926.10397
21 42.00 194.52487 4265.86955 8303.14889 2652.69402
22 44.00 1556.31495 6276.27181 9168.15868 9993.23795
23 46.00 1768.84035 4610.31938 4530.48569 4657.76404
24 48.00 2506.08425 4948.18043 9061.40205 2608.71224
25 50.00 4415.18836 8104.63508 6990.74750 2725.84613
26 52.00 3180.80399 4681.02719 7754.36169 528.57749
27 54.00 4339.76331 1422.79200 6148.21684 5001.23163
28 56.00 4537.60273 9212.79722 5457.55880 1550.63207
29 58.00 5224.52675 7955.65423 1363.30854 7966.48912
30 60.00 1466.27627 4010.53709 7195.53069 7074.43764
31 62.00 7558.89448 2571.57505 4375.46842 13.09807
32 64.00 1958.75137 4926.91599 6454.73775 9415.06121
33 66.00 332.75391 3871.92560 7172.35337 5427.48746
34 68.00 105.74466 2012.64769 6899.73703 9636.95129
35 70.00 4014.19300 3056.14382 4719.50046 8699.45150
36 72.00 8381.13706 6359.77418 1443.45235 5826.33306
37 74.00 1909.08163 1232.10683 1742.00183 7617.52017
38 76.00 2625.08594 5566.44393 3609.63719 9829.81610
39 78.00 6722.51334 2700.56956 8384.54913 7918.03256
40 80.00 847.40822 6039.30265 9771.04117 5563.66896
41 82.00 2616.91239 197.20543 4399.92078 9309.62002
42 84.00 1184.99871 11.74679 5144.36430 7239.30677
43 86.00 4003.86173 8722.22602 1027.71725 1705.50034
44 88.00 4795.38422 6488.64240 7245.31144 548.14089
45 90.00 8270.10224 582.15158 2260.88861 4246.48821
46 92.00 5479.71834 3729.90092 4426.34580 3793.07102
47 94.00 6993.87924 6481.16707 2936.70844 832.37497
48 96.00 537.08571 9744.45560 915.90762 9263.72907
49 98.00 5706.49914 5.03779 6762.85583 509.96280
50 100.00 1061.35253 5552.67354 3621.20658 7265.12761
51 102.00 118.20647 480.65239 3480.15582 2890.59882
52 104.00 4735.55357 6860.77563 9302.90219 2296.43529
53 106.00 6826.77728 1756.25183 819.08390 9897.57245
54 108.00 1721.48612 9012.20187 4706.67961 9044.67148
55 110.00 7905.55862 4733.71016 6484.22230 6744.38899
56 112.00 6539.52805 8600.95575 3337.62725 2300.68161
57 114.00 5991.46101 3212.91108 8670.68125 9877.64094
58 116.00 7481.66094 2544.04924 7600.83975 3465.48633
59 118.00 3835.77851 6782.01323 6155.30094 7419.95851
60 120.00 6689.49058 1657.63498 2812.80652 4044.63539
61 122.00 1130.05797 7785.60309 2111.89169 2917.20726
62 124.00 9411.57772 7869.04653 8507.87426 929.15661
63 126.00 8980.71319 1876.54199 4585.85955 7809.76690
64 128.00 6126.09854 2297.69460 4441.38555 4237.48700
65 130.00 7515.94226 7415.58601 7714.46383 6867.27037
66 132.00 4472.88672 5335.73204 7435.42326 9005.09599
67 134.00 7671.22484 47.98493 5301.94516 3435.05044
68 136.00 7668.21773 8083.34498 4578.05084 5987.11682
69 138.00 464.26474 3631.70091 2982.74663 7235.87345
70 140.00 5162.11156 788.40787 2728.70158 6122.74468
71 142.00 5155.08056 2114.38886 8194.87324 3374.09195
72 144.00 4007.67752 2832.41464 451.32761 3554.84757
73 146.00 2554.91795 3307.01016 5649.37425 5775.58812
74 148.00 4367.29693 1826.57348 3738.85369 2434.86519
75 150.00 1453.57132 4413.71923 5911.62451 971.71209
76 152.00 1165.59998 6914.74445 567.53747 7011.34544
77 154.00 3719.44806 6929.81518 708.20316 5342.32127
78 156.00 4103.58471 4242.90887 5116.78596 5539.03011
79 158.00 9954.65649 3215.07034 2223.72501 1659.44838
80 160.00 2427.62866 8267.52794 4120.49883 5000.80099
81 162.00 2096.44668 8187.34256 4539.59783 6944.46670
82 164.00 6508.34391 6931.79972 8514.21412 83.14124
83 166.00 7593.59576 8847.49742 1477.96710 8584.26067
84 168.00 2646.97225 3461.65386 9678.05639 4953.40084
85 170.00 9324.27489 86.51900 8515.62197 2965.06707
86 172.00 8262.34364 8226.35960 5170.41652 8843.70766
87 174.00 4842.69678 7916.84855 8644.63114 7182.61641
88 176.00 1409.06319 642.37720 7586.96167 2819.15765
89 178.00 9717.42806 2553.84792 7288.43917 2800.40856
90 180.00 3050.47098 49.19866 1745.04925 2479.06610
91 182.00 4556.67212 1036.93653 7210.58194 9188.50908
92 184.00 6821.92925 9866.66648 8795.79016 806.04063
93 186.00 4297.80074 4580.11204 4990.36493 5353.35347
94 188.00 8086.72177 3441.37108 1440.56846 8321.79754
95 190.00 1809.29195 4460.14232 9427.39560 4278.57500
96 192.00 9194.82883 5184.69987 6186.59336 5896.80284
97 194.00 5417.58176 4610.24180 4706.37130 2931.94058
98 196.00 3293.89420 2579.82432 4519.19084 2949.10982
99 198.00 692.71209 2776.34919 1155.46673 6103.76663
