3
50.0
30.0
1000.0
3218.18
0.6
100
0 0.00 8411.84096 9780.74914 8469.91673 8404.16488
1 2.00 7355.05528 1016.04850 633.14218 3143.94803
2 4.00 4721.81901 1931.91955 906.77909 871.56030
3 6.00 7237.29077 881.21073 2494.58582 3323.40150
4 8.00 6411.13321 3624.43210 8489.74884 9522.69905
5 10.00 3207.27775 389.91445 588.86057 3073.11835
6 12.00 102.62739 4409.51076 879.50898 7122.10038
7 14.00 8937.03334 6166.38906 8879.99376 4072.67096
8 16.00 6139.11379 3030.79170 7680.53892 3197.66674
9 18.00 4067.77231 8394.10206 4321.58912 7493.12370
10 20.00 3054.26779 9879.53327 3035.75830 7830.85455
11 22.00 7419.82475 1837.62063 5910.12195 1413.59071
12 24.00 9387.59562 8576.86996 5979.51124 3412.43201
13 26.00 550.76394 3067.86028 820.34088 6181.23650
14 28.00 7337.42571 1029.78788 4193.51011 1046.41549
15 30.00 6947.74626 3824.45268 6407.16503 6900.21721
16 32.00 932.83445 588.73429 7537.55397 8402.02211
17 34.00 7023.20060 5264.36296 1324.14744 6641.53801
18 36.00 1339.97618 7400.53416 4044.97844 1413.95356
19 38.00 8242.26838 9250.55222 1519.44963 837.18677
20 40.00 8105.52213 3558.39647 6380.36597 1704.99218
21 42.00 7821.63936 8356.58123 5684.80751 3814.58535
22 44.00 1460.10600 5290.78135 6314.27193 4965.69347
23 46.00 7996.30954 7084.16418 7457.55315 111.22430
24 48.00 5687.03065 1391.52308 7996.52969 6333.52406
25 50.00 9369.82557 6335.50922 4922.76617 7600.63366
26 52.00 5512.68217 4558.65063 7034.59190 1579.00647
27 54.00 305.05538 9601.63106 6610.08168 9128.68998
28 56.00 2673.31366 3396.00314 4933.45773 1288.17881
29 58.00 8050.61468 5565.01101 9392.75608 1447.48052
30 60.00 3496.48156 2952.41582 1862.66325 7172.18405
31 62.00 446.95909 6768.91416 5117.19651 9255.05443
32 64.00 6425.19348 7064.97043 1474.19854 6317.52215
33 66.00 5160.08440 159.35598 3801.03343 2880.36127
34 68.00 286.79916 7912.94917 8317.53531 2621.47404
35 70.00 4185.09035 3586.12171 3004.35907 4771.06089
36 72.00 4511.55185 8046.43627 6925.90050 6069.87178
37 74.00 3410.65385 7180.17106 232.93780 8706.24662
38 76.00 6345.64322 9720.52356 5844.23650 3304.82017
39 78.00 3921.42571 6878.10699 2042.37715 937.68357
40 80.00 3889.28759 6270.04987 3544.19138 8052.59139
41 82.00 2205.57582 5588.64001 5308.43128 9267.46067
42 84.00 4427.97510 8800.73468 3475.94726 6972.56960
43 86.00 9113.22601 6133.42424 8295.87923 740.68891
44 88.00 3893.52826 9589.81589 4166.90466 1279.76946
45 90.00 9274.78300 8433.45892 230.30101 881.84230
46 92.00 976.86915 7269.15999 1935.29670 3821.90563
47 94.00 9221.04912 4819.94404 5891.21709 6654.09146
48 96.00 4472.16517 8822.07089 7536.65340 6153.98683
49 98.00 2143.19054 166.76323 3292.70975 7599.27986
50 100.00 7302.76281 8568.37891 5210.55397 7976.38923
51 102.00 7652.96633 7298.52656 5601.19489 9507.38420
52 104.00 5695.37813 3080.39710 5891.21332 7534.85606
53 106.00 2596.15484 8088.79082 7310.76993 9570.33175
54 108.00 2333.58438 4404.99761 5607.94251 5885.23957
55 110.00 8827.04966 9573.12768 4088.39386 2150.52863
56 112.00 562.95453 5643.99431 7287.12851 1260.94577
57 114.00 7301.53720 4934.24393 8078.28393 2558.47505
58 116.00 5105.32899 5170.67868 8146.92494 5287.20533
59 118.00 7702.22719 8347.13152 3317.28670 6887.66559
60 120.00 1492.49722 8909.18904 3675.59960 6635.32808
61 122.00 6624.27772 6635.49700 8726.37606 1588.50279
62 124.00 9062.33215 7169.04145 9010.70148 7601.36558
63 126.00 1107.83059 2183.33789 2454.69342 2096.68577
64 128.00 4367.89594 5099.53242 3428.48051 5351.77832
65 130.00 2980.26053 9421.21728 4224.05306 9066.47916
66 132.00 6391.38605 5023.81824 6108.11844 3992.23665
67 134.00 3239.47771 5516.64063 4796.30001 2688.00823
68 136.00 2807.26422 3254.53787 5748.41466 3347.22952
69 138.00 793.49415 3574.14213 2006.66108 9376.28280
70 140.00 3223.77219 3446.12924 7872.91607 3297.53031
71 142.00 6285.08234 9237.65775 7000.20221 4885.44712
72 144.00 5374.49045 4573.54001 2764.34102 9669.67983
73 146.00 643.70012 6361.13512 9707.32477 3857.71712
74 148.00 8873.22582 9285.44657 4285.42357 3232.30540
75 150.00 1203.00336 7481.91898 1178.16298 6170.95997
76 152.00 4930.19770 2571.71887 2240.19746 6131.28546
77 154.00 3555.92711 3182.93550 7675.03138 7786.49730
78 156.00 4358.30290 8867.20584 6113.77339 4405.99714
79 158.00 5988.51758 2375.82847 7226.25703 9135.14955
80 160.00 498.20375 9554.13358 3509.62413 5043.16813
81 162.00 1836.85467 8350.70238 3960.02582 1916.71258
82 164.00 376.39149 7586.00933 3272.81017 4753.99983
83 166.00 6393.01406 1725.51952 2807.81859 1262.52700
84 168.00 2807.64347 5414.50179 7451.07548 3053.09652
85 170.00 6628.18511 1673.92988 3815.70402 5532.97215
86 172.00 5677.25618 5199.00015 2540.39768 6549.06829
87 174.00 493.14707 828.12665 6337.68371 5061.50782
88 176.00 335.86065 81.06662 2039.81274 9099.89337
89 178.00 5535.48776 719.89468 8543.32248 8704.67001
90 180.00 4386.33574 2420.10820 7945.60521 5269.83562
91 182.00 4002.45130 7468.70819 1043.26873 3459.20558
92 184.00 2612.14690 4168.28870 157.72517 2450.48401
93 186.00 1542.41062 3929.50937 6150.54256 4374.18435
94 188.00 8557.92062 9313.94985 8246.95408 4029.00589
95 190.00 7005.15145 4957.72609 480.77819 3327.57948
96 192.00 2062.10139 9251.78816 8525.66025 2989.12530
97 194.00 5733.85582 1070.85530 6908.73944 7105.97348
98 196.00 8210.11655 3490.24165 4444.47486 6265.37375
99 198.00 6828.00369 8030.19565 3644.30761 425.73744
