3
50.0
30.0
1000.0
3267.68
0.6
100
0 0.00 9811.15178 8794.78931 9492.51572 9698.49976
1 2.00 7226.54863 8497.91495 6490.07967 6563.59287
2 4.00 5570.82804 8608.95366 6735.77618 4539.88741
3 6.00 8747.51861 5490.22541 893.40813 1587.14871
4 8.00 1823.93003 2598.21610 9423.93039 3707.80508
5 10.00 4776.92512 5119.98499 2885.71363 3954.24001
6 12.00 4458.11030 6095.10308 8321.95528 8311.89517
7 14.00 8301.36004 821.86078 7812.76605 5625.76545
8 16.00 5695.17992 1000.54909 5048.72434 4560.84829
9 18.00 3746.44297 685.21680 5725.86623 6879.92389
10 20.00 2989.35332 7934.65445 6040.15319 1652.11360
11 22.00 2060.08663 1003.10254 9176.52862 6199.12509
12 24.00 1778.43016 7593.35463 7599.53955 5173.49249
13 26.00 6440.92786 6629.63588 4758.68734 4399.74796
14 28.00 4343.73068 3792.35348 3192.39285 8978.90449
15 30.00 4814.08797 3616.44747 3029.92379 6127.57059
16 32.00 6486.42173 7083.63177 6386.47041 3059.17607
17 34.00 9839.90511 4319.09379 4707.50620 4926.29194
18 36.00 3362.85620 4105.27228 5636.77297 9507.49436
19 38.00 7259.23985 8300.68429 2656.31488 6124.91532
20 40.00 8975.94810 4868.76886 9466.08968 6939.33593
21 42.00 2984.58165 1125.53301 2105.09057 5937.42359
22 44.00 4666.21206 9941.09348 6639.90163 1097.89834
23 46.00 9497.46634 6434.49003 4623.43659 8588.08251
24 48.00 7664.99752 6145.61557 2628.30639 6632.12322
25 50.00 8186.47198 6592.63203 6942.34390 4837.56603
26 52.00 1729.48780 9425.84279 4682.98420 5004.81519
27 54.00 4012.90866 1038.62392 3426.08797 6481.57790
28 56.00 7312.28856 4877.97993 952.30679 5339.67237
29 58.00 8755.36216 3740.92560 2139.96676 6651.91332
30 60.00 1516.48650 8607.03417 5364.06676 9667.38190
31 62.00 3495.18110 176.52950 7752.46990 7498.76697
32 64.00 7857.56357 8366.75363 4859.84413 5978.04653
33 66.00 8328.64370 3621.25374 5015.85112 6536.21110
34 68.00 4024.51948 1553.83950 8979.26233 5309.03047
35 70.00 9090.83331 6280.69838 1175.57792 1934.16725
36 72.00 1676.44272 2134.04952 7360.62040 7870.98691
37 74.00 6380.83639 4440.39591 3005.83013 4650.14019
38 76.00 2516.22672 8068.63774 9970.91301 4445.88331
39 78.00 7163.17282 2544.85426 9790.72530 6694.40967
40 80.00 4891.39786 8093.57493 8205.15072 2455.56898
41 82.00 2908.46192 5559.71007 7136.44432 5719.05630
42 84.00 9946.93995 5182.01543 2167.52101 9388.30080
43 86.00 3728.63305 7665.83222 370.79611 4614.79485
44 88.00 1909.63504 8246.45634 1007.72947 778.33082
45 90.00 3479.34608 6778.04508 6590.53488 393.13672
46 92.00 1048.60160 7497.04667 9401.17213 4600.11919
47 94.00 7905.77625 2697.10322 334.43566 5429.96030
48 96.00 7007.29106 1780.97978 5290.02073 3138.16053
49 98.00 978.66791 9038.65395 1560.95789 7492.61117
50 100.00 3651.65245 8104.22292 2363.50720 5496.77251
51 102.00 7914.61154 5853.77167 4451.69623 6768.55916
52 104.00 3529.40589 1979.41808 4284.36283 9998.57182
53 106.00 3680.14424 6738.06733 3560.45840 5271.88164
54 108.00 4075.19229 4890.49763 4544.54572 1328.39415
55 110.00 5383.30877 2700.90630 853.74750 2136.31192
56 112.00 8008.45454 8202.72834 7532.81565 6120.91757
57 114.00 744.10657 1895.61524 6036.01020 9107.75571
58 116.00 3098.87470 4924.98902 3097.56003 6144.86502
59 118.00 4322.13265 8510.65834 9228.84079 3136.48235
60 120.00 7122.67479 7271.79971 4140.46373 7686.25519
61 122.00 8844.38932 9506.94052 2680.30126 9632.65509
62 124.00 1960.17211 7676.43920 9733.92158 6675.60570
63 126.00 6641.93094 9141.72981 6735.44412 2283.27310
64 128.00 3642.05284 6288.90324 8434.80903 5607.19839
65 130.00 1533.67641 8243.62070 5136.66162 9743.09428
66 132.00 3427.05132 9485.83543 6693.88454 2372.84585
67 134.00 7294.59759 8097.78121 9459.75760 7075.41993
68 136.00 7999.19300 1414.90459 5065.79890 7635.87322
69 138.00 3903.40220 9389.74333 1036.86229 8102.47869
70 140.00 6722.19143 9569.14069 7967.63895 1662.46996
71 142.00 2638.54091 6576.74820 3222.71331 1590.66698
72 144.00 3776.10788 9232.72901 5855.80867 7897.18104
73 146.00 5465.54227 8060.28753 1467.46724 3331.46697
74 148.00 6186.96279 3061.33966 9767.45708 7587.79089
75 150.00 4515.04945 2641.05936 6291.15494 3775.42391
76 152.00 3723.01532 2147.70140 3747.84683 8189.72054
77 154.00 2801.64035 9245.34329 1093.75436 975.55740
78 156.00 7724.65398 5323.23477 8500.01698 9050.85181
79 158.00 3426.08862 2138.29170 9213.66389 1875.80239
80 160.00 9663.71119 6871.49445 1443.84481 2060.77535
81 162.00 8255.29476 6434.68242 1002.67289 5931.12016
82 164.00 4445.59163 9512.19676 4288.39486 3009.08236
83 166.00 997.16995 7785.94329 2794.58328 4966.55084
84 168.00 802.71186 3820.01845 1345.79093 279.01291
85 170.00 745.00809 6618.75848 2438.30109 2429.34065
86 172.00 2669.62968 596.65024 974.45928 1845.84092
87 174.00 1689.83963 2070.58824 3891.67376 1955.95071
88 176.00 5081.58211 8784.49714 3948.92685 2910.79875
89 178.00 9079.37642 462.09877 5730.09953 9913.84576
90 180.00 6614.00249 4831.68479 1084.07378 5434.63083
91 182.00 7754.79611 3772.16444 7404.62606 3731.76537
92 184.00 4831.82851 6542.05691 6890.42880 656.80442
93 186.00 4160.35981 9584.61129 4989.87653 417.96642
94 188.00 5456.00150 8455.55466 3947.51866 493.25739
95 190.00 2998.04360 5010.03872 8139.22410 2223.70342
96 192.00 2261.88212 8271.10176 1618.35278 8449.50633
97 194.00 6543.41328 7958.45273 2567.02606 4293.99725
98 196.00 2985.10612 5888.22332 833.14548 370.04972
99 198.00 7179.24043 6846.86309 2306.90990 6817.30770
