3
50.0
30.0
1000.0
941.41
0.6
100
0 0.00 8928.77196 4171.37458 4733.37972 4947.88800
1 2.00 9389.64476 3467.64113 6975.14440 208.06925
2 4.00 2880.10781 1922.01298 3438.47390 2321.03113
3 6.00 2197.02345 9090.70154 3391.52999 6021.00133
4 8.00 8424.67135 6569.58136 1311.58567 2933.94042
5 10.00 7113.85186 9598.03368 8330.80746 6731.07294
6 12.00 7345.84632 7959.72664 7997.55059 8445.31284
7 14.00 6218.42378 2824.57215 7492.54302 6670.56452
8 16.00 1290.96554 1994.84223 6057.49007 1009.03726
9 18.00 4159.84362 9937.67235 3036.51893 2094.32941
10 20.00 470.49336 181.30596 8809.06107 3570.43875
11 22.00 1586.05465 8279.48688 8944.57471 319.70008
12 24.00 636.65586 4306.20463 6175.62922 1206.88033
13 26.00 2240.95639 2578.22141 3403.24214 3552.40977
14 28.00 466.76358 8777.13647 2674.91236 1511.78374
15 30.00 6901.35582 5153.87443 6694.85890 7064.04917
16 32.00 9266.32098 4378.26706 4571.35640 8415.96974
17 34.00 1109.30845 1058.91859 6105.72544 7821.56258
18 36.00 9473.83494 8236.10228 419.69437 1054.11084
19 38.00 6299.26116 8708.69474 9109.85771 1570.32547
20 40.00 2921.22988 4415.17910 5058.96617 7325.51894
21 42.00 992.94239 6470.92971 3346.07525 1377.72464
22 44.00 8485.95092 4391.08461 4157.49839 7690.33164
23 46.00 2453.16065 8091.45216 3413.20070 5050.22728
24 48.00 852.33862 3724.36357 7548.45213 3606.43406
25 50.00 6649.95255 1516.11215 7535.07171 4217.22209
26 52.00 2281.82004 8017.68679 4134.09419 4093.09319
27 54.00 4587.53064 8523.90479 7946.07346 3617.74370
28 56.00 297.62927 1455.84306 99.48713 8062.46866
29 58.00 9436.42840 847.78215 3148.04572 9819.44924
30 60.00 1643.24682 614.68328 7591.92385 6601.76172
31 62.00 6414.65754 9025.11132 578.09830 6316.07562
32 64.00 7133.69517 6603.61632 5197.78363 2957.24425
33 66.00 4020.02818 6808.70657 5536.10428 3043.23023
34 68.00 7426.97502 9092.30853 79.02234 2797.80745
35 70.00 5277.91736 9204.50592 7002.95064 4461.89051
36 72.00 2051.33571 5444.25291 7883.41579 6520.37087
37 74.00 6974.70966 8876.74897 7815.63093 4045.05706
38 76.00 1972.95754 3015.31412 369.70172 3344.92925
39 78.00 7250.98682 7400.52222 1260.05646 9919.23970
40 80.00 2839.27859 928.19568 5517.85851 5213.35865
41 82.00 7570.46324 1600.27340 278.91225 7965.98699
42 84.00 5925.03602 2413.39779 7741.57787 7265.09246
43 86.00 9869.54700 1104.41906 599.45739 3729.78868
44 88.00 6269.89532 3544.73346 477.32873 6509.62419
45 90.00 1247.49805 2979.61113 7368.58696 4531.47161
46 92.00 9829.50563 8053.87562 9890.00079 5655.97227
47 94.00 8943.38898 6277.44352 5332.88657 5955.48915
48 96.00 3503.37135 2845.35495 7847.89263 7148.54468
49 98.00 6724.33802 7143.50979 5196.66647 2476.33331
50 100.00 3278.46963 5823.69046 8228.42723 3612.67533
51 102.00 979.87832 7116.40421 8284.37629 819.47163
52 104.00 621.93673 8885.09297 4762.53072 4461.64087
53 106.00 3692.94216 5262.55603 5882.39458 5189.44999
54 108.00 3947.82475 2636.93710 4988.27306 4234.22195
55 110.00 4400.79955 9310.35608 4895.41067 9732.72483
56 112.00 8238.11830 1443.46181 1271.23978 7111.50568
57 114.00 1293.85188 7045.24685 8632.71658 1180.58158
58 116.00 2126.42539 4733.55562 7464.96306 9440.69561
59 118.00 3693.32060 9518.21753 6016.00214 4086.19859
60 120.00 1208.66428 5717.64754 402.82142 1533.04511
61 122.00 3714.67354 9910.20101 3032.60083 4859.25541
62 124.00 7912.03701 1421.39806 5896.24244 486.51047
63 126.00 8942.52928 8890.57206 2155.81456 8191.25069
64 128.00 4887.93656 1223.27906 3486.48944 8704.26536
65 130.00 4175.75154 5730.59092 5657.63976 9002.87288
66 132.00 7813.49349 4752.27548 7200.33495 6057.09710
67 134.00 7619.51231 5047.63861 4609.36165 4499.29391
68 136.00 4490.74739 8663.45553 3252.16287 7998.11621
69 138.00 6645.02312 4096.28327 2328.22283 3953.97129
70 140.00 5409.94451 9580.79492 8900.43165 7359.12794
71 142.00 6459.16530 8659.53573 7072.08626 5719.94794
72 144.00 7961.58781 7073.98849 5610.44355 1237.81611
73 146.00 5593.52823 1924.26733 6187.04055 5768.55583
74 148.00 528.74386 5702.44383 1893.95873 4758.35692
75 150.00 8968.64280 1202.83176 9361.81810 1797.43401
76 152.00 189.73584 7867.57046 2452.86694 7056.17702
77 154.00 8876.55829 4442.29469 8069.21024 6068.54821
78 156.00 4017.97865 449.83644 8619.74336 232.63248
79 158.00 4370.17420 4149.36423 8596.48410 3173.82435
80 160.00 2571.77793 1146.44624 993.33633 1681.55993
81 162.00 1440.34253 2555.54525 896.28563 3067.94218
82 164.00 4072.76434 1691.91048 6144.75429 3252.90696
83 166.00 271.71192 585.01782 3899.39711 3200.41464
84 168.00 4128.22812 3242.17791 3755.13158 8277.41399
85 170.00 1209.66264 2025.59458 7521.33739 5860.29077
86 172.00 4929.79441 7523.89979 3850.48680 1150.81372
87 174.00 606.31978 4648.23533 4070.76464 4841.71510
88 176.00 4074.93790 2337.40456 8861.55896 2691.59738
89 178.00 9634.74688 6750.97429 2463.16096 5547.07450
90 180.00 7852.14187 3046.12842 4067.45921 839.08356
91 182.00 6357.98994 2034.56907 9679.11513 3733.05220
92 184.00 9853.08715 7820.23663 5375.35630 4237.52457
93 186.00 9114.92732 4517.42001 10.01059 4646.52054
94 188.00 8293.71785 2892.49455 9720.81804 5.42932
95 190.00 9335.06816 4821.86260 5978.67752 8394.87722
96 192.00 3801.53514 3514.17920 6322.06941 5851.59166
97 194.00 5103.28422 454.84730 7391.82946 5630.81578
98 196.00 3006.38349 3953.04901 1229.76965 1396.50268
99 198.00 5564.79082 2794.58298 4319.62432 6104.45309
