3
50.0
30.0
1000.0
2723.23
0.6
100
0 0.00 1630.09374 3993.40698 1864.70722 1193.04874
1 2.00 5939.99599 4032.77882 2952.68618 4548.21838
2 4.00 6837.44175 9877.88514 1467.40057 3135.39447
3 6.00 6006.19695 4703.83739 70.10426 4774.07053
4 8.00 2726.36819 7111.68135 2962.65881 7264.09500
5 10.00 9585.79978 567.05153 5318.22582 8917.12492
6 12.00 7725.75581 9185.33874 8954.00004 799.28260
7 14.00 7507.15025 2892.75455 7458.97845 8228.74268
8 16.00 5722.94938 7291.94665 5765.79089 4212.24548
9 18.00 7926.72168 8039.06496 9978.02171 1322.70521
10 20.00 4074.45179 2481.97178 7031.23009 5762.18019
11 22.00 9228.49089 3633.02084 9762.23037 1378.67896
12 24.00 3843.67303 7398.63131 3012.06865 1297.39876
13 26.00 4861.61812 5555.24013 4484.24354 2160.81827
14 28.00 3882.61613 4012.84770 3306.44100 8126.00881
15 30.00 3933.70727 415.29956 3958.09742 4339.72715
16 32.00 83.63682 440.16794 7309.34035 8870.99427
17 34.00 877.30025 6332.87381 2659.81889 80.14289
18 36.00 5450.18662 1206.83029 8595.81107 5866.41662
19 38.00 5923.65191 9884.36618 587.02259 7407.79931
20 40.00 6390.94539 1431.62395 1352.55613 6083.10046
21 42.00 3389.66416 6885.59563 7673.92583 4600.68038
22 44.00 3710.27437 4674.90902 5974.55810 2312.65216
23 46.00 1121.13905 6492.67262 1866.72933 3924.23153
24 48.00 495.38990 7166.07828 4303.82997 1330.47945
25 50.00 9670.08080 3488.16878 8147.27559 4929.96685
26 52.00 2952.75760 3216.80727 8113.20255 9814.82443
27 54.00 5905.35849 1370.62200 3190.22769 7471.66615
28 56.00 9626.44306 2815.15887 2853.13293 3293.77668
29 58.00 5137.94713 1243.55723 162.89984 5610.59804
30 60.00 7183.66262 5952.42965 3478.60773 3503.90982
31 62.00 2113.61373 8863.15024 8452.68244 7620.89061
32 64.00 3981.36914 4061.44434 8669.55825 5971.17966
33 66.00 6858.28748 1494.08058 4933.23450 4950.41564
34 68.00 3148.97326 4074.01222 120.71611 9695.07469
35 70.00 4083.88802 8108.60071 8403.56455 3095.96923
36 72.00 4230.57191 4476.44949 2963.32690 8636.92743
37 74.00 1542.63368 4215.99372 9215.05573 160.35431
38 76.00 1967.40332 7997.76994 628.87828 5039.67876
39 78.00 271.73140 3744.58827 1990.47779 43.68030
40 80.00 4412.19078 6793.90741 6348.08384 901.66132
41 82.00 4970.50425 938.89410 4232.46742 3468.61001
42 84.00 4400.37709 618.38376 1289.48548 2556.60059
43 86.00 750.53313 2452.94955 3263.97257 4423.37636
44 88.00 2653.48286 7096.55191 9686.29168 7319.22923
45 90.00 3653.66863 970.73821 8116.50487 6943.96607
46 92.00 9875.13974 4675.38249 544.14237 7226.81928
47 94.00 1231.08242 9335.75829 799.51918 6429.85783
48 96.00 5247.12843 5755.78783 3978.59629 9644.23826
49 98.00 9367.29411 8476.12401 4046.15734 2148.08080
50 100.00 3300.97723 8851.74707 5537.28977 1948.08289
51 102.00 3222.69140 6072.73217 2638.43154 6705.52645
52 104.00 4600.06069 5469.38620 69.15572 6866.64779
53 106.00 491.76028 1857.35419 2428.87385 7460.92034
54 108.00 4782.68697 4740.47801 7310.36567 5420.60884
55 110.00 2443.60654 59.79171 6423.89037 5636.61949
56 112.00 1639.42404 6034.69993 4324.86650 2418.95506
57 114.00 1896.53723 8173.79714 6902.03232 6037.04391
58 116.00 4790.57984 7861.33980 1332.61421 5655.22410
59 118.00 8606.10980 2890.95821 399.18126 8685.77179
60 120.00 9215.59379 3221.60015 7630.86566 8154.77151
61 122.00 9347.71320 8957.69521 4601.89330 6173.11514
62 124.00 5937.39321 1868.31662 1653.37901 4733.97761
63 126.00 2367.57089 9330.52046 1594.53654 7209.30051
64 128.00 8674.66191 6517.05564 467.34096 2382.98473
65 130.00 1823.60888 5752.31650 2513.62187 9915.75308
66 132.00 652.58663 6168.47338 2279.53194 7983.76249
67 134.00 5162.65692 2933.35081 2124.17818 2969.22434
68 136.00 6598.42909 6046.49958 5252.71238 8894.57990
69 138.00 90.92791 6726.67850 3313.99425 3210.82122
70 140.00 841.03706 8427.41126 6900.43556 1268.37730
71 142.00 3890.04022 9148.38746 4425.65570 4364.17509
72 144.00 6897.26186 6223.35733 2017.39509 9593.98301
73 146.00 1243.17102 37.80177 8323.38276 7886.02421
74 148.00 9846.81325 2134.44089 1547.25464 7734.56818
75 150.00 4324.95967 6254.16813 7790.82620 9136.10959
76 152.00 4927.63135 4674.39417 2183.43930 9392.33445
77 154.00 4141.67470 7259.76568 6998.43429 337.69913
78 156.00 3984.25761 9285.79787 7301.13257 282.77151
79 158.00 8026.55007 34.49009 5585.11692 523.59948
80 160.00 3784.52143 345.53203 6143.62674 1694.65718
81 162.00 5034.23361 3042.35489 6301.74497 848.14345
82 164.00 8240.91584 6403.13182 7910.85405 2975.11173
83 166.00 536.45746 8978.06857 2702.48637 6753.97505
84 168.00 8685.42153 4732.42833 7586.10765 5063.39551
85 170.00 4280.27633 4202.47995 3712.50269 9260.03724
86 172.00 8418.57358 4296.99926 1599.01030 8427.69631
87 174.00 2451.10264 4048.37967 8048.50254 6623.59737
88 176.00 3568.30177 8469.49516 8095.72614 4035.39999
89 178.00 9551.99531 2623.72151 4116.23044 709.73771
90 180.00 5736.76597 2672.65792 5950.12609 6456.88873
91 182.00 2088.65777 5227.18623 2175.89341 5870.74590
92 184.00 7700.74655 6793.91134 7485.61610 8386.42855
93 186.00 7080.67464 8421.13547 5981.56920 773.86806
94 188.00 5987.42097 7060.65703 4272.49328 5892.77310
95 190.00 6202.20854 3149.94066 3135.82696 8667.75410
96 192.00 5972.15389 8004.35697 2075.37145 8235.46055
97 194.00 7750.77551 4365.18604 2164.78244 1317.88073
98 196.00 2224.31734 5904.77603 8931.88293 1014.29270
99 198.00 1008.44302 7186.01037 5857.23830 9345.60365
