3
50.0
30.0
1000.0
4356.57
0.6
100
0 0.00 5291.40969 3013.61838 4196.39205 8043.40302
1 2.00 4298.85269 6649.70288 6769.83550 6304.61168
2 4.00 9180.30338 871.61818 4712.25783 5533.25165
3 6.00 482.79321 1583.45771 9085.04904 314.15102
4 8.00 2402.95380 4155.04184 7248.66926 7232.02325
5 10.00 4131.95532 9395.42573 7831.22424 4549.19400
6 12.00 8533.11661 3420.68074 9541.32657 3774.75152
7 14.00 3570.80499 2987.95196 6174.80001 581.72570
8 16.00 2501.94102 9627.38473 1108.26750 3308.23636
9 18.00 8608.67289 2501.18279 3582.28190 7390.78721
10 20.00 1110.39274 9017.42630 1397.10064 6242.61902
11 22.00 5741.98308 3714.63814 2350.39307 493.16276
12 24.00 6182.68845 7511.07612 1921.40689 2494.88988
13 26.00 6528.01141 8787.78168 2057.74995 6787.14981
14 28.00 9833.97387 3113.26049 6548.25214 3149.00982
15 30.00 7467.11931 284.91866 228.38020 3765.16068
16 32.00 173.63961 1386.14564 7956.41947 142.05742
17 34.00 4400.16384 7173.01355 3198.26205 9990.74758
18 36.00 7463.50026 2969.53710 8149.66481 4775.11975
19 38.00 1571.86561 9325.45430 9044.69237 4200.65537
20 40.00 2856.49192 9840.70564 7347.60553 2549.75510
21 42.00 1358.09768 6972.63262 8352.78965 5788.98895
22 44.00 2492.48185 1742.64890 2818.73592 4367.82267
23 46.00 3271.91486 4779.85836 1688.74840 1677.28787
24 48.00 335.77227 2288.89806 7976.06951 9577.84283
25 50.00 5072.47274 2062.45143 4620.96987 1116.56607
26 52.00 3742.39456 1807.36680 2644.67571 9863.63931
27 54.00 5593.39327 8940.11669 5917.40792 8903.38479
28 56.00 7183.24934 9537.17053 3001.55929 6033.50396
29 58.00 9516.98550 3840.93066 7252.28521 6249.40728
30 60.00 672.19650 7068.69168 5839.76777 3135.67309
31 62.00 8164.99683 6568.11342 2932.05880 2985.27162
32 64.00 2514.21241 3214.29701 2382.56557 5841.78783
33 66.00 301.72290 725.50304 3704.01279 3031.59012
34 68.00 1562.11011 8760.46247 8538.14205 5263.18873
35 70.00 4955.15015 3654.78220 2556.45875 8905.79403
36 72.00 7874.63002 5021.06462 4699.26065 4880.67810
37 74.00 6874.93454 7644.98577 1249.35023 6848.55672
38 76.00 3757.50530 9388.85935 7486.10273 6160.65530
39 78.00 7534.24259 4235.19049 1432.52773 6416.79793
40 80.00 3437.12135 444.61032 1281.74789 5035.08558
41 82.00 278.58869 7974.56836 3095.87431 767.17805
42 84.00 4835.57797 7110.85394 8286.55575 4952.87018
43 86.00 2698.49715 8506.15475 428.92908 2481.90046
44 88.00 4136.05408 2215.60051 2980.72711 7465.27184
45 90.00 5874.05455 1275.02678 6852.31334 878.02823
46 92.00 8852.42479 3500.50229 3236.13657 1774.86937
47 94.00 3453.10936 6475.97024 7175.57710 7116.30552
48 96.00 6666.39782 2012.18641 1255.02108 5615.48425
49 98.00 3996.12579 6872.65909 5021.23239 9204.26138
50 100.00 9594.71921 6800.55157 4229.04968 8845.11995
51 102.00 5210.68647 5080.90303 3475.26143 7427.15601
52 104.00 1098.11632 3251.01222 8358.50793 6773.43014
53 106.00 809.50855 4213.67999 5596.77943 5822.67112
54 108.00 3015.16138 431.48805 2395.13855 9342.22123
55 110.00 2389.83306 2508.84178 6392.26660 3416.35120
56 112.00 8826.08260 3135.83569 6956.02428 1165.67104
57 114.00 9065.12477 2190.83542 5870.12390 4153.26111
58 116.00 1878.79683 1316.98856 9062.99221 9311.06307
59 118.00 5107.59817 3731.92783 6069.91488 673.75985
60 120.00 1286.59256 9487.95320 6412.39090 4296.56624
61 122.00 5675.08321 8456.64738 8919.81269 5580.42980
62 124.00 7598.11228 8773.55452 5797.33882 5534.46005
63 126.00 5255.94447 5710.68404 8272.77262 6274.73031
64 128.00 9904.02091 7395.25789 852.74634 4248.57445
65 130.00 2244.66861 3475.04498 4946.60621 509.50246
66 132.00 7086.21414 3886.81170 8750.53472 9892.28570
67 134.00 1804.30932 3475.44631 5633.98784 785.81143
68 136.00 2504.39660 2350.60640 9412.91437 1341.43088
69 138.00 2815.67480 5864.10060 7184.89951 99.81469
70 140.00 4878.57516 2037.99501 1079.19170 6059.38681
71 142.00 5706.68055 5024.09532 4252.47291 4666.90928
72 144.00 6821.74598 169.79291 5241.65395 6673.56956
73 146.00 2262.22201 3883.06551 4200.61192 1499.05936
74 148.00 1926.48172 4132.28021 3482.98009 4704.49919
75 150.00 6411.73234 3527.85531 4547.73809 3915.92887
76 152.00 7314.10587 1662.01299 6079.85798 3093.88018
77 154.00 648.84178 7992.59322 8798.72538 8380.95933
78 156.00 7099.35285 2170.87976 7444.92584 4687.73694
79 158.00 184.66176 7523.97195 3085.37981 5237.60976
80 160.00 7094.48326 3046.05975 6947.64137 3809.37079
81 162.00 7481.49639 3248.77181 6835.10681 2292.68274
82 164.00 3415.40648 4131.57821 1159.35889 5148.52022
83 166.00 7527.95809 128.66690 2428.34813 9755.95322
84 168.00 33.05880 8430.68513 8569.47555 6725.99105
85 170.00 7198.74200 3295.15208 6661.96525 4130.78800
86 172.00 1387.40388 671.07354 3348.40821 9184.78546
87 174.00 9677.72735 8746.21213 7101.70978 938.87267
88 176.00 9301.17675 5025.16596 786.02072 4844.26638
89 178.00 6028.96400 8095.39273 2090.97867 3913.06970
90 180.00 3849.37781 2285.35178 6509.31647 9385.12434
91 182.00 3037.18518 1751.86854 736.37706 2462.63297
92 184.00 4141.45797 8490.49995 5815.12492 2798.81085
93 186.00 101.70923 2010.51541 6838.68471 6111.10524
94 188.00 7171.25417 6678.43034 6012.17466 9878.89178
95 190.00 308.66204 2249.14852 3612.27007 3450.36154
96 192.00 6884.95146 6662.94670 1076.55828 2008.68973
97 194.00 7104.93812 7396.39426 1261.44408 6892.73778
98 196.00 9528.54154 3300.22346 4516.27939 981.43664
99 198.00 6313.59446 474.36243 8062.38151 7836.72808
