3
50.0
30.0
1000.0
4010.10
0.6
100
0 0.00 7517.25906 1774.43753 1445.95323 360.96527
1 2.00 802.53740 2001.46921 6970.28282 8920.58777
2 4.00 4257.85755 5779.29885 1487.03846 8098.55934
3 6.00 1119.35925 890.46706 4202.28697 5852.68129
4 8.00 1891.49083 3695.60921 6782.43824 2128.87523
5 10.00 763.01770 7646.55468 4783.90176 2167.49549
6 12.00 3209.36729 3933.14865 1326.04685 7978.42374
7 14.00 7236.97959 4774.41306 2321.42800 3294.24037
8 16.00 3314.82822 4235.25689 1716.64536 1357.51453
9 18.00 6755.36791 7755.52038 9561.04498 2535.81118
10 20.00 5041.80812 1137.36378 5585.30526 4032.30962
11 22.00 8544.93630 5892.33765 2903.82830 3683.89831
12 24.00 4520.57639 5705.85429 1652.02333 1275.34689
13 26.00 5790.09132 827.04063 6447.89118 5106.83212
14 28.00 3356.47105 9327.01811 7932.15791 5676.58027
15 30.00 2769.02986 7212.21095 8439.92855 3735.21669
16 32.00 7580.35389 6483.72576 3162.65816 9654.36119
17 34.00 6927.23212 4949.48653 4825.15929 8450.31705
18 36.00 788.77601 3006.55590 741.64107 1255.39129
19 38.00 3012.68125 3018.09450 3192.64823 3497.42169
20 40.00 5029.04303 6956.67446 687.09662 3304.25452
21 42.00 3517.18396 8570.48754 1407.22542 9686.89982
22 44.00 1579.21128 6189.00890 5155.69233 7330.72883
23 46.00 1880.95170 5915.24152 8546.43132 4507.07321
24 48.00 3523.38627 4177.05366 8820.60443 2565.82060
25 50.00 1994.67268 1004.19964 5358.40879 8899.12187
26 52.00 7909.91533 9764.80603 8065.86597 5371.07120
27 54.00 3245.13085 3997.35723 7590.17037 2278.29246
28 56.00 9227.38743 6432.16296 2725.86065 8018.65482
29 58.00 604.43318 7168.53925 156.41483 1459.06909
30 60.00 4867.84583 7486.73339 4739.43273 6222.33787
31 62.00 3488.07702 8414.93536 1502.53692 9208.22523
32 64.00 13.96858 8508.00667 7996.96290 5049.29956
33 66.00 8772.91341 6149.52657 6112.95632 9380.65235
34 68.00 6415.01219 2141.27890 1556.23553 8475.22705
35 70.00 6276.56062 2454.19930 4482.98171 9532.43482
36 72.00 2101.37207 3066.86243 5027.97156 6341.60936
37 74.00 1007.45455 3249.50767 4994.84502 8550.91119
38 76.00 2995.68157 3694.31290 532.10628 925.08576
39 78.00 9776.79892 4120.36220 8415.62703 8787.89497
40 80.00 1613.71547 1873.76419 8321.69763 3343.23040
41 82.00 3233.34361 4162.25851 1626.66388 9120.32628
42 84.00 9615.13125 8305.28924 3416.82603 2506.60448
43 86.00 3893.86189 7091.95194 1696.17162 6636.11347
44 88.00 5696.15940 39.66022 8365.33516 833.60029
45 90.00 4448.23662 6664.07982 2290.73884 3849.21144
46 92.00 9130.69644 9183.26489 8014.38247 9259.18135
47 94.00 8332.00216 2591.88045 6851.80448 7207.42320
48 96.00 506.36362 507.23760 7914.09658 9263.37813
49 98.00 5254.89478 9852.82541 514.71341 5780.89848
50 100.00 7737.90586 1083.55771 1898.85813 1334.61655
51 102.00 2597.58574 7625.44935 854.07643 1773.21173
52 104.00 9126.30433 1654.57869 6331.07991 4876.04501
53 106.00 3993.60024 3829.69756 416.05151 6073.72763
54 108.00 4361.22561 6644.57566 858.94022 7319.32193
55 110.00 9073.48620 2698.12585 1917.44985 6741.11383
56 112.00 4347.50545 3596.56459 8036.18930 1404.78429
57 114.00 3405.44104 9403.73582 8001.24235 673.37039
58 116.00 9047.90822 6966.42412 8792.68485 5519.25250
59 118.00 4392.44797 6126.24229 6669.82735 7270.27144
60 120.00 5488.04262 5658.19622 7038.89857 1776.79112
61 122.00 8029.93888 5926.48724 1701.83957 8144.39927
62 124.00 8627.86987 6431.25025 1026.44039 2831.40310
63 126.00 5704.28927 9104.88446 2703.34709 1129.03046
64 128.00 1101.58528 68.39847 840.90756 8155.67430
65 130.00 9614.77521 6933.67412 3967.71438 5772.46410
66 132.00 1895.60917 1209.97118 8547.20676 4121.88018
67 134.00 1538.36235 9057.64737 8288.48587 8207.90937
68 136.00 305.28703 4502.24596 8900.29528 1521.46809
69 138.00 6192.79823 5060.88768 3027.26058 3072.23666
70 140.00 6182.70680 5031.96444 9603.56314 3910.03738
71 142.00 3639.87115 2972.95001 741.02854 5424.62566
72 144.00 4633.51117 9394.95592 5998.57875 2472.92956
73 146.00 3855.85103 8869.15257 3269.48762 6066.70983
74 148.00 1017.81189 4163.42335 9565.91832 6938.48697
75 150.00 5767.14122 9961.44056 9666.63475 1913.88755
76 152.00 1495.33404 1136.79063 6546.31436 8924.30373
77 154.00 983.73943 616.36318 3146.45409 1373.93990
78 156.00 1023.41014 4026.42159 8778.22284 7675.02540
79 158.00 8872.11360 2358.22561 1830.30758 2507.05651
80 160.00 7152.65453 123.69854 1253.84257 8814.07929
81 162.00 8767.39373 9211.35874 3945.36020 9426.69544
82 164.00 4766.13587 816.73120 2426.96151 7803.58405
83 166.00 100.27662 1394.37559 2468.97026 8350.32925
84 168.00 7575.73023 2531.37992 2417.41587 4239.11865
85 170.00 7998.41546 8135.42563 4740.86891 296.37823
86 172.00 7727.57934 6190.79492 7317.41050 6518.12799
87 174.00 6344.80528 6611.14884 5900.42507 5352.62991
88 176.00 6397.91717 9099.28723 4266.06243 3951.39045
89 178.00 4697.65867 518.08990 5390.80670 8765.12832
90 180.00 8651.61207 4867.94858 1340.93531 397.17216
91 182.00 6502.88704 1784.78143 2921.12513 6881.49199
92 184.00 204.64154 8325.60049 6989.57987 8824.69734
93 186.00 3703.70894 730.42572 6879.22565 8143.75518
94 188.00 7543.27473 7146.84731 4930.46507 9172.25854
95 190.00 2836.57296 4619.52037 9746.25901 3446.65313
96 192.00 1828.46870 3463.55209 8853.62737 4368.68010
97 194.00 8108.22805 9887.87558 5926.10714 2073.67685
98 196.00 1778.81833 9980.89156 4344.01950 7239.18065
99 198.00 7534.39856 7133.09446 5809.30103 3190.62626
