3
50.0
30.0
1000.0
3020.20
0.6
100
0 0.00 2033.08092 3186.44503 5076.00095 7137.30002
1 2.00 3581.56633 8944.30899 6001.23005 1077.96954
2 4.00 5704.55025 4719.93667 912.89683 2521.49108
3 6.00 2424.65980 8962.46513 5053.57272 4131.67611
4 8.00 6335.70301 8530.63772 6787.78669 2400.65149
5 10.00 1557.66331 8765.96393 916.19245 9949.14546
6 12.00 4948.55178 1387.09067 6573.99687 4232.82619
7 14.00 1462.52698 5184.47676 3103.77943 5387.26049
8 16.00 2638.69635 8889.71527 9016.41713 9885.01278
9 18.00 4980.59978 1285.35690 26.13724 8108.44004
10 20.00 6892.06100 7346.37444 6578.28973 207.91117
11 22.00 3911.22972 496.29495 3041.94209 7462.82968
12 24.00 7899.10741 3196.29543 5892.28273 5594.78341
13 26.00 3379.20429 2084.71491 1432.40888 8774.11635
14 28.00 4006.44391 6517.02406 7296.33138 8791.08247
15 30.00 6960.73999 1981.47468 2344.71778 8986.00440
16 32.00 8450.15747 9095.76239 3813.89421 7127.68359
17 34.00 8326.05994 2007.72426 128.63473 9070.74504
18 36.00 568.64423 377.16266 524.15248 8207.55397
19 38.00 5886.44283 659.66499 4433.67276 1139.58059
20 40.00 35.51504 9405.12414 8536.07907 5316.94501
21 42.00 448.54881 5267.27331 9823.97221 2306.40965
22 44.00 6990.20311 2786.79044 3351.02912 8807.81166
23 46.00 6001.36673 1797.10549 6829.42816 6216.37536
24 48.00 2301.15131 9234.62430 7062.77119 6333.57223
25 50.00 4171.59061 885.20462 7703.14428 3939.08107
26 52.00 5337.89589 6426.97208 5118.44939 8107.74498
27 54.00 1403.30531 1371.05388 6351.89425 5199.12810
28 56.00 3487.90123 9841.42079 7610.32235 3030.99832
29 58.00 4588.63936 6974.07573 2564.34618 4579.98528
30 60.00 37.45883 3474.82599 7178.07742 736.50144
31 62.00 8282.08758 9978.65380 363.35870 3488.51529
32 64.00 5484.80145 2120.90944 7797.54912 2445.06888
33 66.00 8620.17956 4326.50391 9298.68580 6046.60283
34 68.00 6187.33872 2902.15917 1395.08159 5576.99551
35 70.00 9874.35431 7469.96040 1399.30819 4221.90738
36 72.00 2327.80520 9986.98200 7334.46537 3559.78255
37 74.00 287.81628 7284.73277 4055.36047 4858.21764
38 76.00 4789.36208 8667.73941 5090.87112 4787.16235
39 78.00 8697.33020 1252.65283 5307.70373 8104.91368
40 80.00 2167.43986 9268.36947 4324.42200 5259.64610
41 82.00 6648.01334 3575.35042 877.81591 6547.40374
42 84.00 8790.97833 7823.16801 1614.65022 9243.18421
43 86.00 1718.97565 1589.15305 4251.14218 4349.81342
44 88.00 5147.23240 6911.29860 111.93064 6992.36987
45 90.00 1947.16233 6435.81364 856.25276 3951.73520
46 92.00 8170.22862 1690.08078 5502.96939 6408.23846
47 94.00 6759.78302 7141.25689 9674.55950 6.75756
48 96.00 2914.33927 5837.32041 8084.23492 5656.00578
49 98.00 1061.72473 3234.58845 6224.86885 4802.72252
50 100.00 1522.93924 3227.16072 6032.61619 4960.05575
51 102.00 2963.85817 5490.44623 1879.60974 5570.43697
52 104.00 9595.91998 5322.01089 3170.87777 9242.77679
53 106.00 9184.56016 9411.90384 2909.08807 7732.06692
54 108.00 1093.60448 9472.24533 3875.31581 4828.45944
55 110.00 5827.12339 5716.57166 9533.97384 1390.75120
56 112.00 9572.66137 8629.72232 8674.02564 3509.18873
57 114.00 928.12557 5328.76838 802.78804 1141.50754
58 116.00 9769.95612 5255.82123 393.77802 8730.37462
59 118.00 3610.60983 435.86887 7183.99321 1836.35669
60 120.00 2697.69710 7040.06006 1809.47039 9478.94152
61 122.00 5611.78139 8889.93617 3495.80770 4630.55536
62 124.00 497.89478 2329.14549 166.60316 1412.95892
63 126.00 1961.76946 1234.91191 7310.86402 1499.25488
64 128.00 6336.20091 638.07857 5071.75784 8356.13166
65 130.00 361.28920 2752.37047 5716.20664 9690.39172
66 132.00 4015.00170 6431.27975 3446.29550 9954.63589
67 134.00 1620.50942 8509.82071 4080.74309 2108.20614
68 136.00 1190.66228 5607.93467 3844.41779 8864.35509
69 138.00 136.40082 9522.25592 6389.38652 198.12963
70 140.00 1361.01505 2616.79231 1727.61082 3848.94711
71 142.00 7105.85657 1388.92824 7017.49018 5742.17725
72 144.00 3634.80041 4695.73535 7926.05026 6350.56341
73 146.00 9941.42324 6972.86187 3266.31557 8841.29582
74 148.00 6903.79553 8067.59616 7626.40173 3050.75529
75 150.00 9460.37081 9610.31091 3674.78593 4080.06748
76 152.00 7769.72792 4960.37805 496.99699 3804.29413
77 154.00 9032.18117 7889.85828 3618.87013 3039.28884
78 156.00 9397.44282 2188.69807 3303.06357 655.83477
79 158.00 3808.17224 4291.37378 5489.73083 5364.59183
80 160.00 8227.21261 3539.35830 8739.98407 1986.26650
81 162.00 7475.38327 2676.67975 1982.99146 2966.73540
82 164.00 7414.09345 2286.40897 9397.78700 3531.73715
83 166.00 5470.32617 4289.59523 1600.21125 4164.90919
84 168.00 4945.23423 4341.76586 3916.37033 2997.13548
85 170.00 3131.89836 1542.57469 8606.76681 8114.04045
86 172.00 4727.62267 5245.24916 45.75423 5078.92541
87 174.00 6089.47808 2437.03188 7731.39565 6504.44377
88 176.00 7714.53521 6100.84024 2184.43063 8291.20745
89 178.00 2518.22250 2438.55051 9753.96758 4306.23569
90 180.00 5970.62980 3372.16481 5355.71955 3560.31068
91 182.00 7631.58968 7904.45568 3191.27268 595.73385
92 184.00 9945.26109 318.81091 1748.68461 2691.39926
93 186.00 4634.81085 7328.16360 81.90550 4578.85639
94 188.00 2803.64075 9177.65975 7581.58286 7584.87241
95 190.00 5671.44558 6969.42981 4468.36585 9146.78326
96 192.00 4900.22361 1418.78492 9721.09553 3147.32278
97 194.00 6349.36219 9220.85876 6669.54306 9694.93789
98 196.00 47.87179 5622.28135 285.77351 4217.10127
99 198.00 3350.82498 9928.06773 1099.38684 384.51550
