3
50.0
30.0
1000.0
2921.21
0.6
100
0 0.00 1685.00529 5015.02199 1113.20675 3511.74354
1 2.00 7927.43606 1613.37764 2293.68472 5522.14191
2 4.00 1809.81295 5560.66395 2839.08501 5360.50039
3 6.00 4710.42457 8663.28196 5260.08838 3579.15863
4 8.00 6059.95689 5954.95472 319.49781 2729.19536
5 10.00 390.13726 7513.09317 2679.76585 6053.39548
6 12.00 1158.22026 3730.25715 7817.55307 7045.31052
7 14.00 9360.12501 3470.29274 297.01254 8529.93942
8 16.00 7743.03327 1942.39917 9671.82091 9436.79083
9 18.00 9276.45588 1647.31985 6431.28503 5920.48676
10 20.00 9235.35763 76.55790 9294.80921 2892.68301
11 22.00 6395.56599 9360.08235 3593.84209 4893.75074
12 24.00 9805.44232 5987.94958 4643.61262 2402.64088
13 26.00 1276.25755 5404.49403 8514.87309 237.29636
14 28.00 3001.01937 6220.59675 9100.33516 7122.95040
15 30.00 3294.28369 3012.82287 6132.64429 8715.87021
16 32.00 1262.47665 7621.12465 7609.50453 956.06930
17 34.00 6557.86494 2879.11210 5556.70175 7998.67447
18 36.00 2878.37041 8837.85953 1288.92836 364.12650
19 38.00 850.02449 5099.39392 5554.65534 6102.43158
20 40.00 225.72818 2220.13025 3443.52875 9813.38798
21 42.00 5592.45397 7103.68491 249.37486 9953.86774
22 44.00 4646.59151 5851.82822 1154.08694 1459.08967
23 46.00 2219.18626 6606.53313 7253.85345 7187.24582
24 48.00 2505.81011 9177.12308 2395.50790 7204.96590
25 50.00 5962.61312 137.40788 8143.21200 5525.49596
26 52.00 9578.21640 9149.66572 7842.47841 5923.56485
27 54.00 3060.61057 7681.55843 5447.31258 2782.57356
28 56.00 5759.12564 7365.70776 8341.15575 6027.42836
29 58.00 4299.25424 6376.32773 6894.70450 3592.86106
30 60.00 1532.26193 6077.36892 5432.21879 147.72679
31 62.00 666.77591 484.70940 3315.59460 4596.97748
32 64.00 2335.28223 7561.46023 3712.54649 8936.79895
33 66.00 829.94352 3183.47396 4441.59362 932.33421
34 68.00 2226.70707 6638.82148 691.12117 5877.45889
35 70.00 5518.37057 1400.13414 2199.51992 204.95687
36 72.00 2803.52884 4789.10630 3984.68268 6137.80611
37 74.00 6401.47735 8488.79519 2957.60969 3012.93980
38 76.00 7738.72002 4988.97142 9093.97946 3231.08642
39 78.00 8764.39406 91.50293 2819.84193 1841.85700
40 80.00 7439.46635 9009.54129 1741.08902 3014.81534
41 82.00 47.67424 319.09736 800.16512 7094.38042
42 84.00 3078.14211 7201.46286 3420.08011 9422.96839
43 86.00 3983.20277 1080.12366 5345.77186 3153.25286
44 88.00 2817.88624 9566.87984 9281.66546 3841.72717
45 90.00 8340.96353 5630.99592 3788.23631 1621.51532
46 92.00 1645.42223 4521.78397 2391.61834 7628.88895
47 94.00 2216.23239 1443.98910 7948.28216 6756.56524
48 96.00 2911.16658 1812.83138 2222.41155 825.66890
49 98.00 6400.35939 9216.22588 1392.99493 3868.74871
50 100.00 460.90136 202.55803 8281.39329 6051.00866
51 102.00 3923.09987 9048.21045 6901.58558 6000.94230
52 104.00 4426.21858 992.08768 2954.90786 1569.74313
53 106.00 1388.34557 1310.21962 3020.35481 4072.70904
54 108.00 5415.74105 7690.98633 9051.72535 3591.82601
55 110.00 2407.37927 1760.92937 4061.20206 6041.23609
56 112.00 4748.39060 9905.17757 49.54259 2212.90789
57 114.00 1262.01904 3549.51253 330.16972 2154.48835
58 116.00 8390.01523 5863.69434 5001.11670 3020.70353
59 118.00 7802.35022 8213.23614 75.89930 1512.23757
60 120.00 4179.86848 6714.24430 487.48941 5764.54224
61 122.00 6429.86955 2116.46426 6189.95176 4894.09027
62 124.00 4872.13568 6037.02814 20.61665 6461.27649
63 126.00 1838.07125 5817.67244 3415.91615 994.50017
64 128.00 1462.24895 8416.86348 3765.72927 7179.41624
65 130.00 2807.72967 4922.29410 5141.22752 3684.66216
66 132.00 9698.27455 3091.04353 7270.94102 5793.67116
67 134.00 6216.49078 8985.18161 2269.04497 2856.54670
68 136.00 7796.36058 7269.56314 9774.16025 1367.16431
69 138.00 2343.32815 9623.73163 6508.89565 4687.23085
70 140.00 9160.49024 5344.74624 754.68766 3314.97657
71 142.00 2896.25305 7339.16888 8378.66785 4439.37890
72 144.00 7823.71333 1182.69731 2957.08336 7569.36992
73 146.00 1958.11709 6142.78799 9124.37946 9199.96702
74 148.00 6700.80009 9740.34939 4279.08197 4207.20173
75 150.00 4280.11100 584.13314 1767.95145 4709.31401
76 152.00 8963.30757 4180.90478 1250.21614 7837.53511
77 154.00 1601.20976 865.40541 7002.93203 3211.52177
78 156.00 5474.39978 4067.79458 741.79104 7213.61225
79 158.00 598.74104 1320.45427 692.47474 1138.77188
80 160.00 4784.60428 5470.94469 9273.60910 240.40411
81 162.00 6291.99526 4778.23366 4275.78004 3352.99635
82 164.00 1354.83281 1984.22504 4862.94390 5391.51075
83 166.00 5857.73715 716.12320 1380.59492 8187.35448
84 168.00 5168.16733 2844.83885 5126.28752 4140.85069
85 170.00 9116.14839 837.88045 2860.67000 1522.21908
86 172.00 3115.69044 215.73447 289.18005 7464.57653
87 174.00 4535.55873 3366.52054 9083.30547 5697.97589
88 176.00 5378.73995 9078.63861 1485.02654 2432.89714
89 178.00 6972.91419 2071.79078 2596.53095 3445.79612
90 180.00 6587.05589 5022.04849 3800.98815 6126.05804
91 182.00 1268.09954 4787.47768 9644.41758 7136.05614
92 184.00 1032.81502 6591.10900 2017.05439 6830.11267
93 186.00 4127.34541 5701.24686 8823.84650 3408.27211
94 188.00 2103.09311 5237.92901 412.44120 983.61841
95 190.00 2747.90895 8707.98193 8145.25115 8038.28458
96 192.00 1636.67468 4279.70286 2928.37115 4310.82580
97 194.00 8657.98643 8768.24366 8715.04544 3688.00246
98 196.00 8054.82143 4878.51755 9934.23203 3159.22677
99 198.00 3454.26218 9622.36098 9095.87191 4890.08948
