3
50.0
30.0
1000.0
3366.67
0.6
100
0 0.00 6887.94483 2161.67386 5349.08710 6442.64132
1 2.00 4262.44662 7956.20964 8644.28619 3355.72984
2 4.00 9778.23247 1535.29161 1345.82165 4854.26561
3 6.00 2678.91100 6636.59770 3422.40740 7036.94814
4 8.00 6209.60799 4603.03396 956.53783 442.84811
5 10.00 1068.57446 4322.85469 6093.04406 8470.23316
6 12.00 4833.87311 1322.34462 6174.25167 3503.97558
7 14.00 5714.57283 462.20169 8483.85770 1547.37410
8 16.00 7238.22584 3528.31625 2382.74934 7050.31970
9 18.00 9695.31376 4499.63278 37.50852 2686.52503
10 20.00 6474.45216 1977.04149 4766.17221 3404.65847
11 22.00 1615.25336 9094.91190 3436.71005 9646.66515
12 24.00 6316.32812 3719.54023 3227.13932 1248.92951
13 26.00 4293.56313 2110.12600 6043.58015 4436.31746
14 28.00 2824.22413 1648.73682 193.97265 7875.58067
15 30.00 3342.46858 9363.20152 3027.03930 8592.11394
16 32.00 9949.19023 9631.72207 9147.40296 2990.26724
17 34.00 8107.02685 8267.25850 5828.23891 1584.51322
18 36.00 1302.86048 6012.90130 5171.31470 5454.13600
19 38.00 6931.00624 1778.17235 6531.35297 9524.69669
20 40.00 9678.46318 9149.33737 7276.17245 2356.34437
21 42.00 9240.04269 4342.43267 7894.03725 4800.16456
22 44.00 8818.68502 2578.82977 1912.69350 3057.16605
23 46.00 6296.64577 3426.07855 3043.00663 8967.35731
24 48.00 5188.92031 1647.90918 9744.86253 3763.91749
25 50.00 4765.52927 3375.58448 4061.00607 7110.03973
26 52.00 3073.85186 8943.27130 8665.48990 6475.89445
27 54.00 8349.17830 6133.83337 5713.54360 7628.99204
28 56.00 2263.94417 9280.95784 6472.74077 6407.07413
29 58.00 1253.61057 4709.00309 8641.43993 9610.08758
30 60.00 6264.84215 7209.94987 5676.24154 94.83767
31 62.00 658.15519 6990.01717 4829.29224 4778.82254
32 64.00 1274.44798 8789.81130 4055.17559 6945.22826
33 66.00 9690.05493 8332.89378 1258.90749 2616.99055
34 68.00 1537.89721 330.52960 4125.91389 5995.95355
35 70.00 530.51342 7604.74653 7178.32416 2684.30076
36 72.00 8301.84204 9745.42402 9123.70809 6787.69911
37 74.00 1483.08482 2417.26809 9442.22731 1136.48890
38 76.00 4601.14823 8195.92261 3960.01952 9114.42668
39 78.00 2586.24662 9600.01609 3282.58816 5715.77884
40 80.00 7879.59509 8788.02009 6341.34412 5217.03357
41 82.00 1258.73722 6103.76431 2227.74209 9788.91427
42 84.00 6108.19433 9850.52405 2728.97381 8011.27354
43 86.00 1635.83906 5752.08564 6373.71460 8340.64110
44 88.00 9628.27182 6473.80723 3230.41928 4172.56301
45 90.00 4154.38502 6935.39563 7875.16627 7972.50367
46 92.00 824.19976 3529.11690 8630.44587 198.79086
47 94.00 1688.10726 4312.76208 9127.75741 7417.53856
48 96.00 4649.73306 7793.72426 4026.84043 105.97773
49 98.00 7197.02908 1432.49539 5627.67618 5746.49357
50 100.00 7031.71007 6361.54958 4323.23957 8424.26870
51 102.00 4065.79234 8646.65276 6449.21208 3011.06022
52 104.00 4516.10100 4888.90516 8420.34688 7056.64898
53 106.00 3180.98890 6586.58720 524.97489 9210.76926
54 108.00 1760.36109 2485.84301 4005.52352 4927.09313
55 110.00 1436.08255 7053.29461 611.65159 4328.67940
56 112.00 9503.64600 8114.24791 2676.39465 5709.04339
57 114.00 6219.72808 3057.77020 2311.97668 5745.68588
58 116.00 5874.82080 2771.76606 8536.71642 7393.41727
59 118.00 6718.68835 8651.26425 7911.84515 6888.89633
60 120.00 1745.17479 4688.09870 6939.13216 3343.73887
61 122.00 1981.28017 8272.35481 8259.95412 986.07994
62 124.00 2213.15065 196.93821 4814.01892 2772.34199
63 126.00 2485.52111 8981.46211 6792.14151 504.73624
64 128.00 9857.60273 4231.00593 1014.70864 1787.13375
65 130.00 2931.20263 4756.53111 2534.98085 6335.41037
66 132.00 5387.33664 1908.77421 8189.31807 1572.82532
67 134.00 2417.27518 3468.40747 3241.96666 726.22913
68 136.00 481.97755 2485.38113 1320.69009 958.37584
69 138.00 283.37318 7087.01775 3656.37518 3564.94735
70 140.00 5343.21419 4986.56296 8039.71817 9560.22173
71 142.00 2667.73147 9976.66915 523.27248 1518.85466
72 144.00 8953.60966 8178.19660 6751.03659 9463.03318
73 146.00 3932.70264 712.06421 5937.31266 1562.69434
74 148.00 8130.12223 8558.50928 1315.95905 2325.70220
75 150.00 8007.84385 355.93323 4863.14109 5168.72503
76 152.00 5863.82546 8444.80509 8222.95539 7327.60042
77 154.00 8859.26033 9034.18660 3492.96523 7429.22539
78 156.00 7292.25991 3100.60379 9609.98001 9316.00599
79 158.00 9741.06499 6164.70394 8744.86182 1100.75186
80 160.00 6920.06525 8583.21508 3140.58962 4961.77651
81 162.00 1212.76482 9318.20306 4322.42697 2306.14105
82 164.00 9587.92430 6318.03614 1314.60927 2776.67153
83 166.00 2460.31366 8398.95552 4305.83277 7449.80532
84 168.00 1341.27877 8520.74132 6713.51006 8726.08234
85 170.00 6571.33127 8917.77306 7161.18942 2374.46541
86 172.00 1314.23302 8740.00801 7.75870 4358.18418
87 174.00 731.57551 415.35544 1538.42733 3143.92303
88 176.00 5623.77018 3854.12302 8086.75687 6676.44625
89 178.00 4200.26910 4453.92582 8772.64456 3060.71938
90 180.00 6858.38619 6927.30389 4224.58209 9129.03904
91 182.00 5051.86379 7451.62910 5928.60669 1093.04287
92 184.00 786.47248 2845.29587 7543.10306 7327.34167
93 186.00 8495.79126 7326.79547 5998.95717 4855.92185
94 188.00 5134.44249 5008.36600 981.63199 5938.96808
95 190.00 382.64903 7992.48688 8958.31215 6564.43627
96 192.00 3858.73734 2430.72991 5230.02722 4076.31777
97 194.00 5082.56171 7077.21543 7338.59102 885.94984
98 196.00 8173.00213 3532.21133 4204.64083 5958.84517
99 198.00 9930.11164 6277.10507 6608.38363 3818.09453
