3
50.0
30.0
1000.0
545.45
0.6
100
0 0.00 6325.83285 2008.89082 6241.67589 2905.79495
1 2.00 3452.93581 6723.73713 9813.35496 6500.86388
2 4.00 9583.26453 5038.93439 6943.11974 3223.81397
3 6.00 1154.05252 3522.37802 4803.69922 5706.38194
4 8.00 6671.57238 4174.77933 7478.68723 8413.89302
5 10.00 2859.27980 8473.01091 8083.04779 5227.29986
6 12.00 252.72141 1453.26712 6702.54179 1999.02417
7 14.00 7501.85019 1609.35394 2866.15548 2505.61007
8 16.00 8393.81814 6905.94850 2951.40566 7535.93948
9 18.00 323.06383 8140.26218 1024.80006 8680.35374
10 20.00 7394.92480 8648.41485 7424.12736 5612.70553
11 22.00 2375.95473 7843.07173 7988.21752 2876.38655
12 24.00 6644.93569 9264.84811 3875.54649 9567.01970
13 26.00 9758.22722 3126.53981 5521.24598 129.65238
14 28.00 2513.41128 6205.61696 7809.24893 8701.18092
15 30.00 8299.83482 9114.86377 7046.29069 6476.32386
16 32.00 7551.07705 5466.15137 6033.86977 7761.46745
17 34.00 9642.89823 2941.77722 1774.25898 6826.58852
18 36.00 1869.76582 1737.95132 5138.46853 3771.98227
19 38.00 4285.07814 5565.98621 1300.66530 5839.86058
20 40.00 2550.16148 3305.62789 7096.89296 1548.05698
21 42.00 1537.03384 3226.30030 508.55441 9323.81866
22 44.00 6156.08676 6618.90211 4905.50941 5726.76991
23 46.00 3580.85588 7840.31449 3178.59005 2199.62015
24 48.00 1838.69098 681.76469 5051.40350 4159.31244
25 50.00 5370.35953 919.45554 2211.98081 2133.53810
26 52.00 3318.83515 3607.97825 2184.45286 7526.55690
27 54.00 5304.98896 9966.31083 8236.88401 9811.33198
28 56.00 88.03696 6689.38468 4456.67246 9044.96458
29 58.00 6137.01097 6211.31698 9588.96816 6825.51361
30 60.00 3209.37011 9159.32430 9449.87670 3858.75935
31 62.00 5402.37313 2828.28994 9113.35927 8221.09064
32 64.00 3749.58042 8028.16738 4455.56898 438.51661
33 66.00 8982.81609 1925.12388 5138.94700 9482.11820
34 68.00 1673.94809 9562.76206 5379.74831 73.30586
35 70.00 654.71822 6703.35126 7735.82266 8649.50856
36 72.00 4242.09452 1039.26809 5377.54214 7027.42866
37 74.00 9762.23921 7752.06740 6465.61159 9397.51112
38 76.00 7468.90826 1537.54577 4592.25235 3317.15375
39 78.00 875.20898 542.68071 7942.14787 5580.84205
40 80.00 5749.62294 2276.45635 2586.47959 3880.32604
41 82.00 6302.17265 4330.25035 168.90968 6732.98732
42 84.00 5348.34370 6414.22746 6183.49359 7559.60597
43 86.00 5856.08013 7008.82031 725.89445 9280.47750
44 88.00 1061.35542 7868.91898 3013.50710 865.05221
45 90.00 7652.74241 4376.76149 3951.13258 6607.23165
46 92.00 4739.87677 5334.67764 1363.81460 3909.92565
47 94.00 7974.84613 5457.24469 9601.34265 1440.75537
48 96.00 6772.89046 9141.68916 7950.17122 7293.24577
49 98.00 3731.30515 9494.65104 5535.24188 5550.69746
50 100.00 1232.35159 50.29839 5966.54887 5371.52049
51 102.00 9469.79389 3046.91152 7482.96587 9035.46376
52 104.00 3438.51650 4126.54496 6459.31504 5125.52695
53 106.00 1609.54358 2207.87969 8347.48367 1943.26215
54 108.00 1813.57985 7996.60054 8522.51128 8513.87722
55 110.00 9323.69865 9943.13050 4612.65204 5496.64610
56 112.00 2906.52668 673.62757 982.02401 7255.89257
57 114.00 4871.90410 3308.50932 1282.15147 6554.72981
58 116.00 1000.45057 6195.15777 9001.18591 3177.85937
59 118.00 4506.45978 6163.42430 3056.75489 5841.69933
60 120.00 5655.52008 3644.93436 3163.33159 4283.07393
61 122.00 48.31883 2461.75139 2215.25704 7398.16216
62 124.00 4361.24066 8401.10059 1343.05832 7329.72796
63 126.00 8778.85830 4628.48376 3587.41602 3054.71796
64 128.00 5516.71826 1757.70161 6066.27666 8417.92995
65 130.00 8587.13655 1400.01669 5386.18037 2632.34651
66 132.00 8863.35832 764.62379 753.99957 186.30295
67 134.00 5071.78311 311.94231 5818.90490 4051.34468
68 136.00 5900.36312 9063.03577 5515.93999 5434.69324
69 138.00 9987.28175 4721.03951 7751.97239 3658.18630
70 140.00 2233.06648 7721.44844 7332.26827 2909.99160
71 142.00 4647.01142 5104.11993 3967.85158 5021.67270
72 144.00 6626.78489 8479.81840 8065.40057 6140.35977
73 146.00 1658.43552 5141.36681 4462.20444 1791.45184
74 148.00 9487.11832 6594.13307 9677.35560 7359.19809
75 150.00 4835.03416 3587.95539 2188.19117 4876.42148
76 152.00 628.61161 3694.35185 428.08441 2067.74075
77 154.00 9077.26093 3612.51365 4696.74229 4546.43450
78 156.00 464.37458 9805.89782 3240.71110 7037.36253
79 158.00 5213.72904 8296.47156 8348.72266 2633.16069
80 160.00 5443.50062 1738.49816 6536.75313 3652.96778
81 162.00 6533.36547 8354.69068 5166.62898 3763.28781
82 164.00 9072.42426 5163.71782 3528.98008 8677.19422
83 166.00 4868.61563 4821.10090 6042.10980 5018.36984
84 168.00 1389.68307 1656.05822 770.88226 6434.77002
85 170.00 2115.17104 1869.05676 3622.22944 7173.02708
86 172.00 1183.30223 2303.46333 8111.72629 7202.55659
87 174.00 4815.16649 4788.14643 2107.03951 1612.46260
88 176.00 8333.64996 224.46038 431.44331 5734.86511
89 178.00 1611.29140 6295.40425 391.90865 5722.69299
90 180.00 559.12004 2582.59646 1800.37540 9582.38336
91 182.00 5993.57523 5636.04702 186.20036 7195.47300
92 184.00 6617.45063 2834.54626 857.48503 4492.03362
93 186.00 9927.75824 8673.02399 1705.66784 8303.63575
94 188.00 6008.38714 7946.16070 8204.53180 1818.84152
95 190.00 6596.48750 2645.20699 7241.86798 3426.71275
96 192.00 4534.70145 5905.95991 2298.13787 3854.61883
97 194.00 1085.70114 2023.48549 8595.91692 5043.59526
98 196.00 4197.95013 1495.61194 962.98577 4758.69185
99 198.00 6147.48169 390.36564 7838.68235 5033.29208
