3
50.0
30.0
1000.0
2624.24
0.6
100
0 0.00 2007.92197 6191.86954 1344.68780 2978.78629
1 2.00 4636.80357 868.43498 5918.86239 3823.21498
2 4.00 57.89024 467.76909 9650.90543 9317.64234
3 6.00 1435.66165 4858.53535 372.71867 3999.74251
4 8.00 4002.33277 9234.68878 7483.62298 8309.53455
5 10.00 548.92901 9756.16458 8703.08393 3909.22318
6 12.00 2183.88637 5257.21578 9393.92949 103.23368
7 14.00 5724.42907 2282.69171 1734.64151 2713.76904
8 16.00 901.31718 8261.62356 6590.34782 8573.89690
9 18.00 6732.96676 2055.86001 8673.46681 1982.27389
10 20.00 4103.66596 124.30807 9368.56596 6172.18161
11 22.00 2831.14290 931.53484 4352.72830 1372.16895
12 24.00 2000.49637 991.41779 3489.66049 8999.28188
13 26.00 2877.05430 9153.93187 1966.27397 1786.77115
14 28.00 4698.68359 8947.59680 5233.58899 4766.08790
15 30.00 4202.23265 9185.86416 316.46076 8586.53059
16 32.00 2084.28240 2510.07859 2923.17489 6236.75689
17 34.00 450.02899 2774.43207 4285.66879 694.61439
18 36.00 3277.93798 3401.80875 5115.97056 4413.80300
19 38.00 9980.05406 8358.93444 4944.14260 6154.95783
20 40.00 1887.85636 2997.79733 1827.52118 8822.04810
21 42.00 2870.31133 2191.92680 3076.52453 7714.95627
22 44.00 777.69412 4962.10256 2190.24295 3453.50455
23 46.00 7809.04795 7961.30569 5009.83162 3887.21180
24 48.00 2555.28424 5702.72608 9974.33230 1655.07796
25 50.00 8741.46471 7727.10871 3697.23124 2253.94498
26 52.00 8420.66696 1368.15477 5594.11910 414.62438
27 54.00 6882.14410 1729.56602 5157.17696 7339.42208
28 56.00 2662.20414 6528.36956 9792.52852 32.12903
29 58.00 3389.03548 5008.59811 3372.16158 8856.36384
30 60.00 4817.08793 9436.06498 1743.81078 3908.14831
31 62.00 2785.27127 3212.87086 5899.66376 160.03444
32 64.00 7980.83164 5815.51051 2203.74506 5336.30521
33 66.00 2618.50243 4273.41052 3047.24704 8464.29971
34 68.00 6350.91010 7370.39202 2936.00017 4556.10696
35 70.00 9561.85050 5225.50287 2758.07367 4570.36429
36 72.00 3961.79294 3751.76483 5422.32206 4513.72265
37 74.00 6518.25197 8561.39096 8784.70267 2564.07215
38 76.00 4140.93843 4673.53829 6794.36593 3876.99446
39 78.00 2338.40051 5534.52692 8091.35198 9646.75686
40 80.00 671.43562 6591.21568 8822.68047 871.27920
41 82.00 3727.67007 5175.29195 6089.28767 335.58070
42 84.00 598.10468 4528.11468 9245.02810 1669.37162
43 86.00 8431.23295 110.92974 5170.23193 3345.21503
44 88.00 6975.04308 6498.12079 8376.27929 3850.58746
45 90.00 2900.55938 2361.87893 4118.97449 8823.02436
46 92.00 332.66197 8994.25276 2278.93619 2479.78653
47 94.00 2670.09064 4248.05780 5091.96052 2112.74028
48 96.00 3963.58047 6446.12114 6658.71905 222.53169
49 98.00 4045.51517 7008.43042 8876.64019 1202.42771
50 100.00 9330.15958 1830.36392 1834.10022 4103.12614
51 102.00 8576.21681 9112.24556 6423.73080 7761.01523
52 104.00 6143.08365 7710.97358 4521.21962 6470.42725
53 106.00 4309.07908 2180.29987 7599.27506 6762.52779
54 108.00 8083.38164 466.90832 4707.28194 2052.46199
55 110.00 4147.10039 3046.79928 8132.06480 6963.75582
56 112.00 6935.99512 8684.57964 5037.15029 4815.77866
57 114.00 3998.04935 7418.90988 3149.12608 9942.56874
58 116.00 3226.52845 219.07299 6707.45676 3026.83313
59 118.00 1380.50349 8284.35824 6944.69314 586.82704
60 120.00 6479.11697 5610.34429 7649.94239 7648.42332
61 122.00 5450.65044 4014.72723 7232.88495 297.39547
62 124.00 3907.54157 1868.19023 611.92250 697.28139
63 126.00 7630.06018 5778.80434 9621.57322 8963.13540
64 128.00 148.30034 1916.57856 8095.84503 5813.54321
65 130.00 7667.37691 5089.70185 6157.09685 6729.03903
66 132.00 5666.50352 5365.07785 1597.38254 1199.98035
67 134.00 1539.18456 7024.27926 9657.75504 7694.64390
68 136.00 7726.15014 2333.80418 904.37021 7375.37734
69 138.00 9220.54976 5338.93462 8223.58532 3079.60977
70 140.00 2624.14524 4052.25140 2919.36727 302.07025
71 142.00 7179.63298 5913.58405 6869.63245 6648.68498
72 144.00 9724.76146 870.98037 7710.82716 9576.41276
73 146.00 3024.86894 9895.67098 6015.04055 192.77685
74 148.00 2822.76983 7750.87420 6104.95791 4185.46792
75 150.00 267.84055 3803.81358 1796.32225 6169.30227
76 152.00 8195.26028 4391.89204 19.91759 2584.63547
77 154.00 6072.58175 1624.06079 9993.39195 2320.00258
78 156.00 9124.62782 7424.99149 2779.36069 7863.49693
79 158.00 8117.23061 6973.74732 7828.10002 6937.37832
80 160.00 8220.26042 753.44685 7246.79184 1116.46044
81 162.00 4714.75977 8600.32394 55.80383 6340.17686
82 164.00 9538.48158 2710.79307 2217.93999 1138.97781
83 166.00 8830.28192 5277.03938 8636.97445 7586.23473
84 168.00 9211.38578 1029.56149 6504.91386 2525.97748
85 170.00 7723.98797 9210.08071 6581.69777 9012.52507
86 172.00 6540.48946 931.53621 14.72698 9394.82387
87 174.00 7747.10670 1144.37643 543.99214 5990.77068
88 176.00 1560.75920 6308.10762 425.31285 8798.35502
89 178.00 2035.87085 5131.77482 5394.21231 5175.81386
90 180.00 8982.54200 9609.39801 655.89990 1593.34029
91 182.00 1502.22641 1656.04402 9458.69181 5502.67787
92 184.00 6512.81989 7703.94216 8329.23578 8424.47307
93 186.00 3262.48979 9465.26394 6605.13370 192.40554
94 188.00 1473.05165 5076.42356 5794.53625 3388.79063
95 190.00 5649.46899 6415.85936 4669.26676 2756.10083
96 192.00 752.61969 5398.36898 4229.82350 5923.36317
97 194.00 1123.33273 5998.40797 8943.46255 8585.79562
98 196.00 1714.90504 4722.47857 3919.13124 155.55989
99 198.00 330.93613 1334.68880 167.43081 6249.00439
