3
50.0
30.0
1000.0
3317.17
0.6
100
0 0.00 3869.03679 9117.22729 7960.84678 5691.27865
1 2.00 9652.56114 7193.18134 7506.88832 6451.72924
2 4.00 2294.68057 1306.88387 8143.50729 9980.49014
3 6.00 7051.67554 5961.83050 6826.77046 1233.82826
4 8.00 691.51325 8633.76359 5586.53247 998.41045
5 10.00 3971.06044 5448.29176 5795.77173 4645.46874
6 12.00 107.74646 2772.72010 1178.65696 3321.13847
7 14.00 2466.02856 5983.61114 6376.16313 3979.73148
8 16.00 1385.47195 8746.29202 9526.00555 4015.29109
9 18.00 34.47273 1742.32216 4234.43612 7349.70517
10 20.00 7567.31250 5504.02945 5100.44064 3668.38402
11 22.00 2763.44407 104.64535 8648.39478 9280.56468
12 24.00 2319.05015 7727.02612 3680.57218 2307.90412
13 26.00 5034.85574 2980.42522 6824.42962 6215.57598
14 28.00 826.82893 4082.53628 4486.34522 8853.89505
15 30.00 3262.71421 844.61029 3114.98399 9182.76275
16 32.00 3773.81784 2176.72160 6902.67680 3451.61156
17 34.00 259.98301 1629.24377 814.87464 470.84905
18 36.00 8078.07176 884.27128 9108.82134 2445.43479
19 38.00 867.80552 3304.19051 5132.27224 6347.85992
20 40.00 7065.33704 5662.61370 119.34444 2205.47045
21 42.00 8080.26133 8623.22864 4537.95791 4927.81922
22 44.00 4929.44219 8570.20300 6992.58864 1922.45580
23 46.00 3453.99688 5003.17026 9075.54679 8932.51714
24 48.00 3034.64778 1295.69473 9100.76126 6986.47047
25 50.00 48.12712 932.22670 3921.60410 5408.70628
26 52.00 2318.59049 6345.92411 5552.80623 3207.60170
27 54.00 2390.67796 3851.84858 2588.67622 7560.54167
28 56.00 4535.45524 8327.28337 4575.05095 8656.69404
29 58.00 4355.83196 606.41013 3877.73724 2244.40681
30 60.00 3245.97403 9541.68794 8427.91592 9312.19798
31 62.00 7990.38095 4550.46517 6350.22384 8420.35109
32 64.00 8427.58544 6390.52754 4724.19126 2363.34227
33 66.00 2276.46613 1770.47076 5801.44121 4201.98871
34 68.00 8287.17207 7252.94415 3333.30996 7549.30064
35 70.00 4998.72564 9800.24153 9945.44863 3402.85861
36 72.00 7794.81612 3021.94674 2809.06155 5333.29285
37 74.00 431.89187 3034.70572 8732.45887 4387.89127
38 76.00 8019.92813 8436.97295 5414.01298 9908.27168
39 78.00 3870.16714 8564.45755 8451.25513 1621.97936
40 80.00 514.64367 5943.51491 8487.10020 8910.00434
41 82.00 3598.78636 5797.21397 8897.71345 8027.46277
42 84.00 4135.56552 1173.67008 1075.02573 4841.16807
43 86.00 9932.29461 4726.56469 3066.73422 4495.74995
44 88.00 2899.30006 7431.79726 4183.27580 4613.34714
45 90.00 5117.36069 7902.48859 1517.00684 3874.01154
46 92.00 5766.15208 2960.43288 3378.53352 9432.73328
47 94.00 6803.00236 7582.11771 5799.70010 6088.55072
48 96.00 2578.21127 6852.81145 5284.24731 3488.74805
49 98.00 4168.62354 8428.50979 3789.56100 5901.32756
50 100.00 5974.59124 9221.68939 9538.57822 7178.28727
51 102.00 4077.23614 2184.83869 1322.16781 4097.67082
52 104.00 5478.61393 337.70015 7675.29732 4428.59306
53 106.00 4407.07266 4562.15214 5961.43390 4683.87381
54 108.00 7568.68837 2051.20605 5650.00816 8254.14497
55 110.00 1443.15089 2228.21120 4684.35858 1837.37627
56 112.00 7454.29194 7587.99284 4440.39248 6700.79952
57 114.00 853.98980 9463.52485 7592.89386 9883.55989
58 116.00 1232.02705 5538.98637 4194.42983 1874.31348
59 118.00 7929.73779 4068.66629 9668.35781 6531.58053
60 120.00 1679.25174 2017.16238 2318.28281 6844.10885
61 122.00 7763.15810 518.85745 1430.97529 6167.82595
62 124.00 9290.73812 2522.31168 3790.85221 7874.98097
63 126.00 8143.95344 8895.96991 8345.18469 9519.32780
64 128.00 3778.45873 9849.10674 2585.90040 2265.65783
65 130.00 9171.30247 3988.26648 3437.89836 1305.14742
66 132.00 3410.23523 5376.85736 3917.87792 7785.28006
67 134.00 5987.85686 903.43961 5058.48313 2424.40101
68 136.00 7154.02453 485.60150 7854.69878 8614.85883
69 138.00 2649.01089 5310.62513 8280.27998 3363.31750
70 140.00 5317.08058 7798.72380 3406.42707 1066.33813
71 142.00 9618.46572 6317.51178 7646.68694 5202.82148
72 144.00 98.05726 1667.18590 3500.63212 3110.18205
73 146.00 1431.72581 8021.61247 3239.83477 9744.26534
74 148.00 4101.97085 9933.57884 9706.22973 3651.63522
75 150.00 8007.14389 4796.71274 8596.39838 9511.96577
76 152.00 5506.48567 6375.41637 4466.30132 3968.87414
77 154.00 6787.35556 420.43233 7221.06714 9509.55370
78 156.00 1687.83800 2491.06436 751.60749 4805.35813
79 158.00 9019.64410 930.30033 9688.38839 9035.66981
80 160.00 5601.82656 9644.58066 9225.03644 9514.20520
81 162.00 7756.85851 6618.33138 5399.45586 4719.75338
82 164.00 5244.83470 4840.36149 9196.85557 5193.94588
83 166.00 2029.82693 7975.81045 762.88665 8014.38772
84 168.00 8055.65769 5673.83948 7972.03551 1736.81144
85 170.00 8174.34148 4738.89455 6665.33020 3923.01837
86 172.00 3004.17059 4271.10292 2344.54782 7602.41711
87 174.00 5419.01980 5065.58411 4710.07384 193.86137
88 176.00 785.80891 413.27448 5270.71047 3122.19458
89 178.00 6847.74742 1500.62993 212.02223 6811.05615
90 180.00 7306.22528 6560.83575 36.26452 7231.58500
91 182.00 4890.98373 2975.57446 9471.15438 668.23240
92 184.00 2754.26779 4982.89217 1374.89078 8648.88360
93 186.00 681.50782 8684.43742 2690.60138 4150.52422
94 188.00 8744.46150 3195.37972 7397.21447 7799.18940
95 190.00 3555.11719 4057.53782 6805.45938 4473.16485
96 192.00 2757.74935 8252.36649 2298.11794 7213.10589
97 194.00 554.02163 5345.53788 7670.02146 2923.54649
98 196.00 5428.52915 9388.51221 1886.39307 133.96826
99 198.00 9675.95334 5076.88611 4934.11266 9020.86863
