3
50.0
30.0
1000.0
3911.11
0.6
100
0 0.00 8663.81809 6279.55478 3572.82603 934.17999
1 2.00 9763.92194 3263.57946 219.91650 1280.22844
2 4.00 783.86081 9473.70772 1400.31507 389.82039
3 6.00 9967.10350 8543.23442 9332.80338 1263.15175
4 8.00 9085.65626 3009.56447 8744.86291 7817.62158
5 10.00 325.32674 2375.13840 9677.03589 9095.43432
6 12.00 3465.90149 5306.86671 7088.16561 2175.14522
7 14.00 5162.05299 4434.65015 8245.54603 6000.03052
8 16.00 8849.76366 5869.12787 5254.35224 7484.69153
9 18.00 2708.95249 7166.90081 6380.84752 3274.17346
10 20.00 5262.66708 1049.77968 8580.21297 5357.84119
11 22.00 4860.19516 8595.62864 1877.93909 5152.19859
12 24.00 1380.83215 9317.97648 8519.51816 5868.81543
13 26.00 8680.73404 984.66601 3432.95166 8708.22723
14 28.00 3651.29699 4670.37921 4188.02714 5278.66533
15 30.00 5259.48544 7238.17453 3365.43485 3384.47784
16 32.00 410.18682 536.37608 5133.02014 5751.87515
17 34.00 7279.30827 8523.91950 6205.75609 8449.66049
18 36.00 2618.01785 5018.07969 3876.80613 6752.07129
19 38.00 3385.84170 8245.57168 7622.07026 5124.98755
20 40.00 2817.24919 7394.51014 8847.75204 8453.06749
21 42.00 7370.94216 5104.21020 1362.30295 2553.07662
22 44.00 4072.21881 2904.80823 2373.27091 3324.36174
23 46.00 4436.19720 8506.73723 5956.59710 3611.11874
24 48.00 7838.54293 6013.34383 7999.23351 9341.55615
25 50.00 3682.67297 3326.41263 5107.79642 8588.02885
26 52.00 5077.89610 7118.05590 6640.47168 4466.36702
27 54.00 7759.64173 3000.25079 7676.39159 4520.25992
28 56.00 4966.52856 4931.60242 3721.03882 8738.79784
29 58.00 3699.37303 8793.83979 1174.71964 2168.25109
30 60.00 4473.77377 8515.25883 7366.60798 8122.33923
31 62.00 2483.19436 5961.35113 6156.94955 170.26868
32 64.00 621.24220 2850.22764 3309.33935 3641.88094
33 66.00 9832.72763 5474.19174 3105.39585 6879.88965
34 68.00 4160.54677 8963.88190 9220.22996 8454.51876
35 70.00 1055.22792 4263.71546 1974.77979 5636.39859
36 72.00 7880.92117 6589.91030 4885.78946 1540.38014
37 74.00 3640.13691 2209.96867 9016.37882 9301.29216
38 76.00 7765.23236 4309.25782 2635.07393 7342.37558
39 78.00 208.21582 3011.25840 7822.38455 9112.66579
40 80.00 9857.30001 4908.19068 6795.39982 3973.00797
41 82.00 1973.44406 627.53707 2830.26791 3678.18333
42 84.00 1131.75725 6276.15081 2763.05028 4964.36394
43 86.00 9288.88855 8191.23946 558.82166 2829.17678
44 88.00 3645.37026 5556.84375 7903.05736 3531.92205
45 90.00 6224.87038 3362.11874 8307.79533 9236.32089
46 92.00 8014.20116 9582.19276 4239.62675 5582.43587
47 94.00 9698.60857 2146.89621 3730.11789 9700.88489
48 96.00 6580.27138 6993.55475 8606.42975 4146.12296
49 98.00 5089.74642 5604.90719 7823.19215 3561.21374
50 100.00 77.78498 9885.12366 7438.18079 916.57810
51 102.00 5027.42070 7591.32338 508.15108 2009.23041
52 104.00 4736.49353 3705.56793 3296.28972 4715.49157
53 106.00 3210.60000 1586.75574 6257.47232 5790.85137
54 108.00 5830.70950 2230.67532 5559.88009 8871.66918
55 110.00 7784.36385 6160.62572 9655.26568 8703.40460
56 112.00 6682.29659 4202.33965 5235.12167 9556.64322
57 114.00 8833.53088 9833.24070 5463.21655 6462.29786
58 116.00 244.43790 879.95097 3685.53835 7900.55281
59 118.00 5518.67941 5972.17262 928.34630 3694.24051
60 120.00 2046.09239 437.10471 4058.97232 484.87596
61 122.00 6110.89183 1898.59403 6778.65853 2373.64424
62 124.00 2171.33514 5706.63917 2429.93776 5874.35514
63 126.00 1849.40971 24.38945 6691.11214 2362.04129
64 128.00 5605.16273 4475.46233 1695.59717 6548.83295
65 130.00 9520.60722 5595.97682 6149.38253 5282.13339
66 132.00 2833.26573 9391.28335 5197.33124 7526.90559
67 134.00 4122.14128 4528.05776 4041.80685 7477.31200
68 136.00 2729.69126 8433.23535 1351.14578 79.02142
69 138.00 2325.85619 5125.03622 927.05043 2939.46178
70 140.00 7428.57864 4047.57585 2921.02020 2780.94077
71 142.00 7279.30723 4130.28466 2748.13897 299.86078
72 144.00 4631.00028 5588.05229 7664.95889 7649.83804
73 146.00 7616.25458 5992.70983 4340.93948 2396.17880
74 148.00 5938.83252 6512.04901 5182.83167 6830.99364
75 150.00 5496.66133 4436.26812 8547.37537 2726.26159
76 152.00 5664.78328 3111.00084 5264.74524 6637.51409
77 154.00 3059.55387 9498.72593 3840.22212 6098.59938
78 156.00 9827.58066 5690.36652 7031.38168 2493.21379
79 158.00 8103.73651 3302.81197 4371.62387 3109.52393
80 160.00 1441.72730 6150.50027 102.36911 1525.96314
81 162.00 3788.54676 7939.26020 7590.04392 8468.90565
82 164.00 9387.42716 8052.03858 2682.68971 9551.50549
83 166.00 3886.00956 4182.99471 9959.99685 5193.60684
84 168.00 9587.36806 1217.35198 9863.53096 1820.61708
85 170.00 1391.05198 7815.02297 1458.94075 6649.89045
86 172.00 6499.26459 9747.73361 6456.02101 2662.89677
87 174.00 5601.84937 1373.70901 9033.15910 2265.56416
88 176.00 2077.88745 4859.70383 5579.97151 2698.41418
89 178.00 9812.48464 6754.89915 643.21832 5146.81141
90 180.00 4919.39812 3008.01648 8832.50683 5208.26608
91 182.00 3267.81932 5014.43060 514.57762 2654.95351
92 184.00 3297.02380 5841.21655 6864.86079 9133.63523
93 186.00 3255.51783 7755.57678 6625.92354 6517.26133
94 188.00 6660.84602 7908.04393 3718.39984 8011.41869
95 190.00 5024.15690 5616.22461 21.28967 8866.92385
96 192.00 3373.24150 8497.29566 1317.64687 3955.99042
97 194.00 7486.10902 6516.58538 2611.38273 2554.48259
98 196.00 6016.54368 2148.35532 4142.31091 2241.91376
99 198.00 4668.92146 3676.45051 1073.70907 9621.28814
