3
50.0
30.0
1000.0
1287.88
0.6
100
0 0.00 5963.13397 7338.82271 942.42567 5032.40153
1 2.00 7004.71227 4767.58329 3053.24188 9066.67767
2 4.00 2386.19485 3151.12499 694.54634 1873.44412
3 6.00 8998.69222 1418.33655 127.34828 4746.00691
4 8.00 3340.54150 1775.15052 2638.32188 769.77068
5 10.00 6792.02942 8530.89668 5940.05155 9695.41531
6 12.00 5831.58858 4883.07341 2475.10429 1093.85997
7 14.00 8189.26439 5672.66730 9904.13102 8353.59031
8 16.00 5252.69184 1673.04738 1465.82959 939.10099
9 18.00 3046.02271 7361.86462 4526.16353 7348.15004
10 20.00 9897.93118 2573.39512 4864.93314 3642.89332
11 22.00 135.61054 3526.26378 7101.57151 8913.72416
12 24.00 7745.26296 8569.56161 9021.66827 5957.43541
13 26.00 1127.61067 6857.84158 7282.15543 207.27278
14 28.00 9786.37438 8562.65524 6593.66913 1416.33126
15 30.00 4978.32231 2443.67805 7410.12429 9732.90588
16 32.00 3594.19929 7443.65119 1938.42112 9548.14407
17 34.00 6387.33753 9654.53061 8771.44036 6788.01526
18 36.00 8992.21382 4492.69347 9583.06125 5269.06879
19 38.00 2653.09333 6790.66363 8879.94903 3910.26226
20 40.00 4172.94286 9939.43708 3093.23297 410.99977
21 42.00 5200.77733 3432.74443 6123.67430 4334.59623
22 44.00 4550.27674 9681.53036 7923.40512 2884.08534
23 46.00 9694.69890 4989.27019 6855.26700 4663.17472
24 48.00 1502.27752 9666.71469 6237.95134 6643.20321
25 50.00 3036.45600 2882.59954 7997.85065 155.92400
26 52.00 409.53094 2830.17299 5930.71618 531.93282
27 54.00 3058.21501 4303.22829 6602.53315 6.41711
28 56.00 2514.33463 3502.18236 2832.65537 8590.10544
29 58.00 6653.25999 7688.85378 1550.37015 860.03465
30 60.00 2706.68895 9959.14256 1967.27413 5852.24836
31 62.00 807.17938 2188.57765 4731.77768 3546.32238
32 64.00 8117.09089 6370.44649 4225.63288 9669.06815
33 66.00 981.38697 2612.60911 3020.22655 3107.35801
34 68.00 5639.07612 6789.23211 3224.79902 5781.67417
35 70.00 6833.21184 1995.06665 1356.90752 5542.83769
36 72.00 3010.62266 855.97927 5666.65090 6283.18827
37 74.00 5458.30676 3759.65944 8759.21479 4368.92816
38 76.00 1386.09875 4419.01331 3132.60462 9348.79815
39 78.00 7125.98505 4683.78874 4276.69171 4205.05665
40 80.00 4102.58624 276.72938 5589.09103 9574.91754
41 82.00 4209.18622 7558.56455 6152.08551 3023.89985
42 84.00 2426.45655 5122.06796 1272.74861 5432.69552
43 86.00 5655.74600 2933.43187 7553.35173 3926.59322
44 88.00 4029.42126 59.52846 8074.81026 8749.10873
45 90.00 4602.20753 543.46234 546.92755 8298.94289
46 92.00 6498.79941 3334.83455 973.99062 2905.76924
47 94.00 4814.67900 3313.07596 608.64770 7404.72939
48 96.00 6744.12999 7393.63422 530.20266 2050.64450
49 98.00 1441.51900 7404.24119 4953.04653 2235.43584
50 100.00 6756.80761 8522.55696 3008.92209 3108.90829
51 102.00 9891.58630 64.50801 4849.55144 6877.74697
52 104.00 1147.08864 0.35712 6037.90662 1210.34417
53 106.00 968.63637 2042.93654 4737.42403 8327.26453
54 108.00 4438.15875 556.53162 1218.11415 4045.57336
55 110.00 9826.96266 8202.70957 8417.20803 5467.19248
56 112.00 8216.86459 6813.20447 8593.13888 6171.58518
57 114.00 4323.53699 6361.97165 1848.07853 8185.50101
58 116.00 6574.65363 1707.75492 7416.64720 5466.81026
59 118.00 4761.58399 2900.36189 6675.35529 9590.91414
60 120.00 4929.64136 6676.99659 3911.89220 6976.52704
61 122.00 1073.35839 4168.96469 4248.32956 279.70659
62 124.00 4570.82280 5642.09084 110.19644 3027.61570
63 126.00 6451.08988 8932.20973 6198.76463 426.31797
64 128.00 9070.58435 9627.96525 4679.07107 7230.65268
65 130.00 2769.04039 9817.53686 3577.47663 8558.39572
66 132.00 5032.05621 3488.34082 7062.24617 3906.24326
67 134.00 627.65771 6559.19248 3518.67003 7192.09109
68 136.00 3392.91077 7151.82333 7866.96867 2783.40144
69 138.00 7626.07587 3029.29885 3939.28730 9161.60024
70 140.00 6451.34006 3765.22734 4717.52313 6589.71810
71 142.00 5760.38954 9274.12245 7753.97999 5254.33907
72 144.00 1294.21969 3240.76612 9551.94597 3480.95220
73 146.00 6174.75024 4037.73852 449.29132 8520.31184
74 148.00 1591.79674 965.40441 1062.20435 9342.33909
75 150.00 4764.13007 7599.09281 9813.28396 8085.55483
76 152.00 7326.47052 2366.17186 8997.94309 1739.97959
77 154.00 8924.72851 7558.13874 4200.56156 643.69902
78 156.00 6119.03625 1144.73783 8468.01853 728.81694
79 158.00 7633.51950 6065.33301 8406.79355 9235.50845
80 160.00 3211.59215 6987.25726 3776.28946 9888.70864
81 162.00 5737.79662 1997.34428 2524.94942 4375.14854
82 164.00 2860.89333 2011.92742 1620.89582 8138.37741
83 166.00 8086.72218 1922.95813 5821.07946 6291.15663
84 168.00 6686.58250 2035.39610 8100.08847 8932.91011
85 170.00 3595.61002 4080.27370 5465.80843 719.65116
86 172.00 1853.04356 7299.77116 9109.88500 6422.32377
87 174.00 4961.75469 8324.02909 5703.70069 4737.32870
88 176.00 3521.06052 6184.78864 5586.97312 1378.73536
89 178.00 671.54679 4275.11749 3761.18227 708.67617
90 180.00 781.43806 7823.87357 2982.26983 1179.27495
91 182.00 2305.73506 6014.89585 3309.19795 2240.21225
92 184.00 9406.17519 9222.73329 2513.81847 7032.73314
93 186.00 679.52818 8714.73336 9681.14818 747.77123
94 188.00 5753.55874 8531.95217 9318.09050 5000.47008
95 190.00 3992.19659 566.48199 6975.17908 1108.74471
96 192.00 4709.78707 9173.91337 2630.53072 299.78030
97 194.00 3380.45243 2608.81105 3345.41245 7647.35915
98 196.00 1392.88628 5470.87348 7338.72669 9241.74262
99 198.00 6633.36127 8782.70179 2356.17202 729.11902
