3
50.0
30.0
1000.0
4604.04
0.6
100
0 0.00 6746.83729 5051.81558 7819.37738 3790.72874
1 2.00 8306.32026 2920.59718 9599.36757 9436.55153
2 4.00 8778.58799 6789.66347 5701.92315 7080.00053
3 6.00 5539.55262 6316.62787 8100.90779 7942.97741
4 8.00 203.25274 5501.40640 6448.04441 232.41340
5 10.00 301.58275 7423.54924 1779.05757 8169.97241
6 12.00 6678.04870 5961.50600 3951.12412 3197.36809
7 14.00 3218.11508 3233.63025 3401.94792 2533.58117
8 16.00 5826.91034 7547.55577 427.44596 6992.84795
9 18.00 4453.04834 6324.66523 7845.02385 9908.91075
10 20.00 140.20202 5112.53268 15.64903 2651.69089
11 22.00 9400.70974 5148.44378 4837.47467 1833.92728
12 24.00 1566.26587 1744.95462 8578.08103 8998.07294
13 26.00 2929.98186 9759.54911 6922.64390 9586.04555
14 28.00 4235.39157 7037.70434 1285.08647 2974.11001
15 30.00 5162.74320 8534.80831 9498.50738 3453.31193
16 32.00 4566.38218 5863.23727 1552.88516 3318.87395
17 34.00 1800.41393 2171.43341 9100.85509 2056.71949
18 36.00 9430.07434 3275.46643 9445.46837 4632.95761
19 38.00 6755.13219 6798.45553 4977.06350 2126.75879
20 40.00 9032.00565 7870.16174 1300.80897 7991.66097
21 42.00 7690.39715 5320.32459 4821.06479 480.88172
22 44.00 6656.15798 90.75085 7088.59374 5902.88978
23 46.00 5992.65509 2567.60739 4703.12379 4773.83070
24 48.00 6295.48169 6857.23287 1823.27985 5100.04647
25 50.00 9555.71113 4129.35720 9403.70699 9912.84516
26 52.00 5963.29935 4813.69263 2642.00449 3943.28053
27 54.00 8873.89561 9793.47321 6042.47717 4975.36122
28 56.00 6685.06080 4745.67310 7936.54709 8979.23447
29 58.00 7499.80264 4594.63471 7506.98663 1702.78291
30 60.00 7680.46522 3682.52310 4231.95396 6564.33566
31 62.00 2449.79879 9895.69364 504.17872 1536.39446
32 64.00 7571.68429 3868.57360 9889.21731 9171.53854
33 66.00 3717.14910 1444.07964 3624.07001 5320.18911
34 68.00 7276.46870 8894.53615 4896.20240 3201.75929
35 70.00 105.20007 9695.85259 7592.70438 7461.17667
36 72.00 6611.86341 1758.57555 6885.72900 6524.58613
37 74.00 2975.34852 4612.51697 3860.07005 9472.87304
38 76.00 4151.98861 6784.28948 9396.15213 1834.13973
39 78.00 3788.77506 2603.08091 6976.69265 7886.75082
40 80.00 2046.09570 4048.83725 9320.35582 1073.16723
41 82.00 5731.10628 1760.54708 9620.71083 4413.97364
42 84.00 3944.62769 2981.13169 2229.65155 8674.88487
43 86.00 382.49855 3183.63317 6295.47243 8368.39544
44 88.00 3932.48706 9921.26311 2177.12075 165.09876
45 90.00 6519.45624 2008.51488 1450.93118 9255.80800
46 92.00 7925.42197 538.16910 6788.22704 3888.40804
47 94.00 564.86409 5104.17629 8701.26983 9650.54258
48 96.00 8098.15211 8468.55966 554.72999 3004.59965
49 98.00 9094.98092 1080.94186 2044.81704 6540.35914
50 100.00 7651.47782 8919.95138 1954.11353 9321.88762
51 102.00 7294.70018 7486.24702 9936.02251 6309.98271
52 104.00 6043.52038 3648.90456 1600.91568 9219.13591
53 106.00 8868.38482 7654.21672 5956.97018 5807.44943
54 108.00 5441.25307 4406.66754 4688.13216 611.89170
55 110.00 3605.42046 5168.28959 5847.70424 7702.98735
56 112.00 4742.03334 9856.91325 6933.95075 9199.33584
57 114.00 3841.80632 7655.78632 9304.48071 3256.58040
58 116.00 7038.03134 1830.80733 8220.92376 4782.58140
59 118.00 496.25983 1272.92488 2472.87141 7759.30328
60 120.00 8253.74984 2121.44792 1286.90752 5093.14497
61 122.00 1950.35804 8153.70808 4206.92466 1566.04007
62 124.00 2497.13744 7578.44646 8443.06391 2871.27466
63 126.00 3597.06130 4820.29588 6931.88594 7418.49598
64 128.00 9908.25736 5263.00753 1727.81644 6254.03983
65 130.00 3744.10071 7224.33147 3531.93513 4136.76141
66 132.00 849.73451 4357.33264 9876.98465 3645.87444
67 134.00 5579.75006 1565.10995 2201.14534 3686.01474
68 136.00 8829.09932 6908.03353 3231.63499 4902.46189
69 138.00 258.32019 9883.19515 4371.79202 57.42034
70 140.00 6668.98505 7677.78770 5469.37978 8697.69117
71 142.00 1773.35855 9283.86317 7973.78199 3568.14496
72 144.00 1437.19588 8538.61738 5271.55292 4978.52989
73 146.00 3745.64295 8937.72790 3507.49782 9054.50222
74 148.00 6489.18304 3003.20756 9432.20825 4105.38506
75 150.00 6641.88745 8504.92580 4988.36817 4123.60134
76 152.00 6758.88183 3209.58831 4548.53443 1508.90566
77 154.00 5199.20805 1027.08390 98.07817 9649.04920
78 156.00 9987.10569 9491.89651 7259.74386 492.80275
79 158.00 5463.30907 9346.29981 4801.83075 4031.21291
80 160.00 3104.99071 9355.50473 3506.19873 255.61703
81 162.00 6776.49173 5429.36594 6505.10296 3200.60488
82 164.00 105.37424 15.08404 9044.79844 5560.58786
83 166.00 6804.32847 4204.67172 5945.40756 8037.15646
84 168.00 2599.94784 4995.48275 793.79347 2121.45421
85 170.00 5313.90576 7719.48291 5480.53294 4267.68566
86 172.00 1938.61431 3840.97172 6339.99886 3886.62016
87 174.00 3304.94249 9360.22581 2339.70287 8172.38558
88 176.00 4426.85822 7437.53169 4084.23856 2288.70825
89 178.00 9526.72843 5771.57102 8606.19285 1562.16977
90 180.00 8653.09089 6923.94588 9198.77364 1702.68547
91 182.00 1144.43337 9248.69828 3449.28123 1813.18188
92 184.00 4849.23275 2067.36017 8860.68401 4987.36666
93 186.00 2882.99389 3132.22595 3231.32314 1645.89391
94 188.00 6002.86456 86.73156 9082.83782 39.04851
95 190.00 4732.38089 7515.48830 264.20628 4782.00919
96 192.00 9091.41389 5636.72598 1638.45499 760.35204
97 194.00 3554.02819 5874.98199 4508.96839 9765.06673
98 196.00 4096.89787 160.74721 5326.33206 7414.82988
99 198.00 3170.83728 1148.51517 5566.49864 4390.83716
