3
50.0
30.0
1000.0
2822.22
0.6
100
0 0.00 6582.00166 8798.52453 1001.50044 3292.69598
1 2.00 6321.25616 6813.45558 7676.31749 4399.78292
2 4.00 9050.68293 3574.76399 6437.07455 5247.97607
3 6.00 6178.67310 6755.01860 7391.50697 5165.78289
4 8.00 7109.08345 2801.56689 447.12479 3676.44489
5 10.00 5091.00829 2092.36578 9718.58584 3113.63318
6 12.00 3085.68775 4833.97275 514.06262 9197.46225
7 14.00 1024.02730 1523.84385 2268.21728 6481.76587
8 16.00 3227.04083 492.19565 4005.96347 9904.80173
9 18.00 1138.30837 6277.85211 3935.43957 9343.93829
10 20.00 5338.15016 746.47782 374.74488 6388.70116
11 22.00 8783.41443 4503.34248 4464.08686 534.36815
12 24.00 8824.80146 2321.20765 9735.22732 8042.96559
13 26.00 6275.63061 3571.60497 5123.78121 2634.04588
14 28.00 9763.26708 5745.04978 2934.44455 9149.79434
15 30.00 9896.75762 8194.02775 4232.58437 8562.24778
16 32.00 9537.78843 8144.03527 663.93654 2179.29184
17 34.00 1347.12559 3192.98003 2186.29791 4986.09122
18 36.00 6619.05171 8686.04043 3550.67235 9449.03288
19 38.00 3660.51484 7064.18476 1601.66961 9100.12042
20 40.00 6693.59961 6625.46385 2335.21425 5090.43957
21 42.00 9617.31915 7740.23196 2083.77307 377.45864
22 44.00 5649.34871 887.28237 5592.10586 9217.66659
23 46.00 6618.88795 6425.32961 9959.29769 2267.68652
24 48.00 1750.50343 904.70235 8545.36436 7363.88008
25 50.00 689.72569 3469.59476 7388.66152 5375.44163
26 52.00 5830.77948 7970.96971 239.65992 4665.63768
27 54.00 2073.03951 2916.36957 3843.00655 4709.42704
28 56.00 2546.08120 1766.85979 1223.31719 7430.10466
29 58.00 5723.01897 5447.69349 6503.01740 9215.78114
30 60.00 4870.56168 7407.23676 9233.48590 6097.59354
31 62.00 4246.94784 4419.53450 3366.70108 9483.04587
32 64.00 8975.59845 769.22570 6644.04371 4044.89492
33 66.00 5518.11398 6455.30431 9427.91926 8912.40336
34 68.00 988.81872 7877.35639 2998.51893 2734.57413
35 70.00 4795.12717 6990.50478 585.73624 5907.98708
36 72.00 8172.98431 2033.95662 4868.53404 4497.48488
37 74.00 258.30453 9962.23816 5914.91333 7189.65559
38 76.00 1253.74932 4050.68094 6644.37917 9969.20707
39 78.00 9710.93433 7706.50535 286.71800 1515.62649
40 80.00 9617.43197 6344.14899 9692.44420 7491.01289
41 82.00 5751.37971 6458.09647 3844.70826 8191.70052
42 84.00 1165.75059 8906.91699 4156.16120 4524.19888
43 86.00 1231.14285 7462.54887 9899.47680 4138.62939
44 88.00 9525.46500 14.95660 9973.81891 7466.05489
45 90.00 9152.70606 2778.84842 8113.07728 9217.19365
46 92.00 1344.27278 8490.29629 1280.05938 6800.49372
47 94.00 9788.48340 2686.64871 5883.83098 396.17830
48 96.00 8996.44375 2087.56773 4377.18123 4233.76721
49 98.00 2207.07207 4209.76024 3580.83424 7403.69395
50 100.00 937.87346 8642.44293 6142.68184 3273.97832
51 102.00 6356.64704 2760.78178 4036.05395 2743.47814
52 104.00 269.01779 1642.04584 2453.13233 8583.46830
53 106.00 626.67112 3040.45453 3954.52894 3604.96502
54 108.00 8816.82093 1401.12496 8090.03922 8135.56120
55 110.00 1100.43671 3837.30100 4896.16258 1282.40685
56 112.00 2181.85284 5676.11654 7822.94793 3567.04188
57 114.00 9045.95901 3813.92188 6123.40552 3348.55090
58 116.00 5826.47836 1579.50726 1827.07701 6853.09100
59 118.00 3756.29096 8807.98647 8118.92808 2986.30562
60 120.00 449.81197 2163.31891 8583.14998 7928.12809
61 122.00 8143.53321 3233.76372 9728.02737 7429.51101
62 124.00 3345.22555 635.45881 7220.06388 2082.86269
63 126.00 9367.91150 9685.43859 7794.87552 9253.59597
64 128.00 2558.17986 5493.26497 4811.11140 1805.67939
65 130.00 9106.04965 2286.93817 7.93623 4688.21986
66 132.00 2412.00335 2334.25148 2526.90941 3611.97205
67 134.00 3779.70544 7389.37115 836.92047 6866.37740
68 136.00 2924.10713 8294.58618 1488.16901 927.94993
69 138.00 2607.14365 7816.67676 4579.88437 5170.58622
70 140.00 5896.45429 3168.15169 635.27660 8748.48572
71 142.00 80.77229 139.64009 3222.30662 2438.60218
72 144.00 4955.47113 4354.46727 947.58581 1943.19174
73 146.00 6983.65066 8043.91163 5020.48456 597.74541
74 148.00 7230.86660 5359.13553 9650.29204 857.74104
75 150.00 2061.30427 843.07733 920.99212 649.22916
76 152.00 2288.39959 4813.81085 4125.52798 6313.07334
77 154.00 9452.88567 147.82142 7984.31810 776.16241
78 156.00 4561.07602 453.37317 6713.87996 6308.61808
79 158.00 3200.83502 3011.92299 3306.68485 4541.41519
80 160.00 528.79039 6423.14818 6516.97821 22.99593
81 162.00 8637.24846 8219.68143 6565.45700 2443.91120
82 164.00 8086.35575 721.01998 9420.65703 1792.05855
83 166.00 7430.45980 122.37380 332.40371 1846.86185
84 168.00 542.29835 9589.37634 4317.37213 3352.40632
85 170.00 6470.31923 9423.80908 9099.53614 188.66887
86 172.00 3264.40930 8309.42401 1681.99675 7409.00443
87 174.00 958.37632 7882.61340 273.08497 4088.57662
88 176.00 366.68182 3150.37095 2560.94555 7385.35342
89 178.00 5663.89800 190.93313 9831.03930 4017.95338
90 180.00 8928.36453 2058.06664 7401.88565 1406.49521
91 182.00 1356.83446 1366.30075 373.58254 9912.13801
92 184.00 2321.07184 9773.15043 1304.91705 6648.39232
93 186.00 471.91541 3777.80722 6550.15044 956.05790
94 188.00 6632.54885 6139.49223 463.57079 755.25650
95 190.00 7581.64676 2560.25981 3067.47289 2236.27162
96 192.00 1010.28749 2278.24924 1743.09316 1815.35464
97 194.00 3788.32437 9728.57506 7966.07071 1583.23863
98 196.00 7329.37407 2541.62977 8324.03830 4117.20437
99 198.00 2833.08233 1262.40419 3042.79277 5005.97301
