3
50.0
30.0
1000.0
149.49
0.6
100
0 0.00 4421.59799 2137.01401 4731.86186 9011.80826
1 2.00 7960.24760 1696.91396 847.95537 5154.52010
2 4.00 6329.40856 3351.88255 8184.23465 7511.38138
3 6.00 6727.95671 2246.40666 1991.29933 244.25388
4 8.00 2448.42544 4751.36344 8497.37695 728.28229
5 10.00 4144.41011 6297.65381 1944.35237 6963.54250
6 12.00 4943.77169 2439.84440 6560.58011 55.44818
7 14.00 7509.64477 7700.46189 1065.87297 4251.46194
8 16.00 1758.86682 9579.66042 5179.57750 502.18385
9 18.00 2491.98280 8483.36347 4564.61825 8014.16602
10 20.00 6675.77733 9878.92453 5954.52318 9500.39608
11 22.00 8914.25926 6126.52323 7192.73961 5047.78165
12 24.00 8305.69170 5478.71951 8972.08103 7436.55442
13 26.00 4746.74437 2591.91548 2472.39738 6376.61437
14 28.00 7658.13684 5212.99813 6267.48437 2745.97447
15 30.00 774.83354 2857.28151 2717.15107 3197.09568
16 32.00 5401.52223 1383.74062 2312.61480 6939.49812
17 34.00 7064.19142 642.28851 4075.99370 5426.11141
18 36.00 4157.74234 2068.34390 4201.43518 9048.38478
19 38.00 5840.79414 6955.22986 8567.32032 7655.94576
20 40.00 3803.81029 58.96084 3517.58803 7534.75125
21 42.00 8534.47951 9534.30338 4190.21283 7475.15669
22 44.00 5461.32310 6032.52589 2205.38694 2194.21635
23 46.00 4358.35976 290.24820 3361.29544 6791.41885
24 48.00 4043.16669 1650.44731 4673.90149 1276.27797
25 50.00 6222.56961 269.66452 3940.20256 5643.91983
26 52.00 271.02046 6427.49648 1356.99487 4616.98444
27 54.00 502.84633 3791.03864 2116.60284 3268.45805
28 56.00 7612.29708 3791.26216 7520.09824 8319.24285
29 58.00 2522.71532 819.06233 193.83287 5394.19048
30 60.00 9999.07829 3499.60344 6501.44093 7812.33050
31 62.00 6517.54655 7542.33204 9496.11733 1993.60682
32 64.00 203.80017 1523.82346 1262.20975 6694.58845
33 66.00 5639.69582 2179.64541 6994.64971 7668.98098
34 68.00 1677.89143 6072.47494 7479.25652 1145.32871
35 70.00 8193.01174 9647.20773 1080.98750 256.78425
36 72.00 3119.57244 6773.47287 9581.72838 3966.54442
37 74.00 7150.14705 759.96478 6906.14416 6272.42396
38 76.00 1019.01305 7724.80885 8502.93239 6004.11615
39 78.00 1210.55065 9838.44352 7826.35346 3472.03765
40 80.00 4283.78013 3705.70876 5059.60790 3412.31175
41 82.00 8495.75627 8223.30918 1055.38871 9607.87567
42 84.00 6355.85106 8287.07311 7073.08644 4354.87145
43 86.00 7337.95304 9654.73731 2700.82396 8081.99219
44 88.00 5381.72906 4834.97504 4355.74493 7310.26214
45 90.00 2683.95538 8517.13160 8307.31019 866.62898
46 92.00 8816.31184 2438.63439 4647.08467 6103.31704
47 94.00 3789.89304 286.99998 8509.52836 1818.39857
48 96.00 2121.19850 7978.32357 3403.38843 8803.19980
49 98.00 7011.83750 2762.68576 101.51114 9480.62578
50 100.00 856.12962 7200.74664 4885.77847 7581.64653
51 102.00 6906.09339 6459.02900 4908.21335 7929.32868
52 104.00 930.53351 2215.96400 6917.87155 3062.06030
53 106.00 5815.55585 4732.60489 5309.21931 4255.03813
54 108.00 7459.35437 3307.91297 7028.54942 2709.16427
55 110.00 2514.03676 1206.55885 1925.84293 1195.54741
56 112.00 5358.63965 7621.89609 1851.49842 2163.84640
57 114.00 4841.98587 7245.85001 9766.07023 5246.36869
58 116.00 2829.98703 1005.26108 1941.17578 2274.83163
59 118.00 1794.41544 141.48367 5341.35089 2743.11327
60 120.00 9742.94931 5533.58967 6974.17393 1262.79493
61 122.00 8684.61197 4908.78695 8727.19735 5740.64220
62 124.00 4693.96945 4404.68798 1843.63670 513.76717
63 126.00 9410.63597 4777.29187 8221.15645 4007.07442
64 128.00 740.82170 6294.45707 536.09074 1491.97584
65 130.00 5628.39597 3038.35512 9939.18123 1184.51562
66 132.00 7644.43445 6063.17651 7907.40830 2256.87137
67 134.00 5225.72535 4505.14465 4427.21004 8601.66666
68 136.00 9900.31260 3053.80244 6210.27321 6096.30912
69 138.00 7400.89305 9475.90200 2077.87906 2110.25195
70 140.00 6604.28137 1570.57093 1738.13548 750.64869
71 142.00 26.75723 4505.03705 5938.11195 2912.59289
72 144.00 2314.76235 7069.55830 7029.87558 4540.31326
73 146.00 6873.84920 9239.11044 7878.28027 6250.58007
74 148.00 6611.83043 9336.68458 4251.38966 5445.62379
75 150.00 6476.34723 9084.11445 8266.31160 714.09837
76 152.00 1659.22789 3076.11813 7489.57722 5692.07049
77 154.00 2886.10588 1243.53658 6886.77991 6997.33685
78 156.00 9426.76241 5004.72177 4937.95219 804.41852
79 158.00 398.60784 4320.28664 3223.21583 2503.67902
80 160.00 913.26887 9619.11102 8359.58614 5751.99109
81 162.00 9507.86278 9995.72417 6722.81584 2695.11026
82 164.00 402.31673 7562.68830 4705.00823 6515.09489
83 166.00 9160.72788 1814.89147 5853.29625 6347.84719
84 168.00 4917.25802 912.42406 3479.61056 3333.08394
85 170.00 6701.33510 8577.33094 3298.03664 6936.73674
86 172.00 2882.17795 9451.93540 8135.66035 5500.96609
87 174.00 4548.25909 3145.17157 3232.73786 9701.84727
88 176.00 4041.75057 5145.96252 9881.19215 6576.60386
89 178.00 5425.93594 4132.47571 1875.82541 3617.79359
90 180.00 7564.43154 6254.08742 7599.90536 2035.58238
91 182.00 5492.19639 9276.72761 4381.16095 6982.50029
92 184.00 1214.26083 9731.46816 6088.71667 2392.97462
93 186.00 1583.78164 5508.39007 5522.51409 932.09201
94 188.00 9922.57139 9129.29878 4614.47894 1174.66149
95 190.00 8321.43174 4983.75505 7166.03326 5088.72015
96 192.00 2734.24897 8347.23946 9802.44633 2437.30906
97 194.00 5512.65077 3835.86013 9218.68150 5082.40892
98 196.00 8793.26255 8640.26934 2762.47403 7900.06182
99 198.00 4149.42424 9342.48394 5077.37676 8205.49473
