3
50.0
30.0
1000.0
1436.36
0.6
100
0 0.00 8709.13221 1316.48206 4195.72583 8458.03135
1 2.00 560.47994 6374.78156 623.25472 974.75461
2 4.00 5440.83486 9834.03428 1941.82378 6140.03790
3 6.00 166.74454 8372.73528 8482.30026 3164.80286
4 8.00 7093.08953 9057.24749 5868.47489 9443.00975
5 10.00 5163.40450 9405.45162 4031.73085 8377.16674
6 12.00 6696.41175 649.54901 8250.47543 5015.25694
7 14.00 7289.57066 839.68700 4433.98871 2755.25455
8 16.00 1986.83401 5054.65831 1729.68214 7468.28428
9 18.00 8378.59697 32.24383 2737.63139 3506.84778
10 20.00 3414.52490 5681.73266 6962.92185 5661.89289
11 22.00 4630.05372 1162.61690 905.61719 7295.50377
12 24.00 1856.58889 5911.48530 9657.65596 7667.22569
13 26.00 7887.36679 2175.25852 3745.29559 812.74933
14 28.00 7242.76766 2467.32118 8373.08322 6423.17392
15 30.00 9014.79199 1910.86059 7558.32544 1327.34815
16 32.00 533.35304 7059.13963 1780.04036 1404.26074
17 34.00 3155.40980 2259.60380 1882.45291 8835.68579
18 36.00 1771.12087 2949.32345 6975.58160 2645.45143
19 38.00 4898.85661 5786.96164 3488.59197 6418.25911
20 40.00 4496.73145 6310.26407 8317.30442 367.31094
21 42.00 8347.24192 3856.80692 5379.48784 2106.62797
22 44.00 7021.87467 3469.21531 8109.08323 7962.71401
23 46.00 2074.46958 6996.53826 5037.65252 8298.57683
24 48.00 7942.95030 907.57500 7734.08996 2582.13850
25 50.00 4676.88197 314.48051 1152.98186 6583.32181
26 52.00 1864.25511 1398.15282 5868.20761 3722.82748
27 54.00 3779.10157 5883.90782 338.49786 7012.88284
28 56.00 6294.72080 8693.29102 78.98302 4214.07763
29 58.00 3347.12478 6478.81313 1002.07688 9131.48823
30 60.00 3062.75630 4668.41232 1861.60726 217.49969
31 62.00 8092.21332 4564.45676 5759.65201 4349.68477
32 64.00 3993.33481 8340.96411 2525.74770 3732.14778
33 66.00 3378.78261 6785.55842 3001.73298 9707.65672
34 68.00 8774.32713 7631.72991 9008.65524 5069.60758
35 70.00 4209.85985 7740.72448 9539.81940 4007.50127
36 72.00 285.55171 5122.04350 9223.53598 8865.95246
37 74.00 9652.35611 9428.46332 1984.62143 9724.27752
38 76.00 7518.50092 1298.90827 3331.47114 9599.13299
39 78.00 9703.25128 3092.73539 7658.23112 8014.89624
40 80.00 4587.13520 1653.42081 8.43209 1474.91010
41 82.00 8829.54740 3012.82334 803.75270 2361.83583
42 84.00 2033.21982 901.66895 2447.32523 6847.13576
43 86.00 8456.68396 3742.57810 4773.44089 3447.11863
44 88.00 4708.00694 6867.86438 6987.79748 9128.33046
45 90.00 6684.36850 8313.46992 7062.24101 7630.56173
46 92.00 958.24863 1285.02394 7630.44297 1335.26269
47 94.00 7732.60439 8980.21290 8197.91076 7303.72108
48 96.00 4245.92440 3938.50360 716.56796 4883.09329
49 98.00 7404.29118 5864.28955 2216.94044 6085.22335
50 100.00 7678.43926 3691.32566 3398.50951 8232.38142
51 102.00 6105.66524 7516.84460 9145.86001 6455.77269
52 104.00 1380.79900 1879.70549 2112.32344 4354.00628
53 106.00 3395.86656 6540.44935 4257.11320 2849.64124
54 108.00 3868.15516 8212.75014 348.26661 9585.12745
55 110.00 4217.36890 1635.42877 6823.39776 8342.32495
56 112.00 4649.22702 826.40472 6860.65620 1014.05096
57 114.00 8624.66480 8035.50257 122.24489 3190.25778
58 116.00 5746.82210 3839.90285 4546.92066 4861.39384
59 118.00 9599.21052 4017.03391 7713.59660 3029.54513
60 120.00 2586.49049 6341.17179 6036.36047 8024.18395
61 122.00 4502.69941 3728.25315 4735.47285 3350.63508
62 124.00 5350.24166 3648.61787 7854.94724 9807.34508
63 126.00 5317.11629 3834.71823 6747.18910 1503.87220
64 128.00 3371.15690 9341.77076 5901.53018 1976.13049
65 130.00 8128.35109 7276.28767 4549.89362 485.43598
66 132.00 2817.13955 1215.51446 4896.21412 3671.04121
67 134.00 8891.65935 6863.87639 2523.26805 3374.61745
68 136.00 2961.44454 8191.69343 5427.48498 1787.28180
69 138.00 3568.85362 175.18993 3246.32550 6359.82700
70 140.00 5957.78906 3572.44482 366.12351 7386.80306
71 142.00 2486.26718 840.46860 945.72575 7267.87404
72 144.00 6329.20023 4311.00547 2746.96233 9718.52775
73 146.00 6889.91961 2441.00704 8255.71410 8349.17902
74 148.00 7326.87777 5235.58748 4584.19569 765.36144
75 150.00 3727.95329 1467.50447 9768.43333 6378.14483
76 152.00 8820.36888 3819.12995 9802.66487 787.64866
77 154.00 9274.40551 7492.66999 4225.29909 223.83475
78 156.00 9503.58881 2568.58004 6528.95434 8829.25362
79 158.00 8368.53317 4334.35283 1164.25431 1916.43637
80 160.00 2609.75748 3032.01419 5140.39573 8542.43649
81 162.00 2437.52403 7989.54100 3742.36387 4729.18400
82 164.00 7607.19046 4369.45634 7468.69793 7783.08974
83 166.00 2768.53811 6714.39641 6046.22568 9097.46410
84 168.00 6782.08249 2726.79403 4071.82792 187.18949
85 170.00 4143.24840 1297.66943 2670.53280 5990.79451
86 172.00 9758.97622 3181.59395 2213.23686 180.72923
87 174.00 3246.08834 637.22459 2878.31312 7120.33604
88 176.00 8269.74977 5879.14165 6347.72663 3287.52015
89 178.00 3890.39513 9298.72696 125.67225 3405.95978
90 180.00 3463.66315 4443.83064 4619.47552 7425.71156
91 182.00 2106.37395 6977.25364 6729.85952 2556.92597
92 184.00 322.66510 8522.91678 9677.23609 6313.84063
93 186.00 5613.25736 3452.99192 2075.51202 9848.68605
94 188.00 3691.91455 2918.23043 3153.38086 6745.01370
95 190.00 295.64568 6248.62698 1667.34305 3516.26378
96 192.00 4315.30792 9958.25840 234.08344 9733.57069
97 194.00 5564.39487 4907.56877 2347.18564 9211.76281
98 196.00 1316.97389 6071.21743 8496.68191 969.79822
99 198.00 2183.05381 9921.30906 5707.45016 1786.22438
