3
50.0
30.0
1000.0
594.95
0.6
100
0 0.00 1175.16407 4822.40935 1303.28841 6034.74651
1 2.00 8275.21779 8969.68953 7748.70423 6492.31735
2 4.00 5220.44230 3703.77450 434.38283 5298.16519
3 6.00 2294.86256 8023.00196 7895.55585 3812.36496
4 8.00 5890.48086 7413.94042 7615.39227 6967.07603
5 10.00 977.16908 1338.83106 4771.41237 2325.12891
6 12.00 8590.53247 2832.66668 8767.66313 4086.46705
7 14.00 1890.21014 7091.48837 7894.22482 5779.87146
8 16.00 1178.28604 71.94052 6545.46121 6877.66737
9 18.00 3159.01715 3622.69790 1547.78581 6515.75935
10 20.00 2536.32726 8549.76926 4235.61547 3656.44094
11 22.00 2755.60543 6806.05705 7549.71901 4132.28158
12 24.00 7837.88417 4824.67757 3702.12969 5549.11356
13 26.00 2537.77645 3066.53087 3443.56304 7054.94608
14 28.00 7357.82431 8549.98923 6592.82849 7478.14195
15 30.00 4465.94877 6993.11442 1617.95118 2144.58142
16 32.00 4005.60906 3384.37846 5505.76215 6970.57409
17 34.00 7067.89934 1607.38009 9645.70251 52.90633
18 36.00 910.88584 1453.28436 9258.61788 4353.77435
19 38.00 640.80456 2217.70245 800.39737 377.55338
20 40.00 3843.26010 9844.48101 6139.65591 5210.05543
21 42.00 7116.05832 5974.72564 9457.15858 8202.28734
22 44.00 6402.91315 4389.72049 2017.07243 6568.84223
23 46.00 8039.09909 2860.06512 336.09351 5995.14913
24 48.00 5158.13632 2316.70973 1694.82892 360.61133
25 50.00 2392.56625 2.87272 1574.44761 9968.17144
26 52.00 7796.72879 3531.27663 3951.43117 5860.80165
27 54.00 5177.42701 7369.25540 686.17172 901.65858
28 56.00 2844.93787 8297.64802 9150.08974 3480.95248
29 58.00 9632.87665 2765.07849 6063.63408 1945.25193
30 60.00 9297.13841 5749.06722 2611.07506 4071.34626
31 62.00 1064.64956 723.85971 2942.51824 9470.15465
32 64.00 8029.42243 9567.09350 8761.13046 8131.47350
33 66.00 5748.93879 6941.91861 9660.55456 5631.68604
34 68.00 7699.67193 7574.73285 9612.38725 4588.48429
35 70.00 4607.20441 5868.26517 273.50698 1162.68301
36 72.00 675.54261 6336.61798 9941.98033 6769.12976
37 74.00 2299.30139 3157.30694 9554.45687 5165.04217
38 76.00 97.23192 8321.77045 2482.57609 930.09430
39 78.00 6736.97917 8210.74689 760.28821 9313.96240
40 80.00 4765.55454 3535.37926 8943.16253 2690.75782
41 82.00 9471.18109 6831.07309 9099.27459 4989.99340
42 84.00 1996.66539 7354.29065 8727.42498 2067.78632
43 86.00 2027.66559 2496.95434 6185.96899 1559.95568
44 88.00 1066.89290 9201.88130 6758.12125 6634.24078
45 90.00 6138.26975 7642.44213 5414.73955 422.63127
46 92.00 4822.92081 6206.67475 4923.40378 9853.61329
47 94.00 8969.99773 8687.68836 4908.05352 9843.94683
48 96.00 9160.06830 2802.66623 2220.92783 5766.65186
49 98.00 541.48171 7992.69918 4783.20077 5407.67946
50 100.00 5024.75212 3937.16923 6863.38647 1748.00362
51 102.00 9765.07195 6982.44568 4600.70590 6892.10549
52 104.00 118.19979 2107.52386 5810.08219 3254.36200
53 106.00 6127.78096 2597.00769 5485.63400 2371.39153
54 108.00 4713.45365 6130.84043 3659.24151 4987.70017
55 110.00 2105.32482 7007.12627 3723.09628 8543.26087
56 112.00 2796.29532 1798.89229 1311.39166 5758.92729
57 114.00 2285.66749 998.69741 2699.49107 2358.05173
58 116.00 4322.18752 3808.83382 1458.43735 9591.47921
59 118.00 1495.48057 8056.68362 1766.07277 4995.97826
60 120.00 9955.61770 8493.89915 5170.06975 7205.60330
61 122.00 7853.32937 3000.34182 5621.38452 5678.34519
62 124.00 3984.01902 6905.43176 600.36378 8138.18069
63 126.00 4765.39424 6298.62212 4498.54819 3346.56539
64 128.00 3609.62021 5603.50035 9318.44576 2577.14825
65 130.00 198.35334 1212.37489 8673.68584 9631.16561
66 132.00 1989.58111 5758.94457 6491.30952 1745.38836
67 134.00 7803.09098 3551.09038 6731.92840 4874.93744
68 136.00 7365.26165 8896.32449 3810.70998 2865.23577
69 138.00 6317.12190 1448.48338 1675.75535 8077.17144
70 140.00 3373.88310 6312.73408 5716.37574 8489.00772
71 142.00 713.44078 1619.99489 2282.17939 3168.78242
72 144.00 2913.56353 2674.72391 6446.44293 2712.48101
73 146.00 4448.98388 8628.06484 3631.64840 5869.19774
74 148.00 9655.26033 4139.89061 1838.86199 231.01092
75 150.00 7277.72416 6620.22548 9404.37337 7006.96928
76 152.00 800.64738 1669.10465 1030.09314 637.92400
77 154.00 8786.90976 5484.33744 263.64913 3970.12521
78 156.00 7649.96372 832.51201 2624.52264 1552.74362
79 158.00 6548.32676 8854.71317 3093.70654 2473.96519
80 160.00 2841.75280 6264.80685 1312.77111 8385.17779
81 162.00 285.71293 6635.49135 8603.68817 3252.01317
82 164.00 4761.54741 9749.81545 5405.84161 2724.14428
83 166.00 4448.44932 9695.42265 6976.22877 1770.36640
84 168.00 5975.84199 6310.47523 6358.51136 5639.84487
85 170.00 5234.59804 6395.28249 3096.61328 3471.68300
86 172.00 5396.68122 8047.07766 4418.60306 3657.83322
87 174.00 2598.07044 3035.72916 0.92346 8153.79789
88 176.00 8479.46488 3438.84917 4691.97955 83.17111
89 178.00 9220.88396 9469.57512 4770.67070 91.32600
90 180.00 4304.35313 2929.22613 2312.15394 72.17985
91 182.00 3736.43877 4117.35869 5605.54359 3947.52080
92 184.00 1632.69495 7371.17854 3897.23270 3783.58060
93 186.00 2629.80275 4222.39383 2395.61815 7645.38294
94 188.00 9099.54403 8075.74940 6846.40290 2846.76855
95 190.00 7429.26892 8088.08649 4129.03877 8534.82023
96 192.00 1824.07179 2895.95299 6368.92710 6177.29414
97 194.00 2721.34130 6227.53780 1877.89443 193.95397
98 196.00 496.32072 5349.70753 1859.37598 1022.73489
99 198.00 2691.95133 7151.95942 7271.07070 2328.10498
