3
50.0
30.0
1000.0
2178.79
0.6
100
0 0.00 1629.55000 5599.90008 3280.98356 7211.19500
1 2.00 7875.47464 50.56866 889.59407 5201.70649
2 4.00 9453.19868 8168.27085 1827.68219 6888.47305
3 6.00 7170.76759 2403.70475 1362.49721 4196.85297
4 8.00 3894.86074 9339.60390 9241.95982 7948.41303
5 10.00 3731.41624 4814.70325 589.17454 3514.32271
6 12.00 5624.58267 6980.14950 9487.91370 914.66823
7 14.00 5743.60947 9747.24568 6104.18410 8438.40506
8 16.00 8859.08580 1092.07302 8162.81614 861.73648
9 18.00 1859.29778 808.70828 8801.11941 7438.68175
10 20.00 2274.12767 8169.40463 7939.45092 532.40112
11 22.00 5695.11877 1996.09571 328.28044 708.80173
12 24.00 4301.87967 3139.10102 147.05837 9569.81104
13 26.00 2564.25685 7006.61062 9879.74261 866.23705
14 28.00 5041.80011 7852.07587 5617.74378 3272.28805
15 30.00 2930.35568 8107.28167 1408.49246 5674.86976
16 32.00 4683.25216 5930.98078 5730.84349 8652.04512
17 34.00 4121.25016 1315.05062 2570.90839 9565.49886
18 36.00 7659.91107 4134.19603 7327.02457 9593.36166
19 38.00 7930.31534 5146.70401 1412.50677 4741.34924
20 40.00 8047.73482 8109.36790 826.42460 9016.96531
21 42.00 7253.52859 707.23236 2578.16928 454.03936
22 44.00 3517.95009 5614.80341 6107.73872 2217.79039
23 46.00 1831.75885 4682.72067 2967.69919 9708.20203
24 48.00 7836.71556 7283.72033 4378.50395 5240.17913
25 50.00 8813.08949 2419.56579 8713.57113 1513.83932
26 52.00 5299.39682 4056.31571 2730.08495 5456.70021
27 54.00 389.17793 4292.66926 1937.56138 5479.53689
28 56.00 9897.26437 9964.55872 8909.95751 9309.48939
29 58.00 5033.79823 5471.62468 9676.73005 3179.19491
30 60.00 2278.51505 9211.37340 7977.93626 6306.21977
31 62.00 8498.09656 4058.92193 1378.99746 474.32842
32 64.00 3339.92497 4455.16078 4443.33501 2767.00219
33 66.00 501.20953 3601.06084 6198.74629 3524.39218
34 68.00 3642.22079 3970.65894 2059.89983 1827.72262
35 70.00 8246.51949 5940.66620 5408.42153 3333.06498
36 72.00 7656.59774 1071.40132 4933.84508 6998.37173
37 74.00 7306.19870 6660.82412 6000.88411 8894.83215
38 76.00 997.29873 833.34662 1001.17061 7789.09180
39 78.00 9414.03787 947.54723 9862.80215 190.96607
40 80.00 3285.33961 2949.31939 9424.29479 6819.77163
41 82.00 539.83410 7026.97189 1681.90089 237.93007
42 84.00 7170.86759 3709.49037 2338.07842 8175.72638
43 86.00 9321.67532 6986.32597 831.57828 1771.26482
44 88.00 6.50033 826.93001 1352.33165 4377.37382
45 90.00 3137.47010 7938.86251 5658.90307 8719.22940
46 92.00 595.21034 1579.08677 4176.80761 8124.56024
47 94.00 9189.72858 789.39910 1109.93798 2145.98781
48 96.00 7194.74256 1830.92780 8785.07788 9666.12412
49 98.00 6546.76361 6863.93608 2596.29670 6337.16515
50 100.00 6176.35208 319.90621 2825.19549 9558.61642
51 102.00 4923.12693 7649.84969 7041.84474 8445.24809
52 104.00 4636.95590 5507.44534 9307.50328 7082.96990
53 106.00 5898.87192 3661.57477 280.50333 2305.99617
54 108.00 7509.96112 657.62855 97.22747 3926.70417
55 110.00 9573.92623 6220.40698 9698.34725 7728.61352
56 112.00 122.04820 6900.29374 5789.78212 30.04195
57 114.00 3482.09807 9376.87680 8782.86877 4284.08243
58 116.00 5064.82285 6987.29694 7603.17082 644.09465
59 118.00 5427.61067 6268.60996 9098.57281 9554.11756
60 120.00 9904.85651 3368.10737 6153.73623 8919.06889
61 122.00 9598.44355 3591.74172 7599.65194 2436.30982
62 124.00 3737.99821 5670.82206 1465.07927 3613.45987
63 126.00 706.61679 593.24879 9637.54106 5693.94484
64 128.00 5776.09032 6441.25320 3977.83462 4284.73167
65 130.00 9140.07171 8242.47804 587.89813 5467.35319
66 132.00 7171.28824 4775.00649 440.88831 6954.51847
67 134.00 2416.35911 4789.81983 2670.55882 6802.18079
68 136.00 7166.56446 9564.16653 6622.12358 5702.75998
69 138.00 2889.76031 5810.53165 9631.80154 3749.68639
70 140.00 2250.28299 27.79084 4907.76512 3769.76950
71 142.00 8480.66247 1571.75536 3280.91733 2179.66208
72 144.00 6328.83104 8284.42268 728.78536 2125.16568
73 146.00 3794.82942 2551.03872 8988.43947 1836.44893
74 148.00 1057.67864 5372.38913 1837.70251 611.48305
75 150.00 1867.70161 9470.24953 7024.56450 1494.51630
76 152.00 7892.76825 3077.15269 8560.11466 697.44006
77 154.00 7372.28772 319.48295 398.33819 8950.30215
78 156.00 4217.54843 6767.66895 3561.69494 56.18599
79 158.00 7643.05427 5410.13863 9135.24497 5104.36745
80 160.00 2429.75719 1514.66808 9028.52916 883.86248
81 162.00 3925.82077 2199.44051 1360.81082 9275.18390
82 164.00 2815.89887 6783.38284 9576.87773 9235.29617
83 166.00 4565.38546 7542.37092 9960.22497 5564.83550
84 168.00 9820.21559 4511.47611 8572.09865 8607.03753
85 170.00 877.26840 5934.19088 5935.96695 4234.97731
86 172.00 1674.87095 464.26209 9532.51256 2402.69388
87 174.00 6710.36465 8823.05325 7973.39507 8847.44292
88 176.00 1414.65302 3700.43996 5206.60752 777.37683
89 178.00 4619.43745 4633.67297 246.64109 5958.37736
90 180.00 10.97373 4449.17665 908.34109 3442.52250
91 182.00 1621.02641 7136.94258 5507.30765 1809.32546
92 184.00 4314.49083 9574.35214 989.74657 7952.61693
93 186.00 7255.57153 1709.16789 3525.71643 9103.85769
94 188.00 7856.76346 5222.53972 9098.60823 7227.89399
95 190.00 6863.95454 5655.43392 4337.34850 7728.02555
96 192.00 5031.32890 2114.36000 3714.28380 5502.38077
97 194.00 815.53032 5885.41261 3129.47352 7496.24658
98 196.00 6902.67384 4704.45180 7039.77709 941.96375
99 198.00 5560.12970 444.57068 503.43929 9924.15292
